2413.17651367
2414.46850586
2417.07592773
2416.69482422
2415.40209961
2413.10839844
2411.82055664
2410.64892578
2409.94433594
2409.7565918
2409.39819336
2408.16137695
2407.41064453
2406.36645508
2405.47070312
2404.85693359
2404.29125977
2403.51025391
2399.60131836
2403.95751953
2405.50390625
2406.28881836
2406.19238281
2405.33886719
2404.15112305
2403.57641602
2404.00634766
2404.54492188
2400.52807617
2398.22363281
2401.73730469
2403.46557617
2404.06738281
2404.44116211
2404.62109375
2404.69677734
2404.09008789
2403.3840332
2402.45385742
2402.45556641
2402.28662109
2402.29370117
2403.07788086
2403.15478516
2402.10449219
2400.89086914
2399.29418945
2398.49633789
2398.21533203
2397.76977539
2397.47485352
2397.20874023
2396.20727539
2395.484375
2395.24975586
2392.02783203
2394.54321289
2396.58666992
2398.23046875
2398.1262207
2396.72998047
2395.3425293
2394.82836914
2394.17504883
2393.20629883
2392.80566406
2391.66577148
2390.59082031
2390.13842773
2387.46337891
2385.10986328
2384.98144531
2380.04589844
2381.0546875
2383.06738281
2384.1472168
2384.57739258
2384.59130859
2384.02929688
2381.87841797
2379.88647461
2379.0534668
2382.87866211
2384.07128906
2384.39306641
2382.92675781
2379.88793945
2379.85009766
2380.7355957
2380.69238281
2381.00244141
2380.98803711
2380.42724609
2380.20483398
2380.46582031
2379.53295898
2378.54077148
2374.90625
2378.21484375
2378.40722656
2377.29785156
2376.54248047
2374.35424805
2372.66113281
2375.21972656
2376.64404297
2377.31298828
2377.23217773
2377.6784668
2377.81298828
2377.72338867
2377.86914062
2378.02709961
2377.67871094
2376.69946289
2375.55688477
2373.83496094
2372.41113281
2371.35839844
2370.02148438
2368.81030273
2368.30737305
2367.69384766
2366.59057617
2366.53588867
2366.85375977
2366.15771484
2364.58032227
2362.88232422
2361.50292969
2360.40698242
2357.91235352
2356.65405273
2355.45483398
2355.33251953
2355.31005859
2355.88964844
2356.93530273
2358.4465332
2359.73803711
2360.61206055
2361.20458984
2364.34741211
2365.93945312
2365.45117188
2366.04541016
2367.26147461
2369.04663086
2369.5925293
2369.11083984
2367.87695312
2366.6730957
2366.54345703
2366.47875977
2364.69897461
2366.60253906
2366.70556641
2367.00952148
2367.89526367
2368.05517578
2367.91259766
2367.84399414
2367.32373047
2366.75024414
2368.86450195
2370.54150391
2372.97070312
2374.15966797
2376.04711914
2377.39038086
2378.61572266
2379.90307617
2380.80395508
2381.09814453
2381.42382812
2383.48071289
2384.95727539
2385.5612793
2385.65429688
2386.18164062
2387.12841797
2387.46826172
2388.03344727
2388.88208008
2389.58740234
2391.03466797
2391.59155273
2391.72143555
2391.73193359
2392.06469727
2392.73876953
2393.46020508
2393.90673828
2394.11645508
2394.2746582
2394.54956055
2395.03564453
2395.85766602
2397.25830078
2397.95092773
2398.20629883
2398.22607422
2398.50244141
2399.39892578
2400.1184082
2400.43847656
2400.78540039
2401.69702148
2403.29541016
2404.08129883
2404.48266602
2405.30786133
2406.06689453
2406.63549805
2407.21166992
2407.44262695
2406.9387207
2406.02319336
2405.81420898
2406.35791016
2406.91723633
2407.53686523
2408.02734375
2408.34765625
2408.63842773
2409.0402832
2409.70068359
2410.24804688
2410.2109375
2410.09106445
2409.86889648
2409.13330078
2404.33447266
2403.59472656
2405.04516602
2404.58081055
2401.93896484
2399.88525391
2399.37817383
2397.94726562
2396.47973633
2392.22070312
2392.33129883
2392.12548828
2390.91479492
2385.74780273
2385.4465332
2386.5847168
2386.41162109
2385.32202148
2372.84741211
2371.27661133
2370.39550781
2368.72851562
2367.34570312
2365.75708008
2364.66357422
2363.23291016
2361.58886719
2360.78515625
2360.53759766
2360.49902344
2360.10546875
2358.42651367
2357.84594727
2357.46826172
2357.31860352
2357.46069336
2357.38354492
2357.33740234
2356.4777832
2355.70605469
2355.48632812
2355.18188477
2355.12939453
2355.0949707
2354.72338867
2354.51074219
2354.03027344
2352.13427734
2351.09448242
2350.22412109
2349.42138672
2348.96484375
2348.80883789
2348.74609375
2348.76708984
2348.77978516
2348.85668945
2349.21850586
2350.98754883
2350.64477539
2350.09619141
2348.71679688
2348.51879883
2348.48779297
2348.39550781
2348.38427734
2348.79541016
2349.15966797
2350.38525391
2350.73779297
2349.77539062
2349.79907227
2349.79931641
2348.81884766
2345.69799805
2345.07543945
2345.21679688
2345.36987305
2344.75976562
2343.98242188
2343.65209961
2343.39404297
2342.99389648
2342.00390625
2339.89282227
2338.43701172
2337.5456543
2336.80224609
2337.53369141
2336.21362305
2335.27807617
2335.13842773
2333.25073242
2332.49853516
2332.44677734
2331.41503906
2331.00415039
2330.44287109
2329.66552734
2328.46386719
2327.75683594
2326.95263672
2326.79833984
2327.65551758
2328.23535156
2327.9519043
2326.2734375
2325.00683594
2324.11791992
2323.42773438
2323.21337891
2322.63818359
2322.71948242
2322.66430664
2322.37280273
2322.25366211
2322.80908203
2325.25512695
2326.37207031
2327.1262207
2328.53979492
2327.3371582
2325.39086914
2324.30688477
2323.94335938
2323.92456055
2323.66064453
2323.68530273
2326.55517578
2328.07202148
2326.02270508
2325.84521484
2324.33544922
2322.48779297
2321.33862305
2319.36254883
2317.06884766
2316.54638672
2315.09667969
2313.30957031
2311.27636719
2310.67285156
2310.61547852
2310.25805664
2310.17041016
2310.47070312
2308.37304688
2305.69580078
2305.43408203
2305.14208984
2304.66967773
2304.82885742
2306.06567383
2306.67163086
2305.78027344
2305.03686523
2305.17773438
2303.96264648
2303.46435547
2300.59545898
2299.58251953
2298.93554688
2299.20922852
2299.35473633
2299.75805664
2299.59643555
2299.66992188
2299.09912109
2298.76708984
2299.20019531
2299.23828125
2298.00268555
2294.09936523
2292.16699219
2291.2722168
2290.92626953
2290.94726562
2290.52099609
2289.9543457
2289.66333008
2289.50683594
2290.58496094
2290.453125
2289.97729492
2289.13476562
2288.18969727
2287.99853516
2287.890625
2287.8737793
2287.74731445
2287.39526367
2286.74804688
2286.44555664
2285.91381836
2284.94335938
2283.13720703
2281.20751953
2279.99804688
2279.1784668
2278.83935547
2278.71533203
2278.50146484
2278.28930664
2278.0949707
2277.88916016
2277.86743164
2277.73583984
2277.73608398
2277.48852539
2277.10473633
2276.76635742
2277.28393555
2277.74536133
2277.58105469
2276.33984375
2275.10595703
2274.32714844
2274.02563477
2273.81835938
2273.52905273
2273.15917969
2272.71948242
2272.31079102
2271.59350586
2270.22949219
2269.1340332
2268.81396484
2266.87084961
2266.18457031
2265.75488281
2265.51806641
2265.61083984
2265.46069336
2264.99804688
2263.74194336
2261.14355469
2259.89599609
2262.51733398
2266.79907227
2269.53662109
2271.48486328
2274.87573242
2278.14208984
2279.93774414
2280.94140625
2281.62646484
2283.88525391
2284.87475586
2285.36181641
2285.46533203
2285.21142578
2284.86376953
2285.11206055
2285.62597656
2285.43310547
2283.31347656
2279.71557617
2281.51049805
2282.72192383
2283.95581055
2285.18603516
2286.25610352
2287.15063477
2287.91821289
2288.70068359
2289.50317383
2289.92285156
2290.62060547
2290.30151367
2288.98779297
2286.52416992
2284.29931641
2282.58959961
2280.05175781
2282.95166016
2284.80249023
2286.58691406
2288.21459961
2288.98632812
2288.67260742
2286.92456055
2284.65771484
2282.75390625
2281.47241211
2279.62646484
2277.1940918
2275.80102539
2276.41894531
2277.09790039
2278.24853516
2280.21264648
2281.94458008
2282.54541016
2281.38989258
2280.00195312
2278.87768555
2278.30566406
2278.16796875
2278.4921875
2278.859375
2279.34741211
2280.63598633
2281.56787109
2282.37915039
2283.40234375
2284.3515625
2285.10424805
2285.82397461
2286.6003418
2287.40625
2288.31103516
2289.25463867
2290.22436523
2290.96264648
2291.55566406
2291.59594727
2291.3112793
2290.50830078
2288.95019531
2286.63549805
2284.37866211
2282.3190918
2280.63256836
2279.48901367
2278.12255859
2276.48876953
2274.44824219
2272.08349609
2270.08642578
2268.52099609
2267.54785156
2266.55639648
2265.45776367
2264.2019043
2261.49536133
2259.01220703
2256.29833984
2255.07983398
2252.49536133
2248.44384766
2245.5612793
2245.05834961
2243.02661133
2237.9777832
2235.4621582
2234.85791016
2233.91577148
2233.33325195
2234.3659668
2235.41552734
2236.25439453
2236.69067383
2236.80200195
2236.76464844
2236.53515625
2236.125
2235.6628418
2235.10888672
2234.66503906
2234.09545898
2233.67358398
2234.34057617
2235.53417969
2236.66455078
2237.63134766
2238.39941406
2238.97558594
2239.1472168
2238.84082031
2237.12768555
2234.8215332
2233.18603516
2231.90454102
2226.47900391
2222.71020508
2221.61767578
2221.60620117
2221.42163086
2220.95678711
2222.39257812
2225.0012207
2228.48657227
2231.16137695
2232.20166016
2232.375
2232.05395508
2231.078125
2227.875
2222.85961914
2217.99804688
2213.65307617
2213.53710938
2217.84594727
2219.22827148
2220.81152344
2221.68017578
2222.68603516
2224.20996094
2226.24609375
2227.11865234
2226.83447266
2226.10791016
2225.27319336
2224.42553711
2223.78076172
2223.24243164
2222.81298828
2222.65332031
2222.90966797
2223.828125
2224.37597656
2224.23046875
2223.29077148
2221.39331055
2220.23242188
2219.66235352
2218.53100586
2217.20849609
2215.65966797
2214.00683594
2212.37280273
2210.84301758
2209.20288086
2208.20898438
2208.5065918
2209.46386719
2210.07958984
2210.50610352
2210.62353516
2210.16918945
2209.03808594
2208.13964844
2208.03466797
2207.91748047
2207.3972168
2207.0402832
2206.70898438
2206.4140625
2206.015625
2205.38989258
2204.88891602
2204.56713867
2203.90356445
2202.49560547
2200.38549805
2198.63818359
2197.43359375
2194.72875977
2193.12963867
2191.27514648
2189.19677734
2187.62963867
2187.35351562
2185.42382812
2183.84985352
2179.65429688
2176.40112305
2172.37939453
2170.72265625
2169.71386719
2170.2878418
2168.703125
2167.19824219
2164.82324219
2162.02490234
2160.45385742
2156.63500977
2153.60229492
2152.7590332
2152.79956055
2152.04882812
2150.13427734
2148.0703125
2145.39379883
2144.93896484
2146.22949219
2145.69458008
2143.91235352
2141.72436523
2138.12304688
2135.30224609
2133.58666992
2132.63305664
2132.57373047
2132.65869141
2132.35083008
2132.14550781
2131.21142578
2130.37939453
2127.82324219
2126.98095703
2126.81030273
2123.01708984
2120.0871582
2116.75634766
2116.39038086
2118.53051758
2116.3347168
2114.35839844
2113.76855469
2112.82763672
2112.21679688
2110.80297852
2110.57666016
2110.76782227
2112.15332031
2115.97973633
2115.2487793
2114.38256836
2120.40087891
2120.40771484
2119.24560547
2113.98828125
2112.41552734
2110.62573242
2108.85766602
2108.50195312
2109.24414062
2108.33349609
2106.18139648
2104.44042969
2102.39526367
2100.63696289
2099.37768555
2097.68579102
2099.27539062
2101.45166016
2102.5534668
2102.54882812
2102.08105469
2101.4777832
2100.87963867
2100.55053711
2100.39526367
2100.26342773
2100.22192383
2099.70947266
2099.48291016
2099.18115234
2098.28149414
2098.62817383
2099.29614258
2098.34082031
2097.55810547
2096.69946289
2096.23388672
2096.49267578
2097.12792969
2097.40039062
2097.32055664
2097.00292969
2096.64599609
2096.79663086
2096.06396484
2094.67431641
2092.94287109
2090.20458984
2087.58081055
2087.34619141
2086.66235352
2086.10693359
2084.99853516
2084.54443359
2084.42822266
2084.68530273
2084.26025391
2082.90893555
2082.48852539
2081.671875
2078.74755859
2077.0065918
2078.4074707
2079.68041992
2079.92480469
2078.03979492
2076.71875
2075.00585938
2073.73681641
2072.74023438
2072.65087891
2072.65185547
2072.34375
2072.69628906
2072.3059082
2070.98754883
2070.02514648
2068.8449707
2067.15966797
2068.19750977
2069.13696289
2069.89282227
2070.20239258
2069.20654297
2068.04150391
2068.24926758
2066.35742188
2064.66918945
2064.18310547
2065.44482422
2066.55322266
2067.57324219
2067.32397461
2067.10961914
2066.46704102
2064.61987305
2062.61914062
2063.95678711
2063.37573242
2061.69506836
2060.90576172
2060.70410156
2060.29321289
2060.5637207
2060.65649414
2060.45678711
2059.57617188
2058.9543457
2057.8359375
2057.28344727
2057.08325195
2057.8515625
2058.72900391
2059.65087891
2060.02734375
2060.13476562
2060.02954102
2057.48730469
2058.44384766
2059.48754883
2057.22631836
2056.81152344
2054.47290039
2051.93237305
2050.14013672
2047.64331055
2048.44140625
2049.31665039
2049.32080078
2047.9342041
2046.44677734
2045.46960449
2044.96533203
2045.09777832
2045.2076416
2044.69018555
2043.32373047
2041.79223633
2040.36413574
2038.90063477
2039.39477539
2039.71923828
2038.76159668
2036.80078125
2036.6114502
2036.38952637
2036.62304688
2036.72265625
2036.56750488
2035.01428223
2035.40197754
2035.96972656
2033.41601562
2032.15966797
2031.44055176
2030.39379883
2027.96362305
2026.25891113
2023.12133789
2021.94445801
2022.07116699
2021.61450195
2019.87268066
2017.07751465
2015.88012695
2012.21569824
2010.31262207
2007.94152832
2005.64807129
2008.25390625
2010.19482422
2010.75830078
2010.99841309
2011.56506348
2011.87573242
2011.98095703
2012.08178711
2011.87780762
2011.5234375
2011.18359375
2010.70251465
2009.90026855
2008.01928711
2003.22631836
2000.38122559
1999.94177246
1997.2755127
1995.28283691
1993.90307617
1992.50036621
1992.40710449
1992.39477539
1989.73486328
1985.75183105
1984.38354492
1983.12841797
1982.31628418
1981.01708984
1979.58178711
1975.53186035
1973.68505859
1972.17980957
1971.28405762
1969.9152832
1969.18469238
1968.30383301
1963.31726074
1961.98376465
1960.30529785
1958.2635498
1956.32861328
1954.11376953
1951.32983398
1950.93493652
1949.67687988
1947.93273926
1945.8614502
1943.71044922
1941.63549805
1939.05786133
1937.27734375
1937.61938477
1937.67272949
1936.69372559
1935.4666748
1934.33093262
1932.99523926
1931.44519043
1930.3371582
1928.99755859
1926.25512695
1924.42785645
1922.66796875
1921.13085938
1919.65551758
1917.7154541
1916.20019531
1917.28063965
1917.8092041
1916.25720215
1914.40319824
1914.37475586
1913.90795898
1912.70068359
1911.88574219
1910.00964355
1908.23754883
1907.25415039
1906.99694824
1907.3684082
1907.19836426
1901.49572754
1900.45166016
1899.39685059
1899.13879395
1897.98059082
1896.37915039
1895.96557617
1895.31787109
1891.35864258
1889.68652344
1888.51196289
1887.91223145
1888.05529785
1886.61999512
1883.27233887
1881.67089844
1882.83435059
1885.44616699
1886.1171875
1886.39807129
1886.29943848
1886.11291504
1885.7677002
1885.51782227
1885.46899414
1885.34387207
1885.14404297
1884.85546875
1884.44555664
1883.97705078
1883.64770508
1883.61791992
1883.60058594
1883.86938477
1884.41784668
1885.12731934
1886.00158691
1887.11889648
1887.84985352
1887.57592773
1887.25939941
1886.88464355
1886.35681152
1885.66137695
1885.42651367
1886.12207031
1886.51293945
1886.24084473
1885.35693359
1886.29382324
1886.00732422
1885.07385254
1885.04553223
1886.96374512
1888.53308105
1889.44543457
1892.28149414
1893.72058105
1894.09631348
1894.40637207
1894.9407959
1895.44970703
1896.30310059
1897.31311035
1898.19067383
1898.91088867
1899.44714355
1899.81445312
1900.00170898
1900.10778809
1900.27514648
1900.51293945
1900.8392334
1901.11401367
1901.10595703
1900.86584473
1900.65063477
1900.74267578
1901.19262695
1901.84082031
1902.27734375
1902.62878418
1903.17712402
1905.02612305
1906.4609375
1907.84606934
1909.39001465
1910.66162109
1911.40637207
1911.6965332
1911.96191406
1912.1394043
1912.23254395
1912.31359863
1912.41296387
1912.69177246
1913.1262207
1913.68005371
1914.17224121
1914.51159668
1914.07226562
1912.54626465
1912.14074707
1911.89550781
1911.65393066
1911.36193848
1911.02062988
1910.59472656
1910.10168457
1909.56433105
1909.06274414
1908.41894531
1907.60766602
1906.86645508
1906.34313965
1906.42468262
1906.28259277
1905.6998291
1905.4666748
1906.20214844
1907.25866699
1907.8548584
1908.12902832
1908.1685791
1907.85595703
1907.77270508
1907.53527832
1907.04211426
1906.74987793
1906.8026123
1906.76306152
1906.42248535
1905.63305664
1905.09692383
1904.80834961
1904.6595459
1904.55603027
1904.59655762
1904.66931152
1904.75793457
1904.86462402
1904.98376465
1905.14343262
1905.46520996
1905.7208252
1905.92089844
1906.31005859
1906.67578125
1906.80712891
1906.80383301
1906.89855957
1907.0213623
1907.29626465
1907.55761719
1907.60266113
1902.40185547
1902.21130371
1902.21228027
1902.43640137
1902.49279785
1902.5045166
1904.23474121
1905.6151123
1905.55383301
1905.68981934
1906.34875488
1907.71948242
1907.80505371
1906.27087402
1905.71850586
1906.79541016
1905.64440918
1905.484375
1904.93701172
1904.60510254
1904.2253418
1904.09130859
1903.79150391
1903.85009766
1903.97436523
1903.79577637
1903.94873047
1903.72570801
1904.02844238
1904.11938477
1903.98132324
1903.96154785
1903.8840332
1903.578125
1903.47143555
1903.60900879
1903.80773926
1904.24597168
1904.33557129
1904.74914551
1904.77783203
1905.21630859
1905.04418945
1905.14208984
1905.11169434
1905.39489746
1905.71435547
1905.85656738
1905.71936035
1905.42041016
1905.40039062
1905.90759277
1906.796875
1907.77148438
1908.4675293
1908.86120605
1909.13537598
1909.26513672
1909.29089355
1909.3458252
1909.46606445
1909.57470703
1909.68383789
1909.83935547
1910.07788086
1910.57470703
1911.21826172
1909.8848877
1911.35400391
1911.59143066
1911.46887207
1910.33569336
1910.21594238
1909.95715332
1909.69042969
1909.61706543
1909.59729004
1909.61694336
1909.82849121
1912.07495117
1912.66442871
1915.49987793
1915.76147461
1914.01806641
1913.79846191
1913.77990723
1913.77905273
1913.7409668
1913.50732422
1913.1081543
1912.87341309
1912.69763184
1912.54211426
1912.38977051
1911.89941406
1911.94006348
1911.94921875
1911.94799805
1911.99523926
1912.06506348
1911.92822266
1911.97241211
1911.95507812
1913.59240723
1914.06030273
1912.72595215
1912.41210938
1912.41564941
1913.46276855
1913.89160156
1912.7857666
1912.4107666
1912.66723633
1913.70739746
1912.52233887
1912.34973145
1912.08007812
1912.52697754
1917.93273926
1920.56848145
1921.43103027
1921.89624023
1922.1887207
1922.2401123
1922.07312012
1921.90734863
1921.94836426
1921.75720215
1921.86657715
1922.02148438
1921.97216797
1921.99780273
1922.10205078
1922.35083008
1922.34436035
1922.45507812
1922.37243652
1922.16223145
1921.84973145
1921.67041016
1921.51477051
1921.57751465
1921.89282227
1922.27697754
1922.54260254
1922.07189941
1922.10571289
1922.02954102
1924.12683105
1922.85839844
1923.1048584
1924.54858398
1925.16125488
1926.8416748
1929.99719238
1928.94799805
1929.18115234
1928.56738281
1926.54101562
1924.71252441
1923.10559082
1924.18127441
1925.72265625
1925.95996094
1925.40686035
1925.45849609
1925.84106445
1925.88415527
1925.74145508
1925.70910645
1925.68896484
1926.02954102
1926.8137207
1929.13928223
1931.12255859
1931.73083496
1932.0246582
1932.25598145
1932.35388184
1932.38659668
1932.44189453
1932.32104492
1932.06164551
1931.86901855
1931.77966309
1931.82629395
1932.15112305
1932.5357666
1932.9230957
1933.02185059
1932.78796387
1932.42028809
1932.10351562
1931.97705078
1931.8885498
1931.81958008
1931.72351074
1931.63952637
1931.62597656
1931.61010742
1931.69165039
1931.90380859
1932.17797852
1932.49487305
1932.73364258
1932.85327148
1932.76953125
1932.34619141
1931.79736328
1932.26794434
1934.33459473
1937.01452637
1939.48339844
1938.24755859
1935.39624023
1934.49890137
1935.51086426
1936.03479004
1936.85205078
1936.13208008
1935.0592041
1934.58642578
1934.51818848
1933.94836426
1933.07543945
1932.40258789
1931.86938477
1932.11437988
1932.84619141
1933.27929688
1933.03405762
1933.48303223
1933.50390625
1933.04748535
1932.59484863
1932.50549316
1932.3770752
1934.16577148
1934.37573242
1933.79992676
1933.93566895
1934.28088379
1933.73449707
1934.15917969
1934.63549805
1934.7545166
1934.60583496
1934.93286133
1936.32275391
1936.8248291
1937.74487305
1938.15991211
1939.25622559
1939.95874023
1942.86694336
1943.30310059
1945.1652832
1942.46313477
1941.11376953
1940.53649902
1938.36352539
1939.61010742
1938.44702148
1938.09655762
1937.70910645
1937.49108887
1937.49060059
1937.80322266
1938.04650879
1938.14489746
1938.18322754
1938.25256348
1938.26879883
1938.27954102
1938.26330566
1938.16674805
1937.98925781
1937.76086426
1936.84729004
1935.73962402
1934.86608887
1935.42150879
1935.79211426
1935.98266602
1936.06921387
1936.27612305
1936.66772461
1936.85766602
1937.61779785
1938.15161133
1938.24926758
1938.66320801
1938.92980957
1939.03564453
1941.35986328
1943.40844727
1944.23510742
1945.81469727
1946.86804199
1947.42932129
1947.64465332
1947.67687988
1948.28442383
1948.77355957
1948.28710938
1946.97460938
1945.37524414
1944.39038086
1944.01989746
1943.96203613
1943.92102051
1943.71972656
1943.62719727
1943.79968262
1943.95556641
1944.24206543
1944.66650391
1945.00024414
1945.96118164
1947.23046875
1948.16625977
1948.8449707
1949.32666016
1949.53820801
1949.51257324
1949.3848877
1949.16430664
1948.53088379
1948.33911133
1947.95117188
1947.37915039
1946.5958252
1945.71691895
1945.33569336
1945.42163086
1945.21069336
1945.70239258
1946.0213623
1946.16943359
1946.24206543
1946.76013184
1947.07666016
1947.08911133
1946.80432129
1946.05932617
1945.57849121
1945.57214355
1946.13952637
1945.74243164
1945.65002441
1946.61291504
1947.91418457
1953.88439941
1955.6036377
1954.92358398
1951.59887695
1953.98535156
1954.47473145
1954.32214355
1954.83703613
1954.9675293
1954.61633301
1955.10449219
1955.13745117
1954.93286133
1955.15991211
1955.71020508
1955.84204102
1955.65856934
1955.23852539
1955.49755859
1956.48400879
1956.29272461
1956.01196289
1955.57873535
1955.91796875
1957.0168457
1957.1439209
1956.85681152
1956.73400879
1956.64660645
1955.81555176
1955.53540039
1955.36364746
1955.86621094
1956.40332031
1956.68896484
1955.85290527
1955.22668457
1955.35546875
1956.49621582
1956.79797363
1957.74182129
1957.9597168
1957.64904785
1957.34594727
1957.5723877
1958.0970459
1957.54833984
1957.77209473
1957.65942383
1957.86621094
1958.88671875
1958.85925293
1959.49328613
1959.32763672
1959.25561523
1959.43334961
1960.1340332
1960.40234375
1959.8137207
1959.47521973
1959.84423828
1960.20544434
1960.46179199
1960.04846191
1959.01708984
1960.04125977
1960.29370117
1960.83190918
1961.03491211
1961.21557617
1960.94995117
1961.70812988
1961.32702637
1961.53088379
1962.05126953
1962.39697266
1963.08972168
1963.51147461
1962.99353027
1963.17236328
1963.57202148
1968.97363281
1968.92492676
1967.13244629
1966.48071289
1966.07751465
1966.05725098
1965.93835449
1965.94995117
1965.59655762
1965.75964355
1966.11950684
1966.20153809
1966.16320801
1966.12097168
1966.0826416
1966.14990234
1966.34228516
1966.75512695
1967.18530273
1968.12866211
1969.11779785
1969.78845215
1970.31750488
1970.96655273
1972.01013184
1973.27929688
1974.35974121
1975.31848145
1975.92858887
1976.47338867
1977.26708984
1977.64587402
1977.81494141
1977.7064209
1977.32592773
1977.17590332
1977.22058105
1977.37097168
1977.43371582
1977.56738281
1977.54614258
1977.54772949
1977.76330566
1978.24365234
1978.81518555
1979.36633301
1979.85314941
1980.21374512
1980.46057129
1980.61486816
1980.71032715
1980.72998047
1980.68383789
1980.60766602
1980.52319336
1980.47875977
1980.47253418
1980.46740723
1980.38598633
1980.30395508
1980.2166748
1980.01989746
1979.80053711
1979.71105957
1979.97802734
1980.62731934
1981.51159668
1982.76123047
1983.85412598
1984.93322754
1986.03259277
1987.37536621
1989.11645508
1989.78625488
1990.22387695
1990.76428223
1991.13659668
1991.22644043
1991.0279541
1990.59069824
1989.29821777
1987.02880859
1983.49987793
1982.33618164
1981.31774902
1980.54541016
1980.23925781
1981.33203125
1983.125
1984.71533203
1986.0098877
1987.04553223
1988.5447998
1989.51843262
1990.31396484
1990.66833496
1990.77185059
1990.82568359
1991.03271484
1991.30249023
1991.57836914
1991.83325195
1992.00354004
1992.05529785
1992.25305176
1992.58532715
1992.88635254
1993.28747559
1993.71313477
1994.18811035
1994.65527344
1995.12548828
1995.47045898
1995.79528809
1996.21276855
1996.62231445
1996.96496582
1997.31225586
1997.71557617
1998.13122559
1998.64538574
1999.15588379
1999.52185059
1999.22521973
1998.23278809
1998.37805176
1999.1685791
1999.9888916
2001.3692627
2002.49609375
2003.30310059
2004.88696289
2005.66210938
2006.4276123
2006.24060059
2005.26879883
2005.03649902
1998.73010254
1995.57409668
1995.54663086
1994.45019531
1994.51989746
1992.48022461
1991.52429199
1996.30334473
1997.5045166
1997.91259766
1997.67675781
1997.21130371
1996.87402344
1996.58007812
1996.48352051
1996.6953125
1997.14038086
1997.40148926
1997.40710449
1997.9609375
1999.12805176
1999.60791016
1999.81359863
2000.03466797
2000.31896973
2001.01623535
2003.30334473
2004.53881836
2005.57751465
2006.26916504
2006.82580566
2007.11279297
2007.21801758
2007.15185547
2007.0435791
2006.88916016
2006.35009766
2005.80871582
2003.18505859
2002.24609375
2004.28564453
2004.81799316
2006.23791504
2007.015625
2007.4708252
2008.69128418
2007.75610352
2009.17077637
2008.55810547
2008.5802002
2007.42004395
2007.83276367
2007.39953613
2006.57739258
2000.62573242
2006.32312012
2008.29345703
2010.03186035
2010.03588867
2010.71740723
2010.2689209
2009.55786133
2010.69543457
2009.95812988
2010.70007324
2011.05163574
2011.26599121
2013.60009766
2014.83081055
2016.09082031
2017.28198242
2018.47546387
2019.71398926
2020.74108887
2021.48205566
2022.12536621
2022.65625
2023.11608887
2023.76977539
2024.65246582
2024.22216797
2025.03649902
2025.04675293
2025.0189209
2025.02001953
2025.74511719
2027.6751709
2028.46044922
2029.44482422
2030.56115723
2031.30407715
2032.2734375
2033.46777344
2032.09680176
2027.79162598
2026.61706543
2030.77807617
2034.03601074
2034.76574707
2035.67211914
2036.44006348
2035.72521973
2034.89624023
2035.90869141
2035.33984375
2035.61450195
2036.35693359
2036.29602051
2036.27331543
2036.18347168
2036.07556152
2035.59680176
2034.67358398
2034.35131836
2033.23754883
2032.55004883
2032.08508301
2030.99255371
2029.75170898
2028.66125488
2028.45837402
2028.0234375
2027.22058105
2026.92248535
2026.515625
2024.46228027
2023.70776367
2022.05834961
2020.70776367
2020.38244629
2020.66027832
2021.37634277
2022.31140137
2023.2689209
2024.13562012
2025.50305176
2026.12268066
2026.9083252
2028.11340332
2029.06530762
2029.73779297
2030.1315918
2029.93762207
2029.18798828
2027.91894531
2027.34667969
2029.0949707
2031.33618164
2033.38452148
2035.49121094
2038.50964355
2040.77319336
2043.69177246
2044.53430176
2044.51513672
2044.72424316
2043.69482422
2042.95007324
2043.48144531
2045.4354248
2046.37219238
2045.95947266
2045.09277344
2044.60595703
2044.4473877
2043.7635498
2044.54602051
2047.28198242
2050.92407227
2050.52124023
2052.12548828
2051.96533203
2050.35717773
2049.9831543
2048.37695312
2049.47583008
2050.11157227
2050.8996582
2051.91040039
2052.71948242
2053.67871094
2054.32666016
2054.51855469
2054.55664062
2054.5769043
2054.73657227
2054.95849609
2054.71923828
2054.48217773
2054.23876953
2054.15991211
2053.95532227
2053.73876953
2053.55908203
2053.36669922
2053.01831055
2052.25952148
2051.13867188
2050.37744141
2051.08837891
2052.08666992
2052.39306641
2051.34082031
2050.80419922
2051.84033203
2051.94140625
2051.49609375
2051.09301758
2052.08813477
2052.95629883
2053.57885742
2053.84838867
2053.546875
2052.83374023
2051.29345703
2050.52709961
2051.7487793
2052.12255859
2052.35058594
2052.15820312
2052.51293945
2052.86303711
2052.88647461
2053.47265625
2054.05908203
2053.35131836
2053.30712891
2053.66918945
2054.09863281
2053.96459961
2054.16552734
2053.60766602
2052.53735352
2051.37817383
2049.92797852
2050.81616211
2051.36523438
2052.63989258
2053.3190918
2053.6550293
2053.90209961
2054.61035156
2055.49926758
2055.87939453
2056.16088867
2056.21411133
2056.15966797
2054.77294922
2053.92236328
2054.26220703
2053.18847656
2054.51293945
2055.50317383
2054.62695312
2053.95629883
2055.47119141
2055.47998047
2055.35888672
2056.43994141
2056.98779297
2058.32397461
2059.0246582
2059.68237305
2058.84863281
2059.2019043
2056.48242188
2058.21313477
2060.0222168
2062.08666992
2062.24829102
2064.44262695
2064.2265625
2065.18652344
2063.69091797
2066.48950195
2067.30004883
2065.45483398
2065.48217773
2065.71459961
2065.90307617
2066.05297852
2066.0949707
2065.84570312
2066.1784668
2066.48388672
2066.72729492
2067.25390625
2067.47949219
2067.7421875
2067.34838867
2065.27563477
2066.24682617
2066.92333984
2066.99902344
2067.45581055
2069.4128418
2070.24780273
2068.3527832
2069.06201172
2069.2746582
2068.91381836
2068.95776367
2069.69189453
2070.12890625
2070.40551758
2070.76196289
2072.22021484
2073.04492188
2072.6887207
2072.23901367
2072.8659668
2075.04370117
2072.72387695
2072.3059082
2072.41918945
2071.77441406
2070.98046875
2070.69848633
2069.39794922
2069.48291016
2069.97631836
2070.13745117
2070.22729492
2071.48242188
2070.84521484
2070.97143555
2070.62426758
2071.24243164
2073.50634766
2077.32568359
2078.96435547
2078.48681641
2077.85595703
2077.50170898
2077.58178711
2077.87817383
2077.19775391
2076.89941406
2076.76098633
2076.7565918
2077.26977539
2077.23486328
2075.62646484
2073.02856445
2071.07592773
2070.20605469
2069.68823242
2069.66088867
2068.92504883
2069.49975586
2071.2800293
2072.96508789
2072.43139648
2071.89306641
2071.94921875
2072.34912109
2073.71875
2072.63647461
2072.29980469
2072.79711914
2072.93432617
2073.80029297
2075.40600586
2077.1730957
2079.28881836
2078.48681641
2077.00927734
2077.55566406
2078.56835938
2079.01904297
2079.54370117
2080.52954102
2080.62475586
2080.13793945
2079.39990234
2079.81933594
2080.68896484
2080.24682617
2079.84106445
2080.33935547
2080.52050781
2079.90893555
2079.61425781
2079.04077148
2078.73608398
2078.98217773
2079.0390625
2079.22509766
2079.64257812
2079.91772461
2080.21435547
2080.4777832
2080.734375
2080.86694336
2081.20678711
2081.2644043
2081.34057617
2081.32958984
2081.66674805
2081.80834961
2081.68017578
2081.56811523
2080.89990234
2079.97583008
2079.44702148
2078.63012695
2078.328125
2078.32373047
2077.07958984
2075.375
2074.72021484
2075.44262695
2076.15966797
2077.13745117
2078.99291992
2080.82373047
2082.74511719
2084.68066406
2086.64428711
2086.37060547
2085.52270508
2085.18115234
2084.76049805
2084.39501953
2083.78051758
2082.87011719
2080.91992188
2079.09570312
2078.75024414
2078.98120117
2079.09985352
2080.96801758
2082.27636719
2083.02856445
2083.35498047
2083.46728516
2083.45019531
2083.2487793
2082.99658203
2082.77905273
2082.62548828
2082.45532227
2082.2890625
2082.15136719
2082.07373047
2082.09277344
2082.20605469
2082.3972168
2082.61938477
2082.87158203
2083.15014648
2083.43017578
2083.66088867
2083.84228516
2084.00634766
2084.21923828
2084.4765625
2084.74926758
2084.97021484
2085.11206055
2085.20898438
2085.26025391
2085.21850586
2085.01831055
2084.8815918
2084.74511719
2084.54516602
2084.48925781
2084.6965332
2084.94091797
2085.16674805
2085.23095703
2084.98803711
2084.63061523
2084.67211914
2084.87207031
2084.81201172
2084.65917969
2084.62841797
2084.80249023
2085.42773438
2085.95629883
2085.90234375
2085.35839844
2084.83081055
2083.83105469
2083.59985352
2084.12207031
2084.49609375
2084.734375
2084.78955078
2084.64868164
2084.33251953
2083.91552734
2083.54321289
2083.33203125
2083.49267578
2083.70532227
2083.79980469
2083.98803711
2084.03100586
2083.8293457
2083.68481445
2083.83837891
2083.99829102
2083.96264648
2083.59228516
2083.30444336
2083.31054688
2083.26171875
2083.1394043
2082.72485352
2082.30664062
2082.96020508
2083.73632812
2084.05297852
2084.1887207
2084.23925781
2084.27587891
2084.31542969
2084.11816406
2084.3269043
2084.87207031
2085.3984375
2086.41650391
2087.15551758
2087.14282227
2086.87988281
2086.2956543
2085.66113281
2085.57055664
2086.07470703
2086.70458984
2086.34033203
2085.0769043
2084.02124023
2082.77783203
2082.25732422
2083.29516602
2083.73364258
2085.60253906
2088.37133789
2089.49243164
2089.85302734
2090.62646484
2091.13305664
2091.11645508
2090.62353516
2090.58666992
2091.42822266
2092.63476562
2092.92700195
2092.16723633
2091.13647461
2089.66088867
2089.32348633
2089.19482422
2089.95849609
2090.32373047
2090.26293945
2090.26269531
2090.37011719
2090.85229492
2091.6159668
2091.54296875
2091.08325195
2090.93847656
2090.41894531
2090.78540039
2091.09423828
2091.34472656
2091.09326172
2090.17163086
2090.19287109
2090.44995117
2089.61376953
2088.78759766
2088.56542969
2089.14526367
2089.34741211
2089.28222656
2088.4362793
2089.08081055
2089.35888672
2089.26318359
2090.40625
2091.86914062
2092.96191406
2093.42871094
2093.3503418
2092.29443359
2090.32275391
2089.36035156
2088.9128418
2089.15429688
2089.61108398
2091.94897461
2094.22387695
2095.5793457
2096.02734375
2096.3815918
2097.06030273
2098.75390625
2100.58276367
2101.83984375
2103.08740234
2104.23364258
2105.16381836
2106.04248047
2106.61914062
2106.99975586
2107.19311523
2107.12133789
2106.88793945
2106.5612793
2106.16064453
2105.63574219
2104.96362305
2104.22485352
2103.47875977
2102.79370117
2102.13427734
2101.36987305
2100.5480957
2099.9753418
2100.46166992
2100.64013672
2100.43579102
2100.29760742
2100.36523438
2100.56176758
2100.78100586
2100.78149414
2100.67333984
2100.63574219
2100.78442383
2101.00634766
2101.06030273
2102.1652832
2103.23486328
2103.5480957
2103.33447266
2103.45410156
2103.69775391
2104.04492188
2104.36987305
2104.47070312
2104.38476562
2104.28686523
2104.03027344
2103.55737305
2103.06811523
2102.59448242
2102.32421875
2102.27172852
2102.23217773
2102.27514648
2102.4375
2102.52856445
2102.41259766
2102.28295898
2102.26660156
2102.70507812
2102.7512207
2101.75830078
2098.20483398
2097.2902832
2096.95141602
2096.84887695
2097.36352539
2096.79077148
2096.86450195
2096.04052734
2095.65429688
2096.02954102
2096.7824707
2098.83007812
2102.37548828
2102.43554688
2102.63598633
2103.06933594
2103.60766602
2103.96972656
2103.73925781
2103.36376953
2103.52001953
2104.45556641
2105.19750977
2104.83862305
2103.86108398
2103.40185547
2103.79003906
2104.2956543
2104.54418945
2104.2824707
2104.25341797
2104.59765625
2104.76953125
2105.22338867
2106.02661133
2106.57373047
2107.32006836
2107.67529297
2107.34375
2106.43652344
2106.41235352
2107.64453125
2109.26269531
2108.07421875
2104.70507812
2103.03491211
2102.79663086
2103.25219727
2103.30810547
2103.38867188
2102.93066406
2103.33007812
2104.20458984
2105.19116211
2105.86181641
2107.1003418
2107.89477539
2107.81640625
2107.29370117
2106.99462891
2106.8293457
2106.59423828
2106.83959961
2107.51391602
2107.85961914
2108.15795898
2107.94702148
2107.42407227
2107.6394043
2107.07983398
2106.75195312
2106.18310547
2106.36889648
2106.44311523
2106.38891602
2106.68554688
2107.00219727
2107.41430664
2107.93383789
2108.22290039
2108.09277344
2107.91870117
2107.71948242
2107.48974609
2107.30273438
2107.36474609
2107.5065918
2107.55175781
2107.56738281
2107.51953125
2107.55078125
2107.52685547
2107.21142578
2107.02758789
2106.95507812
2106.765625
2106.33007812
2105.91625977
2105.64697266
2104.75878906
2104.0168457
2104.56591797
2105.3972168
2105.25024414
2105.11254883
2105.02026367
2105.10864258
2105.29174805
2105.42578125
2105.83886719
2106.29833984
2106.35693359
2106.09277344
2106.75610352
2109.15795898
2113.0402832
2116.47338867
2117.88769531
2120.47460938
2120.91308594
2119.79711914
2116.95043945
2118.82763672
2118.97436523
2118.43115234
2118.00048828
2118.13330078
2118.82104492
2119.76977539
2120.73339844
2121.17358398
2122.625
2123.65576172
2125.80810547
2130.09057617
2130.0
2129.39282227
2128.34228516
2127.54125977
2126.96484375
2126.92993164
2126.76464844
2126.27880859
2122.38793945
2116.18579102
2111.61499023
2112.74780273
2125.07885742
2126.3425293
2123.83154297
2120.05419922
2119.78515625
2120.40771484
2120.94580078
2121.55834961
2120.34057617
2118.67626953
2119.92578125
2118.59277344
2117.76293945
2117.09765625
2116.89404297
2115.73217773
2113.52978516
2117.15844727
2120.27490234
2119.6496582
2122.54272461
2130.07788086
2131.70019531
2132.68041992
2132.63110352
2132.43676758
2132.73583984
2133.17163086
2133.234375
2133.59741211
2133.36791992
2132.63598633
2131.12158203
2128.74121094
2127.53125
2129.69873047
2130.19238281
2130.52124023
2130.26782227
2129.36328125
2128.0168457
2127.03417969
2126.69995117
2126.78271484
2127.0703125
2127.23754883
2127.34838867
2127.46044922
2129.56201172
2130.73046875
2130.33300781
2130.70776367
2130.60131836
2129.82617188
2128.37548828
2126.83007812
2125.7590332
2126.40527344
2127.62133789
2128.66918945
2129.24926758
2129.69824219
2130.1184082
2129.98950195
2129.46606445
2126.92553711
2123.94970703
2124.29101562
2124.90161133
2125.95141602
2130.08544922
2135.55224609
2136.65234375
2137.91967773
2139.43383789
2140.68652344
2141.84716797
2142.80541992
2143.7019043
2144.47241211
2144.78686523
2144.81958008
2144.61010742
2144.15820312
2143.35107422
2142.18701172
2141.0534668
2140.29614258
2139.88696289
2140.07470703
2140.56640625
2141.31030273
2142.05175781
2142.56933594
2142.88232422
2143.00805664
2143.04785156
2143.04833984
2143.00830078
2142.92163086
2142.7980957
2142.65136719
2142.49072266
2142.31884766
2142.1262207
2141.90966797
2141.67919922
2141.41845703
2141.16796875
2140.93310547
2140.73461914
2140.59570312
2140.50268555
2140.45581055
2140.42749023
2140.39208984
2140.32714844
2140.22265625
2140.06713867
2139.86132812
2139.62060547
2139.3449707
2139.06860352
2138.8137207
2138.59350586
2138.41552734
2138.24780273
2138.16479492
2138.80737305
2139.57861328
2140.56103516
2141.81884766
2143.24047852
2144.63354492
2145.36547852
2145.03735352
2145.14526367
2145.33789062
2145.40795898
2145.35522461
2145.2512207
2145.10571289
2144.94165039
2144.77954102
2144.66210938
2144.56445312
2144.50537109
2144.50585938
2144.56298828
2144.65405273
2144.75976562
2144.88085938
2145.06738281
2145.27783203
2145.47241211
2145.64794922
2145.81542969
2146.00195312
2146.36962891
2146.64648438
2146.60839844
2146.68457031
2146.69287109
2146.73510742
2146.85522461
2146.93066406
2146.90234375
2146.75610352
2146.79394531
2146.97314453
2147.29882812
2147.39697266
2147.41748047
2147.49023438
2147.55615234
2147.59448242
2147.65820312
2147.78198242
2147.95532227
2148.16601562
2148.39257812
2148.60986328
2148.79980469
2148.9675293
2149.08862305
2149.17553711
2149.26098633
2149.35327148
2149.46557617
2149.55761719
2149.64575195
2149.71264648
2149.7734375
2149.81884766
2149.86425781
2149.90722656
2150.23217773
2150.67773438
2151.15063477
2151.63598633
2152.13427734
2152.63549805
2153.109375
2153.55932617
2153.94335938
2154.23364258
2154.56884766
2154.95483398
2155.39672852
2155.90625
2156.46435547
2157.07885742
2157.71459961
2158.27172852
2158.5012207
2158.54223633
2158.6862793
2158.93383789
2159.12158203
2159.59570312
2160.28295898
2160.60449219
2161.15576172
2162.22363281
2163.71704102
2165.13378906
2166.83911133
2168.80444336
2170.84350586
2171.57080078
2172.33666992
2172.81396484
2173.14208984
2173.6394043
2174.14477539
2174.41674805
2174.8190918
2176.34570312
2178.74926758
2180.94824219
2182.87011719
2182.76269531
2182.06884766
2181.08374023
2180.04516602
2179.17675781
2178.56616211
2178.11352539
2177.73510742
2177.59301758
2177.61914062
2177.71313477
2177.8293457
2177.95263672
2177.98535156
2177.83984375
2177.52587891
2177.03515625
2176.38256836
2175.80615234
2176.88500977
2178.3215332
2180.09301758
2181.97851562
2183.58447266
2184.45019531
2184.95800781
2185.29467773
2185.40893555
2185.40087891
2185.61328125
2185.95263672
2186.39501953
2187.01904297
2187.92822266
2189.39257812
2191.72241211
2194.65039062
2196.31420898
2196.80126953
2197.09521484
2197.00634766
2197.04077148
2197.36547852
2197.86547852
2198.73291016
2199.94311523
2201.57226562
2203.88525391
2206.77197266
2208.41040039
2208.53198242
2208.66577148
2208.88476562
2209.59057617
2210.43237305
2211.59863281
2212.81079102
2213.8684082
2214.55175781
2215.15551758
2215.72924805
2217.27832031
2220.45336914
2220.50195312
2220.73535156
2221.18164062
2221.95556641
2223.0612793
2224.40429688
2225.75390625
2226.96191406
2228.33911133
2229.92944336
2232.69091797
2233.30200195
2237.40673828
2240.20947266
2241.61425781
2242.43359375
2242.90234375
2243.66479492
2244.44238281
2244.89941406
2246.26879883
2249.06176758
2250.18115234
2251.01977539
2251.72509766
2252.45581055
2253.15063477
2253.92578125
2254.6472168
2255.52441406
2256.95043945
2257.48144531
2259.88256836
2262.55395508
2264.75024414
2265.99462891
2266.64257812
2266.95996094
2267.37548828
2268.66723633
2269.26196289
2269.91943359
2270.640625
2271.59716797
2272.65966797
2273.76293945
2275.11206055
2276.44482422
2277.609375
2278.3762207
2278.95556641
2279.71533203
2280.70385742
2281.6472168
2282.56347656
2283.71313477
2285.11962891
2286.60888672
2288.20263672
2289.77539062
2291.01855469
2292.35961914
2293.72094727
2294.64453125
2295.7175293
2296.84692383
2298.02001953
2299.29199219
2300.67529297
2302.13452148
2303.73632812
2305.5402832
2307.3671875
2308.7253418
2309.76904297
2310.8894043
2312.02441406
2313.42114258
2315.14941406
2317.36450195
2319.13134766
2320.50195312
2321.44116211
2322.13183594
2323.02856445
2324.45532227
2327.19458008
2330.16772461
2330.15625
2330.16137695
2331.53491211
2332.52636719
2333.08618164
2333.91650391
2335.28442383
2336.84936523
2338.74267578
2340.22900391
2341.54589844
2342.72167969
2343.17504883
2343.73022461
2343.91430664
2344.01049805
2344.15893555
2344.48583984
2345.50073242
2349.29589844
2354.52026367
2354.8840332
2355.33520508
2355.30664062
2355.87646484
2357.95214844
2365.67797852
2367.27856445
2367.80053711
2368.3659668
2368.80639648
2369.04418945
2369.36865234
2370.02148438
2370.96166992
2373.13989258
2377.25097656
2379.20678711
2381.7734375
2384.35888672
2387.41455078
2390.96020508
2392.56201172
2395.0559082
2401.18652344
2403.86914062
2404.37304688
2405.91088867
2408.13012695
2409.93139648
2412.08911133
2414.08276367
2416.83666992
2419.84692383
2422.23779297
2423.71875
2423.52124023
2423.74316406
2424.13354492
2424.74975586
2426.08105469
2429.83129883
2432.55615234
2434.9699707
2434.66967773
2434.17480469
2435.58325195
2436.84106445
2437.57104492
2438.07641602
2438.69946289
2439.0925293
2440.16650391
2442.80517578
2444.7199707
2446.4597168
2448.15722656
2449.10351562
2450.21240234
2450.4675293
2450.41870117
2450.37573242
2450.34033203
2450.30493164
2450.26879883
2450.25024414
2450.26074219
2450.29467773
2450.34716797
2450.39868164
2450.44384766
2450.48852539
2450.54199219
2450.57958984
2450.5871582
2450.56567383
2450.51904297
2450.45361328
2450.38378906
2450.31542969
2450.25512695
2450.21069336
2450.18237305
2450.18432617
2450.21362305
2450.27905273
2450.38671875
2450.53271484
2450.73730469
2450.99487305
2451.28466797
2451.59472656
2451.92016602
2452.23364258
2452.49731445
2452.73999023
2453.02978516
2453.38208008
2453.75512695
2454.11474609
2454.44897461
2454.76806641
2455.08422852
2455.38818359
2455.68188477
2455.96679688
2456.25952148
2456.5715332
2456.90893555
2457.25512695
2457.59472656
2457.91821289
2458.22094727
2458.49902344
2458.75341797
2458.98510742
2459.19799805
2459.39770508
2459.57666016
2459.73486328
2459.87329102
2459.99584961
2460.09887695
2460.1652832
2460.20458984
2460.22387695
2460.21582031
2460.17797852
2460.1003418
2460.02197266
2459.93847656
2459.83569336
2459.75830078
2459.69360352
2459.77148438
2460.15454102
2460.71533203
2461.23535156
2461.71118164
2462.22216797
2462.79638672
2463.60522461
2464.39892578
2464.71069336
2464.83569336
2464.90600586
2464.96459961
2465.03369141
2465.11425781
2465.19775391
2465.28979492
2465.37597656
2465.43945312
2465.49462891
2465.44189453
2465.29516602
2465.02905273
2464.74462891
2464.56713867
2464.48535156
2464.47363281
2464.47631836
2464.47949219
2464.49316406
2464.51220703
2464.53222656
2464.5625
2464.61206055
2464.69238281
2464.80322266
2464.95507812
2465.15722656
2465.39501953
2465.67773438
2466.03076172
2466.44262695
2466.85205078
2467.24584961
2467.59472656
2467.87841797
2468.10864258
2468.29467773
2468.44091797
2468.55737305
2468.64819336
2468.72485352
2468.80371094
2468.88867188
2468.98022461
2469.07861328
2469.18774414
2469.31396484
2469.45507812
2469.61401367
2469.79272461
2469.99121094
2470.23486328
2470.55712891
2470.94677734
2471.37939453
2471.8605957
2472.39770508
2473.02539062
2473.85449219
2474.98828125
2476.21850586
2477.02001953
2477.32006836
2477.43310547
2477.46801758
2477.50048828
2477.52539062
2477.53588867
2477.54614258
2477.57275391
2477.60986328
2477.64770508
2477.69238281
2477.75854492
2477.83959961
2477.9387207
2478.04003906
2478.14233398
2478.28271484
2478.5
2478.73681641
2478.99243164
2479.265625
2479.53222656
2479.88134766
2480.24414062
2480.51611328
2480.70336914
2480.94458008
2481.015625
2481.03125
2480.95874023
2480.63085938
2480.1328125
2479.55664062
2478.86889648
2478.14868164
2477.50268555
2477.24291992
2477.46679688
2477.80297852
2478.13500977
2478.45361328
2478.80541992
2479.38598633
2480.44238281
2482.20068359
2484.72802734
2487.31787109
2488.98852539
2489.64208984
2489.77636719
2489.7644043
2489.91015625
2490.2253418
2490.52563477
2490.71411133
2490.80737305
2490.80249023
2490.69238281
2490.83569336
2491.16650391
2491.42041016
2491.63354492
2491.91943359
2492.24755859
2492.59033203
2493.10009766
2493.73388672
2494.3215332
2494.90551758
2495.46655273
2495.96630859
2496.38964844
2496.73901367
2497.07495117
2498.36914062
2499.63256836
2500.67358398
2501.39477539
2501.84960938
2502.20849609
2502.54443359
2502.87695312
2503.22924805
2503.5859375
2503.91235352
2504.21948242
2504.47363281
2504.66796875
2504.89819336
2505.34643555
2505.65673828
2505.77270508
2506.52563477
2507.67724609
2508.85473633
2510.03588867
2511.28100586
2512.66503906
2514.09594727
2515.3203125
2516.5
2517.5625
