1003.3179321
1003.4854126
1003.8571777
1004.4110107
1005.043396
1005.348877
1005.7476807
1006.7177124
1008.1719971
1008.7127075
1009.2347412
1009.7302856
1009.0491333
1007.0858765
1006.0423584
1005.4373169
1003.9975586
1001.9172363
1001.0333862
1000.607605
998.4732666
996.5040283
996.0055542
995.6465454
994.9558716
993.0459595
990.6859131
989.5529175
988.8190918
988.3817139
987.6139526
985.5961304
984.3587036
983.9118042
983.6624146
983.2436523
982.4797363
980.506958
978.8945923
978.3776855
978.0091553
977.1136475
975.3042603
973.5617676
972.800293
972.4866943
972.0799561
971.3469849
969.9838867
968.4041138
967.7038574
966.9506226
966.0582275
965.1239014
964.4998169
963.9885864
963.7922974
963.8327637
964.0419312
964.0299072
963.9190674
963.8733521
963.7388916
963.6522827
963.5914307
963.5895386
963.473938
963.4708252
963.6613159
963.9880371
964.7614746
965.4470825
965.9063721
966.4667969
966.873291
967.5064087
969.432312
970.6110229
971.0610352
971.3952026
971.6929321
972.0391846
972.2838135
972.5458374
972.8858032
973.5227661
974.9750366
975.9678955
976.4386597
976.968689
977.3668213
977.9138184
978.4021606
978.6531982
978.8049927
978.8970337
978.7921753
978.7009888
978.6011963
978.4950562
978.3991089
978.4154053
978.3968506
978.2852783
978.3893433
978.2384644
978.1552734
978.2158813
978.092041
978.1483154
978.0266724
977.8027954
977.6814575
977.7373657
977.8203125
977.7962036
977.8590698
977.9992676
978.083313
978.081665
978.0761719
977.9611206
977.8145142
977.6345215
977.4813843
977.3527832
977.3095093
977.2716064
977.1998291
977.1357422
976.9424438
976.6798096
976.3064575
975.6875
974.3052368
972.5358887
971.3486938
971.7647705
973.1905518
973.6565552
973.4481201
973.28125
973.4269409
973.4627686
973.2904663
972.87677
972.6877441
972.2801514
971.8256836
971.6351929
971.2380981
971.0135498
971.0285034
971.0718994
971.1798096
971.0544434
970.8092651
970.1266479
968.5546265
967.7946777
968.2584839
967.5478516
966.7966919
966.1051025
965.4406128
964.6565552
963.5420532
961.8024292
959.9188232
958.6468506
958.2094116
958.2242432
958.3173218
958.468689
958.6185303
958.2633057
957.2870483
955.6030884
954.2687988
953.364563
952.3653564
950.8423462
948.2532349
946.8910522
946.6479492
946.2445068
945.1445312
944.3312988
943.8937378
943.5518799
942.713623
941.0737305
938.8848267
937.6628418
936.2392578
934.2053223
932.1779175
930.6130981
928.6811523
926.487793
925.440979
925.0668335
924.0107422
922.2807007
921.0327759
920.6220703
920.8092041
921.0732422
921.381897
921.7357178
922.4286499
922.9681396
923.3710327
923.4620361
923.4219971
923.0945435
922.5233154
922.0189819
920.8766479
919.0314331
917.9298096
917.6253662
917.2999268
917.0939331
917.0542603
916.9234009
916.5707397
914.6332397
912.4943848
911.6624146
911.385437
911.4165649
911.2937012
910.7523804
909.5097046
906.8297729
905.4169922
905.1355591
904.8449707
904.5621948
904.3896484
904.2654419
904.0872803
903.6226196
901.7998657
900.1578369
899.4688721
898.8486328
898.9124146
898.8077393
898.3427124
897.5502319
895.3111572
894.3162842
894.2348022
894.1386108
894.0368652
893.958252
893.8137207
893.2293701
892.7714844
892.4657593
892.4491577
892.7739258
893.1531372
893.5609741
894.0891724
894.1800537
893.8036499
893.2206421
892.6959229
891.5532227
889.5204468
888.1750488
887.4766235
886.9338379
886.083374
884.7624512
883.1060181
881.8435059
881.1206055
881.3008423
881.734436
881.9362793
881.8823242
881.6191406
880.9676514
880.3631592
880.043457
879.8731689
879.769104
879.8544922
880.0441284
880.3040161
880.406189
879.5708008
877.9171753
876.8804932
876.2205811
877.0123291
877.6899414
878.1188965
878.1395264
877.8146362
877.7461548
877.4671631
876.5952148
875.9864502
875.5170898
875.3451538
875.3226318
874.8799438
874.3024902
873.7477417
873.2956543
872.9634399
872.1290894
870.2826538
869.2077026
868.784668
868.6420288
868.4667358
868.4866943
868.4299927
868.0740356
868.0817261
867.9939575
868.2381592
868.2591553
867.1935425
864.675415
863.7095337
863.7545776
863.4818115
863.2055054
863.0686035
862.6733398
861.7994995
860.8278198
859.0241089
857.4125366
857.06073
856.9910889
856.4380493
854.9939575
852.4187012
851.2652588
851.0968628
850.9412842
850.7747192
850.3461304
849.8465576
849.2158203
848.1174927
845.9686279
844.3599243
843.8098145
843.7089844
843.4334717
843.4162598
843.8521118
843.819519
843.045105
841.3317871
839.3557129
838.6751709
838.3980103
838.237793
838.0455933
837.875061
837.7127686
837.8175659
837.8742065
836.9998169
835.234314
834.1572876
833.5257568
833.0791016
832.5172119
831.9766846
831.5509033
831.1802368
830.0231323
828.2229004
827.350708
827.0733032
826.9817505
827.1157837
827.0145264
826.6105347
825.7167969
824.0831299
822.4309692
821.5626221
820.7752686
820.5019531
820.0847168
819.6665039
819.4525146
818.9419556
817.3684692
815.3789673
814.6918945
814.4310303
814.4821777
814.5891113
814.3139038
813.5631104
813.1257935
813.1072998
812.9098511
812.5671997
811.4858398
810.1395264
809.3591919
808.906189
808.5251465
808.2776489
807.9970093
807.7699585
807.5813599
807.6182251
806.8994141
804.7585449
803.3865356
802.9912109
802.7249146
802.3046875
801.8815918
801.5111084
801.2410278
800.4829102
798.4654541
796.7423706
796.0834351
795.690979
794.6862793
792.6627808
791.1694946
790.6203003
790.1367798
789.9125366
789.8441162
789.7799683
789.8224487
789.6414185
789.522583
789.7651367
789.854187
789.7166748
789.6277466
789.1842041
787.9321899
786.3604126
785.5792236
785.3497314
785.2121582
785.053894
784.9575806
784.6691895
784.2623291
783.3713379
782.5604248
781.366394
779.8099976
778.7036743
777.7628174
777.2888184
776.9057617
775.9816284
775.6430664
775.2362061
775.0539551
774.668335
774.477356
774.5006104
774.6119385
774.9381714
775.2999878
775.3813477
774.7888184
774.9839478
775.4229736
775.5979614
775.8639526
775.2619019
773.8620605
772.206543
771.7888184
771.7116089
771.5551147
771.1905518
771.0167847
770.9243164
770.8126221
770.6278076
770.2786255
768.9638672
766.7498779
765.5269165
764.6618042
764.4620361
764.482666
764.6981812
765.2199097
765.5354004
765.7280273
766.2022705
767.6860352
769.368042
769.9071655
770.2348633
770.5490723
771.0980835
772.5288086
774.6882935
774.6828613
774.9741821
775.8181763
776.7514038
777.3881836
778.0072632
779.2178955
779.7570801
779.8348389
780.5280762
782.6394043
782.8456421
782.5623169
782.1157837
781.604126
781.2194214
781.3768921
782.8221436
785.4507446
786.5072021
787.440918
788.7967529
790.5992432
791.5349731
791.7263794
792.2360229
794.4007568
795.6858521
795.7147827
795.3895264
794.8619385
794.9943848
795.8352051
796.9841309
797.8241577
799.972229
802.7114868
803.5925903
804.1583862
803.7449951
801.9974976
799.956665
798.3349609
797.6134033
799.6375732
802.9641724
804.9186401
805.9755859
806.7631226
806.9468384
807.4395752
808.1362305
809.3867188
811.8207397
813.8238525
814.3912964
814.526062
814.4085693
814.1930542
813.0184937
811.8521118
811.3365479
811.7796631
812.7828979
815.0595093
816.1463623
816.1700439
816.5540161
816.8966675
817.3594971
818.3526001
818.7102051
819.1685791
820.1543579
821.2106323
820.9316406
820.4119263
820.5501709
821.6474609
824.3914185
825.8884888
826.1206665
826.0756226
825.6549683
824.6289062
824.9657593
825.9279785
826.3841553
826.4486694
826.2511597
825.4080811
824.4889526
824.0126953
824.1095581
824.5198364
825.2064209
825.6625977
826.0007935
826.0722046
825.550293
824.5927124
824.0393066
824.7533569
826.022644
828.0058594
828.729126
827.6046753
825.1586304
824.3077393
824.5668335
825.4702148
826.8010254
828.260376
827.6464844
826.3080444
825.2791138
824.6212158
825.1352539
825.602417
825.40625
824.5455322
825.7210083
828.9371948
829.1843872
828.6000366
828.4868774
829.7966919
829.1090698
829.2301025
830.4436646
832.0996704
833.954895
834.590332
834.4777832
833.6992798
832.9141235
831.8457031
829.8599243
827.0200195
825.4532471
824.8015747
823.8365479
821.1356812
819.2405396
819.0374756
819.59375
819.7141113
819.3821411
818.8293457
817.8567505
816.423584
814.3080444
813.1340332
812.420105
811.9437866
811.6173096
811.2894897
810.3502197
809.001709
808.2005005
807.5884399
806.8566284
805.9664307
804.8534546
803.6813354
802.8967285
801.7210693
799.4267578
798.1730347
797.746582
797.1397705
796.8920898
796.4133911
795.5100708
794.536499
793.5219116
792.9437256
792.3895874
790.546814
788.4766235
787.9311523
787.8512573
787.180603
785.6624756
784.0740356
783.4332886
782.987915
782.4074097
781.8565674
780.8074341
778.854187
777.3244019
776.6999512
776.1520386
774.9481201
772.8927002
771.2993774
770.4995117
770.2640381
770.0812378
769.9489136
769.6064453
768.9470215
767.7929688
766.888855
766.0571289
765.1661987
764.1697998
763.5761719
762.9927979
762.8146973
763.210144
763.546936
764.0075684
764.4168701
764.8544312
764.8890991
764.8501587
765.0634155
765.3881226
765.7045898
765.7550049
765.6480103
765.4341431
765.5390625
765.7680054
766.0110474
766.2068481
766.5466309
766.8786621
766.8791504
766.793396
766.9049683
767.5748291
769.7905273
769.8483887
769.897522
769.8924561
769.6916504
769.5467529
769.8258667
770.6917114
771.6185913
772.565979
773.1715698
773.7125854
774.5794067
775.4614258
776.1275024
776.6470337
777.2155151
777.6488037
778.2098389
779.5043335
780.9013672
782.6549072
783.2171631
783.6525879
783.8861084
784.0029907
784.0765991
784.1462402
784.3867798
784.8442993
785.4002686
787.2027588
788.5888062
789.4231567
790.0192871
789.7051392
789.6911621
789.6674805
789.500061
788.9690552
788.4989014
788.2878418
788.286377
788.1403809
788.3077393
788.4547119
788.9914551
789.4521484
789.4780884
789.4186401
789.3354492
789.3341064
789.5823975
789.616394
789.3009033
788.9838867
788.7720337
788.5874023
788.317749
788.3725586
788.2424316
787.9795532
787.6316528
787.3952026
787.0362549
786.730896
786.6620483
787.5942993
788.4319458
788.8474121
789.1627808
789.4749756
790.2963257
790.5929565
789.8151245
788.9693604
788.6928711
789.001709
789.1230469
788.960083
788.2808838
786.5598145
785.1855469
784.5795898
783.9196167
782.9562988
782.6204224
783.2095947
784.02948
784.7786255
784.7576294
784.4518433
784.1817017
784.2590942
784.7967529
785.2919312
785.2479248
784.9934082
784.7618408
784.4591675
784.1885986
784.4331055
784.3596191
783.5540161
783.5596924
783.0415039
782.5820923
782.2717896
781.670105
781.2039185
781.4309692
782.4217529
783.2842407
783.5933838
783.5720215
783.4501953
783.0856934
782.6889648
782.8566895
783.1696777
783.2862549
783.3088989
783.3189087
783.2085571
782.9561768
782.5323486
782.1600952
780.0787964
778.3149414
777.7669678
777.0783691
776.9257202
777.3220825
777.1112061
776.7476807
776.0282593
775.8473511
776.2971191
776.9912109
777.0961914
777.0857544
777.4007568
777.5024414
777.3314209
777.2318115
777.2887573
777.2943726
777.4638672
777.7568359
778.0427856
778.3168335
778.7947998
778.8998413
778.7449341
778.5996094
777.7476807
777.1747437
776.399292
775.9927979
776.4584351
777.4074707
777.218811
775.418396
773.6259155
772.8953247
772.1097412
771.3188477
770.3961792
769.5343018
768.9812012
767.9417725
765.6179199
763.7546387
764.2162476
764.8969116
764.5840454
762.8421021
761.5379028
761.0842896
760.578064
760.0516357
759.0409546
756.7940674
754.6707153
752.8473511
751.796936
751.0942993
750.3739624
749.4694214
747.2781372
746.1904297
746.4907837
746.8300171
746.9041748
746.116394
743.8277588
741.9088135
740.835083
739.3463135
736.631897
734.6068115
734.8692627
735.1702271
735.1193237
734.4364014
732.4318848
729.8606567
729.3242798
729.2164307
728.7443237
727.0565796
724.4429321
723.4317017
722.9771118
722.5523071
721.9671631
720.4398804
717.8954468
716.6502075
715.9226074
714.480896
711.4269409
709.4719849
709.9230347
710.7235718
711.2147827
710.984436
707.7340698
705.4251709
704.3426514
703.6575928
703.3704834
703.217041
702.0480347
699.5457764
698.4150391
698.1034546
697.9838867
697.9240723
697.8102417
697.5264282
697.1912231
696.493103
694.5402222
692.7858276
692.0964355
691.6867065
691.1351318
689.458374
687.3426514
686.1108398
686.1660156
686.8983765
686.477478
685.850647
683.5098267
682.3486328
681.9561157
681.4375
680.37323
677.7145996
675.8356323
675.722229
675.3946533
674.727356
673.9879761
673.0360718
670.8682251
667.1747437
666.3497314
666.0574951
665.8946533
664.4332886
663.7315674
662.7184448
662.421936
660.9963379
657.491272
656.2461548
656.0127563
655.921936
656.182373
656.0049438
655.5647583
654.4633179
652.2488403
651.1033325
650.9699707
650.7841797
650.0404663
649.0174561
647.0854492
644.9540405
643.4979858
642.3300781
641.8945312
641.5827026
640.6685791
639.0646362
637.37854
636.7539062
636.4283447
634.9482422
632.8491211
631.6079712
631.3901367
631.4325562
631.2929077
630.4355469
628.1946411
627.0459595
626.3150635
624.9343262
623.2497559
621.2373657
618.3088989
617.3417358
617.4073486
617.6080933
617.1220703
615.0184937
613.026062
612.7278442
612.6570435
612.258728
610.8026123
609.6773682
606.5266113
604.9016724
604.2432251
604.0680542
603.8223877
601.1721191
599.6102295
599.8227539
600.0366821
599.8839111
598.4014893
596.3347778
595.3670044
595.0256348
594.6706543
594.1257935
592.1817627
589.5822144
587.8043823
587.0561523
586.7490845
586.418335
586.7060547
586.9104004
587.0562134
585.7764893
584.1898193
584.2185059
584.0871582
583.7817383
584.6102905
585.522644
587.6010132
589.4401855
590.4292603
590.4174805
589.8347778
589.0355225
588.1416626
586.4140625
587.5515747
590.2719727
591.6608887
594.3764648
596.6654053
598.3727417
599.6799316
601.37146
603.5892944
604.4989624
604.6051025
604.4457397
604.380249
604.7180176
604.7753906
606.4503174
607.4699707
607.3286743
606.734375
606.0577393
605.9770508
607.8552856
610.3634033
612.7906494
613.9301147
614.6411743
615.2774658
614.9539795
615.1708374
614.491394
613.8691406
613.701355
614.1209106
615.041748
615.0745239
615.3377686
615.4568481
615.3392334
618.1292114
620.5570068
620.8343506
621.0670776
620.5394287
620.6900024
620.729248
620.5410767
619.7920532
620.1221924
620.1901855
620.15625
620.9910889
623.9367676
625.3347168
624.9457397
624.9626465
624.8060303
625.1415405
626.3167725
628.5033569
629.6651611
629.7944946
629.5319214
631.5549316
631.9115601
632.6098633
632.0339966
632.1578979
631.5799561
631.7155762
632.0614014
632.4388428
633.0411987
633.9217529
635.493042
635.2799072
634.3920898
635.4554443
636.5473633
636.9748535
637.3031006
637.2351074
637.8189697
639.3172607
640.3236084
640.2247925
640.1255493
639.6358643
639.1833496
640.057251
641.1838379
643.9849854
644.9331665
645.232605
645.4523315
645.2993164
645.3386841
644.9998169
644.8154297
644.4193115
643.5367432
641.2321167
640.7451782
640.6611938
640.5975952
640.3081055
640.6675415
642.0939941
643.840332
645.005249
646.6495361
649.3776855
650.2973022
650.9585571
651.352356
651.1187744
650.4639282
649.8535156
648.6202393
646.9078369
647.2574463
648.7647095
649.7037964
650.5730591
651.6878052
654.5375977
655.5474243
655.3753052
654.961792
654.8224487
655.1065063
655.2266846
655.1552734
654.8488159
661.0905151
661.8440552
662.5631104
662.6652222
663.2959595
664.163208
666.6583252
668.0117188
667.269043
667.1521606
668.2960815
671.6206055
673.6115723
673.3862305
672.9095459
672.7946167
673.1385498
675.7456665
677.3371582
677.7908325
678.725647
679.4393921
679.6945801
681.3813477
684.5111694
686.5084229
687.6997681
688.6002808
688.7709351
688.1831665
688.5922241
689.4338989
690.12323
690.7025146
691.7213135
693.6466064
695.6256104
696.8483276
697.4341431
697.7144775
699.303894
701.8833008
702.7885132
702.9931641
703.6262817
705.2546387
708.5263062
709.5959473
710.8619995
713.189209
715.0664062
715.953064
716.9245605
718.0807495
719.6856079
720.5533447
722.017334
724.4366455
726.5637207
728.6689453
729.6445312
730.0964355
732.7250366
733.9366455
734.0873413
734.5710449
737.1775513
739.9855957
739.6911621
740.034729
743.2074585
746.2456665
747.052002
747.630188
749.0471191
752.5253296
754.0209351
754.9299927
755.3566284
755.4494629
755.4030151
754.8773193
754.4286499
753.9858398
753.4494629
752.9986572
751.5783691
748.6499634
748.1882935
747.8674316
747.404541
747.43396
747.2695923
746.4877319
743.8672485
742.8371582
742.1548462
741.1629639
740.1939087
739.699646
739.6479492
739.6749878
739.4313354
739.3272705
739.5966187
740.0331421
740.4484253
740.1357422
738.7495117
738.4588623
738.6844482
738.6694336
738.477417
738.6264038
739.4605103
737.1183472
736.2366333
736.4580688
734.953064
733.0093384
732.8377686
733.225708
733.7081299
734.0184937
731.6190796
729.7437134
729.6802368
729.6375122
729.4970093
729.2657471
728.6477051
728.0582275
727.5727539
726.2648926
721.7993774
721.5198364
721.3086548
721.5515747
722.4735718
722.7306519
722.3098755
719.343689
718.5196533
718.168457
717.18573
716.5033569
716.1876831
715.8424683
715.3179321
714.7334595
712.9898682
710.425415
709.2841187
709.1702271
709.2532349
709.28479
709.2918701
709.1296997
707.5955811
706.1348877
704.8345947
704.6273804
704.234436
703.7681885
701.6346436
698.8190918
698.2421265
697.8813477
696.7922363
693.7716064
692.8643799
692.6002808
691.3693848
688.8388062
686.8399658
686.1466675
685.2787476
684.868042
684.524292
683.7897339
682.4620972
681.4446411
680.7531738
679.9362183
678.9536133
677.5791626
674.6810303
673.9782715
673.4621582
671.7004395
668.5648193
667.8842773
666.5498047
663.2182007
662.1226196
660.9959717
660.015564
658.3039551
656.7713623
655.4041748
654.482605
653.6221924
652.0924072
650.9001465
649.6498413
648.3092041
646.916687
644.8498535
643.5819702
645.6448975
648.1143188
649.4992065
649.2369385
648.994873
649.0559082
649.7716064
652.4857178
653.9581299
654.3829956
655.1934204
656.0562134
656.536499
657.6239624
660.635376
661.8657837
662.322937
662.5612793
662.4086914
662.0999146
663.6025391
666.2524414
666.6175537
666.8661499
667.411377
667.750061
668.2811279
671.8302002
673.0444946
673.6426392
674.3403931
674.3643799
674.2511597
674.3682861
675.1993408
677.8267212
678.7450562
679.6071777
680.3157349
680.6408691
680.1050415
679.2998047
680.7475586
684.5090942
686.2305908
686.5446167
686.4746704
685.7214355
685.9198608
685.9346924
686.0566406
686.4645996
689.524231
689.8339844
690.3868408
690.4456787
690.8916016
690.7415161
690.6696167
691.3344116
692.2879639
693.663147
694.2639771
694.4996338
695.5180054
696.8692017
696.1862793
696.1437988
696.5598755
696.6845093
696.673584
696.5976562
696.5452881
696.4649048
696.3372803
696.484314
696.6711426
696.4683838
696.6988525
696.9016113
696.9337769
697.0170288
697.0813599
697.3376465
697.9840088
698.6068726
698.7631226
698.882019
699.3068848
701.6132812
704.1498413
704.055603
703.7539062
703.2354126
702.8069458
702.7650757
703.0913696
703.3013916
703.7574463
705.1212769
705.8228149
706.0405884
706.8930054
708.7628784
709.9316406
710.4750366
710.3537598
710.3067017
710.3994751
710.4197388
710.6988525
713.3560791
715.0115967
715.2310791
715.3690796
715.574585
716.4301147
717.5265503
719.4442749
722.5948486
723.6507568
724.5255127
725.9465942
729.0576782
729.1324463
729.5263672
729.8271484
730.4406738
732.2833252
734.7433472
735.3075562
734.947937
735.1235352
735.8168335
736.5800781
737.6297607
739.9417725
739.9570312
740.2458496
740.9364014
743.3451538
744.1386108
744.7890625
744.7122803
744.8566284
746.2825928
748.9078979
749.4696045
749.5982666
749.6646118
751.0098877
752.0046387
751.4708862
752.2626343
752.9365234
754.3825073
757.0147705
757.6412964
757.7301636
757.8121338
759.0466919
762.8758545
764.1465454
764.3649902
764.2252808
764.4263306
766.2355957
767.7912598
768.414978
768.3800049
769.3365479
770.267395
770.9302368
771.3668213
771.8193359
772.6341553
773.4156494
773.8091431
773.864563
773.5123291
772.0302124
770.9078369
769.8666992
769.3363037
769.2351074
769.331665
769.3766479
767.8605957
765.3622437
764.0650024
760.8241577
758.3270874
756.8621216
755.875061
753.9134521
753.366272
754.3393555
752.7878418
750.2149658
748.1401367
748.1920776
748.3707275
748.3039551
748.3652954
748.793335
749.2340088
749.1315918
748.8893433
748.3968506
748.0603638
747.7919312
747.1412964
746.2488403
745.9138184
745.8948975
745.9264526
745.8864136
745.7261353
746.1719971
746.7038574
745.890686
743.5993652
743.2365723
743.1907349
743.2590332
743.2562866
743.0455322
742.4949951
740.8978271
738.4082642
737.3356934
736.6392212
736.046875
735.2963867
733.2259521
730.6182861
730.055542
729.6644897
729.3459473
727.8078613
725.3477173
724.4824219
723.953186
723.4891968
722.8631592
722.0137939
721.6314697
721.163269
720.8017578
720.8005371
720.8445435
721.0932007
721.0560303
721.3292236
722.1317139
723.3189697
724.3634644
724.9950562
725.442688
727.3191528
729.8428955
730.257019
731.0779419
734.3257446
736.3664551
736.9699097
736.9085693
736.8540039
737.2845459
737.875
740.4321899
741.7460938
742.3102417
742.6015015
742.7518311
742.763855
743.4833374
744.2693481
744.3010864
744.1994019
743.8461304
743.0001221
742.8461304
742.3253174
740.2494507
737.3417969
736.411499
735.3798828
733.1258545
730.284729
729.6716919
716.5739136
716.265686
715.6721802
715.4265137
715.2915649
715.1315918
715.3191528
715.5482788
716.0924683
716.3129272
716.5925903
716.9085693
717.3723755
717.7487183
717.927063
717.854187
718.0910034
718.2780762
718.1777954
718.5609741
718.8068237
718.7993164
719.3109741
719.4846802
718.9925537
718.25354
718.083374
718.2600098
718.3977051
718.166626
717.927124
717.8760376
717.7238159
717.3983154
717.3695068
719.3687134
722.0098877
723.1602173
723.1682129
723.4696045
723.9264526
724.0240479
723.9960938
724.2240601
724.1026001
724.5100098
724.4588013
725.7423096
727.8060303
728.184021
727.9404297
727.5604248
727.5109253
727.442627
727.6098633
727.7281494
727.7453613
728.043335
728.4517212
729.3132324
731.6660767
733.7885742
733.7730103
733.4975586
733.2788086
732.9108276
733.0299683
733.4636841
733.3623047
732.8790894
732.6252441
732.5474243
732.7226562
733.0905151
733.7921753
734.7052002
735.546814
735.3782959
734.9071045
734.5649414
734.2752075
733.9744263
733.8066406
733.718689
733.6218872
733.4905396
733.2526855
732.9695435
732.036499
729.5124512
728.6144409
728.7304077
729.0772095
728.9066162
729.0582275
728.7837524
728.4934082
728.3677368
728.2918701
728.2922974
728.3069458
728.289856
728.1499023
727.8331299
727.2372437
724.7276611
722.8008423
722.5786133
722.6972046
722.7511597
722.7393188
722.513916
722.2355957
721.8648071
721.5375977
721.5135498
721.4066162
721.4260864
721.4146729
721.348999
721.3711548
721.3627319
721.1322021
720.9575806
720.9950562
721.3830566
721.5369873
721.9058228
722.3128662
722.8562622
723.1245728
723.3908691
723.6901855
724.1351318
724.894104
726.5949707
728.2486572
728.8161011
729.757019
732.4286499
734.4904785
735.1085205
735.2664795
735.0990601
735.4736938
735.6427612
736.7713623
739.602356
740.1287842
740.2652588
740.3282471
740.9783936
743.8045654
746.013855
745.8208008
746.0261841
746.1459351
746.270874
746.6358032
746.744812
746.6984253
747.0274048
747.618103
750.0341187
753.0463867
753.5882568
753.8328247
753.8535156
753.2759399
752.6466675
752.383606
752.2705078
752.1768799
752.2939453
752.6328125
752.6396484
752.6471558
752.6995239
752.696106
752.765686
752.7131958
752.5579834
752.3023071
752.213623
752.6724854
755.8931274
757.9602051
758.5890503
758.739563
758.9552002
759.3039551
759.5513306
759.2301025
758.6815796
758.6182861
758.3752441
757.9813232
757.9754028
758.0058594
758.0979004
758.3249512
758.4970093
758.6866455
758.9596558
759.2162476
759.307373
759.3121338
759.2814941
759.1566772
758.7418213
758.2756958
758.1717529
757.7879028
758.140686
758.7766113
759.2009888
758.4898682
757.7468872
757.6290894
757.7272949
757.6252441
757.5078125
757.3374634
757.3163452
757.5083008
757.7857056
758.0335083
757.9790039
757.9107666
757.8596802
757.8656616
757.7714233
757.7250366
757.7057495
757.7942505
757.798645
757.8847046
757.9506226
757.949585
757.9381104
757.84375
757.6317139
757.5003662
757.4418335
757.489563
757.743103
758.0722656
758.8148193
760.0601807
760.7921753
761.0003052
762.9349365
765.9873657
766.7542114
766.6932983
766.3007812
765.5588379
764.4477539
762.6972046
760.8951416
759.5016479
758.5723877
758.3713989
758.8733521
759.737854
760.0829468
760.3961792
761.5637207
763.1138916
764.0970459
764.4976196
764.7282104
764.8814697
764.8245239
764.8179932
764.4871826
764.5211182
764.7347412
764.7579346
764.84375
764.9989624
765.0212402
765.1109619
765.0565186
765.0678711
765.4953003
765.9518433
766.2771606
766.2799683
766.2017822
765.8079834
765.6060791
765.5130005
765.6287842
765.4630737
765.4420776
765.5455322
765.6730347
765.6798096
764.8768311
761.9677124
759.9459839
759.1262817
758.4893799
758.0267944
757.8684692
758.2283325
757.9716187
754.8794556
753.0498047
752.8197021
752.6115112
752.5042114
750.4821777
747.9241943
747.3289185
747.3136597
747.3771973
747.3554688
747.2536011
746.3882446
743.4320068
742.432373
741.3394165
739.4451904
738.3209229
737.1338501
734.7060547
733.8814087
733.6252441
733.3473511
732.6359253
730.7387085
728.7697754
728.5938721
728.4708252
728.2294922
726.8181763
724.1144409
722.7914429
722.1675415
721.8031616
721.3818359
720.4523315
717.590271
716.3322144
715.6137695
714.9549561
714.0483398
712.1468506
710.4467163
709.9980469
709.3961792
708.1540527
705.9973755
704.9418335
704.5025635
704.0059204
703.8215942
703.703064
702.7421265
700.3561401
698.8223267
697.961792
696.3815308
693.9390869
692.5213623
691.6849976
690.4420166
687.9140625
686.6306152
685.9746704
685.4744263
684.9695435
684.21875
682.0485229
680.15271
680.0554199
680.3508301
680.5479126
680.1677246
677.8165894
675.456543
673.513855
672.0582886
671.4581299
670.701355
668.8757324
667.2605591
666.437561
664.9813843
665.019165
666.1653442
666.1863403
665.4152832
664.3207397
663.0697021
661.9196167
661.0946655
660.6921387
660.7193604
659.2038574
656.2382812
654.9275513
654.3207397
653.9325562
653.1552124
652.4095459
651.3554077
650.0887451
649.6193848
649.3057251
648.6511841
647.2034912
646.4576416
645.767395
643.612915
642.7495117
642.2719116
641.5879517
640.359375
637.7035522
636.8087158
636.5698853
636.4190063
636.0924072
634.6355591
633.4577637
632.9972534
632.55896
632.607666
632.3636475
631.1450806
629.4918213
628.7489624
628.1444702
625.1315308
624.8588257
625.5073853
623.5998535
620.9259033
619.133606
617.3044434
616.4069214
615.9746094
615.8727417
615.5289917
614.2335815
613.7463989
613.9801636
614.0025635
613.4771729
610.7169189
608.8022461
607.9245605
606.4824829
604.9282837
603.1931152
601.637207
600.7947998
600.3338623
600.0785522
599.8753052
599.3829956
596.9976196
594.5314331
593.8809204
593.7799683
593.9587402
594.1674194
594.1432495
593.8811646
592.5290527
589.3952026
588.1791992
588.0250854
587.81604
587.5616455
587.2427979
586.3095703
583.6935425
582.2145386
581.7961426
581.5471802
580.9055786
578.5777588
576.1798096
575.5734253
575.3348999
575.1086426
575.1913452
575.2861938
575.2382812
575.1057129
574.8406982
573.3586426
570.7373047
569.0737305
568.4145508
568.4714355
568.5302734
568.4436646
568.1460571
566.269165
563.6802368
564.1929932
565.0565186
564.012146
561.0620728
559.5888062
558.9022217
557.9835815
556.2327881
553.4693604
552.3945312
552.1785889
551.6483154
550.1868286
547.013916
544.4819336
543.9906006
543.5615845
543.7563477
542.8544312
541.376709
540.5637207
539.6722412
538.541748
537.7967529
537.5116577
535.9851074
534.6477051
533.9088135
532.8049316
531.8258667
531.4296875
529.2335815
528.3701782
528.5377808
528.3084717
527.3758545
525.984375
524.9487915
524.5357666
524.1074829
521.3980713
519.998291
518.595459
516.5961914
515.9953003
515.8004761
516.039917
516.2346191
516.7487793
516.6398926
515.9246216
514.9085083
513.8234863
513.0147095
512.5036621
512.90625
513.5047607
513.8643188
514.5810547
515.6204834
516.5500488
516.6959229
515.3994141
514.7602539
515.9864502
518.0294189
518.0535278
518.1009521
518.1976929
518.3705444
518.6901245
519.5211792
520.5609131
521.5809326
522.1581421
522.4853516
522.5259399
522.121521
521.5942383
520.2196655
519.6160889
519.4818726
518.3314209
516.222229
514.8885498
514.3619385
513.8219604
512.6688843
509.3476257
507.0354309
504.8177795
503.5179749
503.0384521
503.0864563
502.9592285
502.5567322
501.7750549
499.9894104
497.3077087
495.7913208
494.7436523
492.0068054
488.7478638
488.653595
488.7519226
488.3607178
486.3049622
483.91745
482.9492188
482.8249207
481.5466309
479.6032715
478.5273132
478.2200928
477.9105225
477.428772
476.4894409
474.6140442
472.8562622
472.3744507
472.8273315
473.5101318
473.9633789
473.8624878
473.45578
473.3010864
474.6175537
477.4210815
477.8310242
478.1437378
478.3036499
478.8957214
479.2227478
479.430542
479.4441833
479.8933411
481.3733521
482.961792
484.0061951
484.9535828
485.92453
487.4949646
489.0175781
490.1945496
491.4479675
491.6313477
491.7587891
492.1871338
491.289093
490.6903687
489.8465881
489.1034851
489.232605
489.7690125
489.691864
489.535553
489.7122498
489.4632568
487.5886841
485.3292847
484.9696655
484.671875
484.651123
485.0422363
485.2023621
484.8052979
483.9659119
482.664856
480.856781
479.8843689
478.8729248
477.4004211
475.4938049
473.5919189
472.2891235
470.8742371
469.2030945
467.6922913
467.1392517
466.4438171
464.8817444
462.6795959
461.2671814
459.7236938
456.8138123
455.6347046
454.8527832
453.9884644
453.1117249
452.0413513
450.55896
449.153656
447.9671021
446.9814758
446.366272
446.0804138
446.1357422
446.1694336
445.697052
443.9402466
441.603363
440.4909668
439.771759
438.6480103
437.4458618
435.9859924
434.6963196
434.0619812
433.1586914
431.7362366
430.0261536
428.1645813
426.5378723
426.2669067
427.4552612
428.3353577
429.0050964
429.4841919
429.6322632
429.6673279
429.8643188
430.0498657
430.0541992
429.934906
429.7409973
429.4753418
429.1650085
428.8487244
428.4496155
427.7386169
426.7695312
426.0709534
425.2914124
424.4562073
423.5272827
422.7469788
422.1551208
421.6393433
421.2218628
420.790802
420.0766296
419.1912231
418.229126
417.3639221
416.6203003
414.8721008
412.8611145
410.0873413
409.5154419
409.4339905
409.2698669
408.8572083
407.2052307
404.281189
402.9898376
402.3276978
400.0204163
398.7132263
398.3200684
398.3989258
398.1626587
397.3756104
396.973938
396.5411072
395.3407288
393.7171631
391.7476807
390.5581055
388.0735168
384.971405
384.9605408
384.2523193
384.1916809
382.9858398
379.6777344
378.6799622
375.16922
373.5788269
372.8182983
370.9628601
366.853241
366.1782837
366.0133667
365.278595
363.3577271
362.7045288
362.4377747
362.1352234
361.3014526
358.8919678
357.185791
357.3864746
357.8756714
358.4940796
359.005127
361.8733215
362.5422058
361.8226624
360.2380371
359.3718872
358.8993835
358.5029297
359.559845
359.6234741
361.0315552
362.3747864
362.2335205
358.7216492
357.9581299
357.8427734
356.3510437
355.8873901
352.8419495
352.4933777
351.6672974
349.9115601
345.996582
345.321991
344.7085266
344.1534119
340.7394409
339.5917969
337.9670105
333.7988892
332.9069824
332.1390686
331.5452881
330.9971313
330.4245605
328.8444824
328.2290649
329.9420776
329.9563293
330.4864807
330.7838135
330.7389832
330.8001099
330.510437
330.2640076
328.9979553
328.9353027
326.1204224
324.4379578
323.3901062
322.8395996
322.3684387
318.3781433
318.1095886
317.5023193
318.0332031
319.514801
316.8347473
317.0101624
318.6640625
320.0942078
324.6348877
325.2401733
326.2375793
326.8271179
325.2651062
323.424469
321.7836304
321.7438354
322.2601318
322.4179382
323.228241
323.6198425
323.6431274
323.891571
324.9580994
326.0214539
326.9763184
328.1489868
330.3810425
333.1350403
336.08255
336.9671326
337.2511902
337.0162659
335.0550232
333.5011902
330.6415405
328.2460327
330.0390625
330.6181946
330.4973145
330.5116882
330.5368042
330.708313
330.5107422
328.9578247
328.6705627
325.7541504
324.1911621
323.235199
322.9517517
320.4580688
318.45755
317.9917297
317.582489
318.4331665
319.7346191
319.9820862
319.755188
319.2864075
318.8484192
318.6307373
319.0829163
318.0714111
314.5549927
312.2506714
310.7892151
311.5202026
312.1985474
312.063385
312.120697
312.3492126
312.2973022
312.1982117
311.5604858
310.8563843
311.0521545
312.2118225
312.5353088
312.3970337
311.1693115
309.1846619
308.5878296
308.5421753
308.5083618
308.4255066
308.9535828
308.9416199
307.8195496
305.9674683
307.1870117
308.671936
309.6732483
310.293396
310.9772949
311.5401001
311.7350464
312.1376953
312.4644165
312.8399048
313.1699524
313.4076538
313.5775452
313.6485901
313.2409363
310.8768921
309.6208191
311.2944641
311.6833191
310.2285767
305.1078491
305.848877
309.0773926
311.1498108
312.0285034
312.1167297
311.9499207
314.254364
315.7600403
315.2709351
315.8927002
318.1192627
320.1064148
321.6898804
323.4302063
325.4334106
327.4893188
329.0291443
329.3155823
325.7358398
320.6252136
315.2041016
312.028717
305.3799744
302.9081421
302.6087952
302.565094
302.1938782
302.4919434
302.950531
303.4795532
304.5187378
308.2729187
309.4767151
307.6833496
305.4589844
303.7604065
308.3770447
312.3405762
315.0004272
315.0004272
314.7557068
312.4150391
310.4442444
310.3553467
312.3919373
313.4971008
314.4720459
315.9136963
318.8867493
321.3891296
323.1751099
327.0806885
329.5345459
331.4993896
332.4857788
333.0681458
333.0902405
332.9755249
332.0285034
331.1603088
330.2193604
329.6355896
329.3549805
328.7893066
327.5509033
326.6194458
324.6901855
322.5664673
322.5412292
323.1259766
323.660614
324.1517944
323.9631653
322.9405212
321.002594
317.1391907
314.4966431
313.5240173
312.4909363
310.4500122
310.3293152
312.1551208
314.5668335
315.1331482
316.5172729
318.3184814
319.861145
320.5609436
319.9891663
319.7280273
319.0652466
316.7983093
318.7918701
321.4400024
321.5650635
319.658905
317.1204834
318.7963257
318.952179
316.7373657
314.849762
315.6239624
316.8734436
316.2824097
315.7572632
313.3195496
310.0354919
309.2008972
309.7095642
311.4720154
310.8516541
311.2997437
312.5502319
312.1820679
312.5348816
314.9184875
316.3703613
314.8983459
317.0412292
318.9824219
318.5305176
316.0033569
314.793457
316.0274353
316.894928
316.1080322
315.4082031
312.2777405
309.743866
308.6721191
307.7854004
306.2254333
304.8457336
304.4490662
304.4185181
304.5418701
306.5872803
309.9502258
311.4666748
312.1793518
312.2484436
311.843811
312.3835144
312.8442078
313.9201965
314.7368164
314.990509
315.0071106
315.612854
315.6997375
315.5076294
315.3945923
315.153595
315.2681274
315.111969
315.1094666
315.2995605
315.1300354
315.1375732
315.5381775
315.8265686
316.0612793
316.3022461
316.5329285
316.5952759
316.4576721
316.3285828
316.0153198
315.4679565
315.978363
316.3136902
316.1714172
316.0408325
315.9416809
315.9272156
315.7859192
315.5994568
315.4513855
315.1438599
314.6585999
314.1769104
313.7478333
312.9147949
311.8352356
311.2874146
310.873291
310.7254333
310.707489
310.7388916
310.8804932
311.1076965
310.6996765
310.6720581
310.4387817
309.3146057
309.0265503
308.9972229
308.8179321
308.6135559
308.7362061
309.0163269
308.3942261
306.0095825
304.3520508
305.072937
306.9428711
308.8862
310.3862
311.144043
311.1593323
310.4421387
309.7376404
309.4217834
309.5120544
309.375946
307.1943054
304.3083801
303.3142395
304.0465088
303.6143494
303.0931396
302.7603455
302.7874146
303.1304016
302.7346191
302.4397888
302.3376465
302.6444702
302.7839355
303.0956726
303.0242615
302.937439
302.7913818
302.5758057
301.1409302
299.7565002
298.7931519
298.1720886
298.1608582
298.1628723
298.0645447
297.8664246
297.8168945
297.7357483
297.2202454
296.93927
296.9013977
297.0210876
297.3005066
297.312439
297.2202454
297.0855103
297.1019897
297.0108032
296.685791
296.4959412
296.4145508
296.4185181
296.536499
296.8662109
297.1688232
297.4182129
297.6170349
297.7089539
297.681366
296.6644897
294.6993713
292.1470337
292.0722656
291.8085938
291.4928589
291.2386475
291.5358887
291.9050903
292.0975952
291.9360962
291.8618469
292.7315063
294.5737
297.6011047
298.1382141
298.0642395
297.7393188
297.1028748
296.2129822
294.8800659
294.7619934
294.5726013
293.9735718
292.8987732
292.7356873
292.5879822
292.3652344
292.2227478
292.0028076
291.8727112
291.6970215
291.5585022
291.4267578
291.2297668
291.0734863
290.9183655
290.8124084
290.7354736
290.7205505
290.7279968
290.7118225
290.7285461
290.767334
290.773468
290.7978821
290.8301697
290.9371033
290.9445496
290.9661865
290.8108215
290.52948
290.0764465
289.5671692
288.9508667
288.3394165
287.9200134
287.6882324
287.7194824
287.7710876
287.8135681
287.9599609
288.0070801
288.0716553
288.0756226
287.9472961
287.8948059
287.7528381
287.6242981
287.5524902
287.3853149
287.2892761
287.0730896
286.7946472
286.65625
286.3483887
286.1546326
285.9689636
285.6653137
285.6184387
285.3491821
285.188446
285.1737671
285.0391846
285.0090027
284.90448
284.7659607
284.6790161
284.5783081
284.4999695
284.4348755
284.4252625
284.3747559
284.2168579
283.9757385
283.6292114
283.1470032
282.6219788
281.7945251
281.1819763
280.859314
280.6820068
280.5545959
280.4218445
280.224762
279.9076233
279.3904114
278.664032
278.1173706
277.9352112
278.2013855
278.8292847
279.405304
279.9025879
280.3831177
280.925354
281.5196533
282.0992737
282.6798401
283.2853699
283.8597412
284.3301697
284.6265869
284.7861328
284.9929504
285.2015991
285.4094543
285.5937195
285.7384338
285.9073792
285.9905396
285.9651489
285.8419495
285.6361389
285.400116
285.0980835
284.7031555
284.1237183
283.2590027
282.1987305
281.3987122
280.7833252
280.2835693
279.9262695
279.719635
279.6199341
279.5761108
279.484375
279.3691406
279.2373962
279.0969849
278.9725952
278.8596802
278.7363586
278.6277771
278.5539551
278.516571
278.5174255
278.5624695
278.6100159
278.6272888
278.608429
278.563385
278.511322
278.4572449
278.3998718
278.4072266
278.4385376
278.4598694
278.4545898
278.392395
278.3242798
278.2958374
278.2934265
278.2999878
278.307312
278.3112488
278.3082581
278.3144226
278.3361206
278.3716736
278.4208374
278.4888916
278.5949707
278.7097778
278.7833252
278.8306885
278.8745422
278.9281311
278.9674683
278.9582214
278.9655762
279.0198975
279.0899048
279.1417847
279.1899414
279.2539368
279.3144531
279.3893738
279.5391235
279.7072144
279.8076782
279.825531
279.8109131
279.8209229
279.8595276
279.8825073
279.8713684
279.7997437
279.649231
279.525116
279.4835815
279.4700623
279.3885803
279.2166748
279.1741638
279.3934937
279.6452026
280.0548706
280.788269
281.8542786
283.1019897
284.2419128
284.9235229
285.158844
285.0930176
284.9958496
284.9335938
284.893219
284.9963074
285.1194458
285.1639709
285.1750183
285.1676636
285.146637
285.1295166
285.0787048
285.0482178
285.0532837
285.0057678
284.8352966
284.5484924
284.2105713
283.8770447
283.6381836
283.5558167
283.5690613
283.5945129
283.6244507
283.6985474
283.859436
284.0513306
284.2046204
284.341217
284.474884
284.633728
284.8326721
285.0404663
285.1335754
285.2389221
285.4456787
285.5501709
285.5178223
285.4333801
285.4098206
285.4866943
285.4736938
285.3137207
285.2475891
285.2697449
285.3025513
285.3245544
285.4283142
285.5431213
