200.34564209
201.01902771
201.222442627
200.852249146
200.357452393
200.586227417
200.070449829
197.227096558
196.332733154
196.042510986
195.877059937
195.712997437
194.652999878
193.022033691
191.785568237
191.113632202
191.06539917
190.912124634
189.945541382
188.556854248
186.713577271
185.104812622
184.137283325
183.588989258
185.927444458
188.599136353
190.365371704
192.033004761
193.299591064
193.857376099
194.262359619
195.220062256
196.264053345
196.887985229
197.87310791
198.679595947
199.289733887
199.33039856
199.117355347
199.388015747
199.94871521
200.397613525
201.789627075
203.151290894
205.003814697
206.356842041
206.922027588
208.7472229
211.458480835
213.137359619
214.697860718
215.999328613
216.440536499
217.352294922
217.878845215
218.089553833
218.227111816
218.372787476
218.061248779
216.603546143
215.980941772
215.854660034
216.611434937
216.973739624
216.877746582
216.178649902
214.020950317
212.1118927
209.960403442
208.731216431
208.201889038
206.756057739
206.006729126
205.230392456
204.280349731
203.304977417
202.370666504
201.866622925
201.624893188
201.005081177
200.088043213
199.585739136
197.99961853
196.550460815
195.769592285
195.178192139
193.895874023
191.693069458
189.454818726
187.931655884
186.981246948
184.512893677
183.042312622
181.628326416
182.197021484
182.290588379
182.160491943
182.499557495
181.860046387
180.65411377
178.703094482
177.282287598
176.483657837
176.34262085
175.608886719
175.901855469
173.682876587
173.821762085
176.959701538
177.318450928
178.854492188
182.19644165
187.223739624
188.559234619
188.761428833
191.292022705
189.132720947
186.788803101
185.441604614
185.946929932
186.553924561
187.191604614
188.555648804
190.132827759
190.62852478
191.414367676
191.250701904
188.936950684
187.384918213
187.180999756
188.406768799
189.836456299
190.893493652
191.474060059
191.668960571
192.57699585
193.812103271
194.167892456
194.150512695
194.522094727
194.86076355
194.720565796
194.639709473
195.088653564
196.685760498
195.564102173
195.594482422
197.227157593
200.102508545
201.209152222
202.064529419
202.390441895
202.76499939
203.169784546
203.726623535
205.04598999
206.797409058
207.864624023
211.036422729
214.724105835
217.543914795
220.210769653
223.970458984
225.437164307
229.228729248
229.959487915
228.252593994
226.069595337
225.392776489
223.608825684
222.917221069
223.387771606
223.34942627
223.101928711
223.597412109
223.700576782
222.451080322
220.528213501
220.219696045
220.565994263
222.276016235
222.523330688
221.479125977
219.477752686
219.44960022
219.178695679
218.771270752
218.355270386
217.988037109
218.288589478
218.217681885
217.904907227
217.140548706
216.343292236
215.47807312
213.385955811
212.618377686
210.642791748
209.720550537
208.572921753
208.346618652
208.351165771
208.661849976
208.861907959
209.999481201
210.172531128
208.960388184
207.08581543
206.861053467
206.271530151
204.985107422
204.024642944
203.40447998
202.295547485
200.904632568
199.374404907
197.966247559
197.955474854
196.754577637
194.953720093
193.476486206
191.633743286
190.862426758
190.444442749
189.368469238
188.515014648
188.50189209
189.499038696
192.033828735
191.645904541
192.205184937
193.881622314
195.511856079
196.235961914
196.616729736
195.8984375
194.79019165
193.668487549
190.962402344
187.846725464
184.808105469
184.392654419
186.073989868
187.334197998
189.540481567
191.158721924
191.191345215
189.243103027
186.79006958
185.655105591
189.720046997
191.381088257
191.810470581
190.697662354
189.273498535
186.669265747
183.926864624
185.907424927
185.985397339
186.446090698
189.130096436
190.405639648
192.384628296
194.809356689
197.411911011
199.561676025
201.055664062
201.191757202
200.668457031
199.427200317
198.560073853
201.341217041
204.053131104
205.130722046
206.496856689
206.766433716
206.661529541
206.766784668
206.632171631
205.847320557
204.790496826
206.082092285
207.241455078
208.093017578
208.914260864
207.834014893
207.313735962
207.341384888
208.599456787
209.442871094
210.139022827
210.316604614
210.310058594
209.879760742
209.041351318
210.12411499
210.295639038
212.512969971
213.087860107
213.128707886
213.501983643
215.889450073
215.931610107
215.955474854
216.533065796
214.201522827
212.658477783
210.218582153
207.224578857
204.446731567
202.05027771
199.729141235
197.866668701
195.186325073
194.977416992
195.477020264
194.605758667
193.161697388
191.937423706
192.201156616
192.294769287
192.607528687
192.064178467
192.405166626
193.608978271
194.862350464
197.374282837
197.847854614
198.089553833
198.038208008
197.715393066
194.995315552
193.996444702
193.10647583
192.340591431
191.969223022
192.115951538
193.296707153
194.506744385
195.095443726
196.718276978
196.865463257
194.762786865
194.139450073
192.16519165
190.561416626
188.861038208
191.863510132
194.48638916
197.933105469
197.19480896
195.747665405
195.089324951
195.00920105
195.141616821
192.75958252
190.632156372
186.631759644
183.253692627
183.64239502
184.889221191
186.060455322
186.208404541
185.503051758
183.367675781
180.766311646
179.255722046
177.489715576
177.052352905
178.243774414
178.584854126
178.359436035
177.831985474
176.327041626
176.015869141
175.977737427
174.979537964
174.092910767
172.978897095
173.707122803
174.568786621
174.619476318
173.749664307
173.574203491
172.775939941
171.357147217
170.545700073
170.323135376
170.363342285
169.688140869
168.80569458
168.01020813
167.109848022
168.712921143
168.220611572
168.379592896
168.136688232
167.154785156
168.217300415
169.945083618
170.427246094
172.485595703
171.546722412
171.139694214
172.61668396
173.609436035
173.871307373
174.149871826
174.517745972
174.519058228
174.479446411
174.476791382
174.529388428
174.598220825
174.668380737
174.746337891
175.364318848
175.764251709
176.300949097
176.535980225
177.433517456
178.976791382
179.68711853
181.867584229
182.61289978
185.64944458
185.357452393
181.536804199
177.840454102
176.379089355
174.816345215
173.716064453
175.384735107
176.527542114
176.968475342
178.341278076
178.783187866
177.262924194
177.830627441
178.053939819
178.604232788
179.172958374
179.85496521
181.779876709
181.931686401
183.229507446
184.797241211
186.434417725
187.14616394
188.532058716
189.453033447
194.502426147
198.114059448
199.846862793
199.8306427
197.532318115
195.096130371
194.516799927
196.43170166
200.34475708
203.992660522
204.341659546
206.758865356
210.803421021
216.362319946
223.78326416
228.315078735
233.30255127
236.095275879
233.094955444
229.505187988
226.356079102
220.40914917
216.062438965
212.12046814
208.986175537
206.844146729
207.214233398
207.342163086
207.275085449
206.055160522
208.056838989
207.917953491
208.294952393
208.403869629
206.919143677
204.673110962
204.774719238
202.43107605
199.962966919
197.490219116
195.814376831
195.139282227
194.262161255
193.318130493
194.056777954
196.308242798
194.746841431
197.092590332
201.048416138
211.294067383
213.382400513
212.96182251
212.093521118
213.864486694
215.293273926
215.635925293
216.242355347
216.845489502
212.942092896
212.02986145
207.181793213
201.905776978
200.995101929
200.594085693
195.03314209
193.722427368
195.12008667
195.120025635
195.056335449
195.258560181
197.327941895
200.629928589
201.244476318
200.793121338
201.646774292
204.67010498
205.588272095
207.766387939
207.948013306
208.627944946
213.378799438
214.527099609
215.680664062
220.098449707
221.378372192
222.680084229
226.908798218
229.257614136
233.346878052
234.7918396
237.215530396
239.563720703
240.01914978
240.746536255
239.891937256
237.175170898
234.794845581
231.765213013
229.253982544
226.401687622
222.443023682
219.577545166
215.165267944
213.958175659
210.387191772
207.788284302
206.530792236
203.771148682
201.504928589
200.574691772
197.563369751
194.401748657
191.873672485
189.591720581
188.08430481
186.546600342
185.261611938
184.233978271
183.155822754
182.887771606
183.864944458
183.907424927
184.300323486
184.706756592
185.307922363
185.254760742
185.439712524
185.803726196
186.235946655
186.81803894
187.752075195
188.565643311
188.672592163
189.88949585
190.967895508
191.764648438
192.476608276
193.361938477
194.533950806
195.120223999
195.120025635
195.110397339
195.280487061
196.548843384
197.780426025
199.059616089
199.497589111
199.641143799
199.558868408
199.458602905
199.18586731
199.295974731
199.0209198
198.903549194
199.137466431
199.01071167
199.110229492
199.056793213
199.553604126
200.873641968
201.462356567
202.342514038
203.027206421
203.834869385
204.785003662
205.490386963
205.849655151
206.150512695
206.177963257
206.326400757
206.796554565
206.654541016
207.679901123
208.406478882
208.472549438
209.198440552
210.095291138
211.032546997
212.012176514
211.410476685
212.675308228
214.158599854
215.303131104
216.624069214
217.404708862
217.902130127
218.491577148
220.643280029
220.816864014
220.724716187
221.120758057
222.35697937
222.945632935
221.717391968
221.70652771
222.849807739
223.191299438
223.449874878
223.765625
223.766555786
223.442169189
223.111129761
224.137496948
225.621643066
224.29675293
222.27394104
222.534622192
222.874099731
223.451034546
223.701416016
224.109863281
225.511199951
225.779800415
227.38659668
228.365814209
227.58001709
227.569061279
231.277770996
232.906967163
235.168884277
237.806854248
237.781524658
237.746887207
242.598480225
258.106842041
270.592712402
277.343292236
282.624847412
287.068572998
290.545349121
292.270050049
290.048187256
287.617797852
282.039642334
296.060760498
293.615814209
299.634918213
302.622955322
296.836547852
284.04776001
289.26348877
293.373352051
285.753662109
280.293182373
278.360107422
279.076934814
278.222320557
276.57611084
276.118286133
274.101135254
274.651306152
271.139038086
267.895629883
265.783966064
262.908203125
262.61517334
262.237548828
261.392974854
256.079040527
257.155670166
262.769012451
267.243011475
268.499450684
261.764953613
252.472824097
244.082046509
241.27961731
239.910766602
238.561889648
238.796142578
239.432662964
236.147171021
235.671096802
234.670349121
233.788146973
232.702575684
231.960861206
231.598602295
231.737243652
231.476348877
231.870834351
231.889938354
233.437698364
234.167419434
234.814300537
235.108016968
233.233261108
232.085586548
233.68963623
232.408248901
231.170150757
228.279876709
227.137069702
226.931335449
228.013015747
228.34916687
229.495880127
229.983612061
229.813049316
222.262481689
225.120346069
227.565185547
227.901641846
227.021347046
226.376022339
224.106063843
222.342498779
222.910858154
222.623703003
221.497055054
220.81350708
220.111358643
217.40272522
216.970367432
218.424072266
218.47644043
217.974441528
217.377716064
217.063659668
216.567703247
217.550201416
217.684524536
218.47026062
215.776885986
213.32472229
213.398376465
213.337966919
213.094085693
210.360107422
210.555892944
211.413238525
212.195770264
212.465194702
210.555084229
209.480316162
210.313430786
210.023681641
210.448043823
209.093887329
208.004318237
208.086791992
208.266708374
207.322647095
207.023864746
206.868774414
204.104019165
203.77961731
203.376174927
204.849365234
205.626693726
205.093307495
206.260971069
203.496887207
203.668304443
205.046661377
206.140075684
206.063369751
207.004684448
205.295272827
204.436019897
203.978652954
203.069839478
203.246841431
202.567932129
201.881530762
201.821792603
202.70324707
203.608505249
202.651565552
201.360046387
201.044219971
201.054992676
200.98840332
200.852493286
200.811935425
200.214416504
200.242080688
199.506256104
198.036483765
196.035110474
195.01625061
195.244873047
196.5103302
197.145004272
196.867996216
196.62727356
197.395431519
197.331619263
197.186050415
197.265213013
197.337921143
197.079696655
196.437042236
195.931060791
195.586593628
195.339355469
195.553253174
195.61618042
193.800582886
195.132141113
200.583618164
200.561126709
201.477630615
198.619415283
196.382385254
195.304290771
195.008026123
192.566345215
192.330169678
193.906829834
192.623855591
193.306930542
194.133499146
197.125030518
197.14855957
195.942169189
194.388092041
193.311645508
192.778839111
192.942901611
191.917648315
192.882324219
192.709579468
192.098754883
191.346069336
191.121673584
191.468490601
192.072555542
192.566299438
192.924346924
193.304855347
193.378646851
192.785354614
191.297073364
189.915924072
189.369384766
189.243286133
189.139694214
188.918212891
188.916015625
188.935134888
191.187957764
191.591171265
190.964294434
191.454666138
192.299575806
192.312042236
191.61177063
190.445114136
189.355758667
188.997436523
188.729949951
188.639282227
188.787246704
188.67010498
188.602462769
188.028442383
187.356872559
186.561553955
185.695831299
184.852371216
183.609893799
182.816818237
182.816009521
182.816009521
182.816009521
182.816009521
182.816009521
182.816009521
182.816009521
182.816009521
182.816009521
182.816009521
182.816009521
182.816009521
183.195739746
184.393066406
185.960067749
184.844528198
183.922454834
186.851516724
188.903320312
188.695266724
188.772384644
189.015472412
189.859970093
190.633148193
189.818725586
190.052703857
189.32258606
189.201385498
189.815567017
189.92980957
190.470489502
191.738723755
191.753250122
189.628250122
188.916030884
188.856246948
186.326202393
187.116104126
187.499710083
189.186233521
189.488311768
190.827102661
188.483001709
187.785247803
186.913909912
186.295410156
187.060211182
188.000747681
187.617889404
187.567733765
188.297103882
189.578781128
190.424636841
190.516448975
189.341567993
188.914962769
188.866119385
187.308441162
185.175033569
185.95930481
186.508071899
185.932876587
184.969284058
184.566070557
184.638290405
184.887527466
183.994384766
182.974945068
182.818725586
182.985977173
180.667358398
179.568893433
183.319473267
182.940444946
182.360519409
182.810119629
182.748153687
182.57081604
183.182739258
186.463485718
186.713607788
191.04486084
197.281982422
200.926712036
202.263046265
202.326705933
204.333450317
205.895904541
198.52947998
199.020477295
206.920150757
207.798706055
209.283309937
211.108428955
212.495635986
214.254455566
214.452041626
211.908584595
210.025222778
205.892944336
203.659805298
204.55557251
204.676040649
204.448516846
206.078582764
205.944000244
207.078384399
210.380874634
210.948684692
210.487594604
210.894119263
210.301773071
210.933685303
212.776733398
214.04536438
215.531906128
216.225143433
215.092224121
215.911972046
216.835525513
217.424285889
218.433807373
219.336471558
220.687789917
221.488250732
223.534713745
224.190948486
225.327804565
228.159469604
230.499847412
229.135040283
231.889877319
233.156021118
233.091796875
233.493347168
234.864593506
237.50831604
237.717224121
239.929351807
240.916641235
240.352111816
243.597412109
243.574264526
248.753265381
253.548980713
258.315155029
256.810211182
258.434692383
261.973815918
270.651763916
273.523071289
278.621002197
280.566192627
277.483428955
273.536743164
278.216186523
281.968444824
278.343963623
269.940826416
275.597412109
281.478485107
281.78604126
281.341003418
279.83883667
277.284362793
273.967407227
268.582885742
267.268676758
275.169891357
280.104858398
281.332214355
283.574615479
282.843963623
282.271026611
282.854553223
282.397003174
281.446716309
280.512634277
282.392456055
283.508972168
282.045318604
281.577087402
281.727142334
281.975219727
281.468475342
280.41607666
280.412780762
280.475128174
280.639923096
280.882385254
278.713775635
280.927307129
282.812835693
282.139587402
281.277313232
283.315002441
283.483947754
283.276733398
281.173950195
281.800292969
281.825317383
280.680358887
280.670349121
283.087646484
284.717254639
284.976104736
284.980712891
284.250915527
282.707489014
281.492218018
281.165100098
281.37612915
280.66027832
281.297210693
282.381072998
282.575531006
281.264801025
280.430175781
280.940124512
282.006622314
281.901092529
281.507019043
280.836853027
283.652099609
285.569549561
286.434448242
286.524078369
286.919647217
289.420227051
287.62387085
287.372680664
287.2784729
287.167602539
286.827606201
286.965148926
290.00012207
291.165405273
291.473876953
290.952148438
289.828521729
287.951782227
286.861083984
287.95892334
291.928222656
291.979003906
290.29788208
287.953491211
286.375396729
288.375244141
292.771484375
293.023773193
290.366424561
286.184143066
293.715606689
291.114624023
287.709014893
292.872741699
292.790100098
288.86227417
287.029632568
292.331085205
291.536102295
284.56552124
281.214233398
284.523925781
286.638916016
288.202545166
291.942108154
292.568145752
293.678405762
293.788208008
293.267303467
292.082122803
289.377532959
290.688232422
291.348388672
287.334564209
291.749572754
287.607940674
284.27722168
281.520874023
280.460144043
281.139526367
281.415527344
282.561645508
283.086242676
285.438415527
286.061126709
287.352355957
291.757385254
292.140411377
293.305175781
295.373413086
296.616760254
297.498565674
297.749237061
297.79083252
297.752471924
297.559692383
297.202423096
296.803161621
296.468811035
296.276397705
296.262786865
296.046661377
296.375640869
296.213256836
295.959869385
295.608215332
295.26776123
295.069274902
294.742919922
293.947814941
293.234069824
292.684844971
291.183044434
289.767791748
289.214416504
289.377532959
290.139282227
290.483856201
289.794342041
287.887908936
286.287719727
282.502593994
277.680389404
272.887908936
279.041503906
287.972137451
290.323699951
289.920288086
288.135131836
286.858306885
286.436584473
287.136962891
287.228820801
288.883483887
289.640136719
291.497192383
292.677490234
292.670776367
292.826873779
292.20703125
291.231658936
293.063232422
292.372711182
292.354370117
292.816925049
291.296020508
289.121520996
287.20211792
285.660461426
279.884735107
281.919586182
286.980712891
287.544128418
287.848907471
287.578277588
287.442199707
287.73348999
288.89465332
289.748168945
290.614654541
292.123413086
293.080413818
293.525024414
293.296478271
293.925170898
294.698760986
295.437042236
295.995605469
295.857574463
295.975036621
295.597869873
294.438446045
292.753936768
291.920135498
291.266815186
292.030334473
292.604736328
293.226470947
293.261505127
293.293701172
293.173828125
293.025970459
292.90536499
292.917388916
292.456512451
292.268249512
288.174682617
280.777099609
289.180328369
289.798553467
288.450744629
285.878387451
284.882873535
279.41986084
280.287811279
283.467987061
286.37121582
287.850128174
289.343688965
289.046203613
288.928741455
290.364440918
285.102752686
290.288787842
289.036529541
286.625732422
286.431488037
289.366516113
286.240997314
288.757904053
289.174499512
288.155395508
287.766723633
278.685302734
276.968292236
274.339935303
281.714508057
289.599761963
286.45010376
286.80456543
289.545257568
285.211608887
286.806488037
289.803161621
284.636108398
285.070861816
289.799224854
289.985534668
291.836791992
292.464630127
291.909912109
293.15423584
294.334655762
292.25012207
292.157623291
291.800689697
293.238952637
293.05090332
294.564453125
293.137664795
291.02230835
287.661254883
287.567718506
287.929595947
286.918304443
285.643035889
283.162780762
282.244293213
281.74407959
280.448242188
275.740509033
274.533477783
280.73739624
280.621734619
280.111602783
286.107086182
288.965148926
284.703063965
271.762237549
270.758728027
260.462554932
256.097595215
260.47833252
261.578552246
248.549972534
248.418395996
248.496398926
240.3540802
237.871414185
241.317199707
237.577789307
232.608413696
229.253341675
229.103515625
224.4712677
224.322982788
224.331817627
223.603881836
220.014541626
222.99382019
224.511108398
223.060562134
219.974716187
215.866470337
214.573150635
215.665161133
215.65473938
216.70401001
215.494659424
213.416183472
214.480026245
213.896987915
211.303634644
209.5703125
208.743255615
208.466140747
208.263458252
207.541854858
206.94317627
206.379623413
205.617340088
204.991104126
204.106124878
203.105880737
205.15687561
203.293060303
200.925827026
201.011154175
200.496612549
201.012710571
199.364990234
200.179977417
200.740112305
202.063293457
201.28729248
199.281097412
199.638031006
200.677307129
199.608932495
204.235687256
202.672454834
196.74911499
194.582000732
195.45539856
197.801834106
198.831039429
196.037078857
194.694366455
193.035263062
191.847900391
190.847732544
190.22203064
189.076370239
189.02746582
190.135025024
190.416320801
189.02520752
190.79536438
190.410675049
189.366256714
188.096435547
187.375274658
186.912582397
186.310272217
185.730148315
186.057418823
186.670028687
187.833053589
187.842163086
188.104446411
189.971389771
193.085693359
193.460159302
188.056503296
185.180953979
184.644454956
183.982955933
182.262878418
180.402008057
180.596252441
179.91595459
180.082717896
179.347045898
179.343032837
179.878601074
179.410324097
179.277923584
179.210250854
178.83442688
178.060012817
177.353042603
177.84552002
177.177810669
175.863769531
174.91229248
174.368942261
173.660705566
173.392608643
173.303787231
173.171737671
173.222854614
175.71862793
175.98979187
171.670547485
171.427307129
170.793411255
170.181747437
169.602401733
169.399490356
169.180618286
168.961029053
168.669647217
168.3462677
167.892089844
167.549530029
167.29536438
167.336181641
167.373443604
167.361923218
167.231033325
167.260772705
167.464523315
167.161987305
167.170593262
167.117782593
166.587799072
166.436279297
166.301422119
166.140930176
165.872665405
165.61630249
165.35546875
165.307846069
165.215835571
165.177246094
164.905395508
164.5728302
164.399490356
164.492935181
165.603240967
166.133300781
166.49180603
167.00012207
167.365936279
167.635055542
167.724990845
167.472015381
166.97253418
166.387817383
165.586776733
163.72795105
164.068572998
163.781539917
164.464431763
165.725128174
166.848464966
167.499557495
167.810806274
167.701568604
167.521820068
166.963241577
166.056518555
164.62286377
163.83114624
162.878845215
162.266983032
160.616912842
160.080886841
160.138763428
160.272171021
160.586181641
160.896408081
161.77507019
161.846755981
161.609603882
160.789916992
160.397628784
160.513259888
161.027603149
161.532653809
159.328491211
158.577072144
158.437988281
158.267501831
158.039352417
158.753982544
159.690612793
159.789596558
158.872161865
158.591400146
158.211257935
157.812713623
157.37828064
157.242660522
157.138717651
157.006011963
156.962051392
157.518173218
157.990814209
157.517654419
157.136047363
157.115585327
157.237792969
157.45072937
157.853118896
158.042175293
158.024353027
157.980041504
157.764007568
157.606811523
156.64100647
155.428787231
155.147949219
155.243347168
155.57649231
155.837158203
156.05569458
156.043960571
155.71484375
155.787185669
156.094863892
156.326248169
156.062667847
155.697570801
155.867050171
156.430984497
157.123977661
157.655838013
157.777770996
157.596908569
157.153411865
157.020492554
157.493011475
157.718261719
157.905517578
158.006118774
157.748138428
157.39616394
157.739654541
157.844543457
158.084396362
158.865249634
158.505905151
157.056182861
154.550491333
154.404266357
154.297027588
154.161911011
153.88722229
153.479598999
153.057739258
152.551010132
152.068466187
151.499664307
150.80015564
150.391891479
150.822555542
151.543182373
151.862457275
151.709869385
152.018829346
151.969894409
151.551895142
151.415359497
151.735977173
151.629013062
151.803344727
151.970550537
151.863800049
151.827667236
152.355331421
152.701858521
152.305801392
153.322982788
157.110580444
158.042098999
158.008605957
156.926330566
155.310684204
154.418792725
152.62612915
152.368301392
152.306259155
152.171707153
152.094955444
151.659866333
151.206741333
150.899993896
150.695571899
150.641845703
150.483047485
150.36390686
150.259048462
150.015457153
149.875396729
149.710006714
149.682510376
149.647262573
149.573196411
149.351074219
149.603622437
149.52281189
150.277770996
150.983856201
151.148117065
151.126815796
150.72567749
150.301925659
150.824707031
151.318740845
151.562454224
151.531524658
150.886184692
148.773849487
148.603713989
148.945236206
149.126022339
147.504943848
146.965133667
146.717330933
146.748916626
145.868881226
146.151504517
149.493484497
149.373016357
152.509735107
153.366928101
156.371078491
157.969177246
161.511245728
161.819717407
162.384002686
166.160858154
169.266983032
171.89251709
174.151443481
175.157546997
178.188415527
181.967346191
182.810028076
182.215591431
181.777359009
179.602676392
176.053024292
174.690658569
170.717636108
166.18522644
165.80821228
166.132949829
162.025299072
159.560562134
164.67250061
167.88470459
168.319061279
166.713104248
164.495742798
164.751586914
165.058044434
166.969604492
168.550994873
170.721038818
172.635726929
171.291046143
170.101104736
173.792739868
176.265991211
177.07321167
178.065292358
181.178253174
184.422317505
188.0756073
189.386611938
191.486282349
192.975021362
188.783859253
187.309371948
186.029495239
190.286026001
196.0284729
199.152481079
199.642227173
198.954742432
197.590042114
198.003265381
198.161254883
195.291046143
193.265014648
191.841537476
194.968978882
195.230651855
196.000473022
197.036392212
196.45664978
195.619094849
195.35975647
192.010070801
187.807800293
182.296722412
177.977600098
172.814880371
167.529403687
164.78704834
165.227600098
165.801345825
165.769683838
164.771392822
166.764709473
169.321060181
170.097824097
171.096084595
169.868179321
163.283920288
160.983474731
159.331634521
157.151535034
154.087554932
148.431106567
143.65965271
143.588699341
143.506744385
143.505996704
143.505996704
143.520767212
143.599411011
143.704681396
143.568054199
143.505996704
143.515594482
143.562728882
143.668518066
144.459671021
146.140365601
147.700363159
149.938858032
151.635375977
152.61730957
154.13684082
157.303222656
157.690093994
156.644805908
152.466690063
151.045623779
149.125915527
147.140106201
146.781906128
147.044342041
148.790802002
153.69770813
154.569366455
156.951400757
158.194366455
157.981658936
160.982635498
163.742034912
164.703384399
166.558044434
168.684738159
170.188201904
171.301437378
172.618728638
172.98526001
173.000198364
172.458770752
171.506546021
170.670120239
170.609069824
171.911590576
172.607757568
172.531417847
171.840164185
171.485794067
171.573165894
171.224273682
171.403564453
171.401062012
170.827026367
170.855239868
171.036270142
170.874023438
167.434631348
165.044937134
165.496017456
166.281387329
167.2084198
167.735916138
168.231506348
168.835220337
169.342712402
170.740005493
171.624404907
171.848968506
172.456481934
175.023712158
178.898544312
180.453384399
175.925064087
171.767303467
171.632659912
174.5728302
175.543487549
176.237991333
177.275421143
177.807479858
177.569534302
177.463912964
177.655151367
177.973800659
179.916305542
182.76802063
187.295913696
189.867584229
192.344345093
194.954345703
198.66809082
198.903045654
200.063140869
204.694122314
208.633987427
211.708190918
213.17590332
212.718978882
210.916976929
210.488067627
210.840591431
211.948501587
213.721084595
216.119430542
215.700836182
214.043197632
213.338806152
215.601547241
217.109939575
217.430786133
219.456970215
224.251251221
227.971969604
230.697753906
231.797286987
234.190536499
234.606170654
235.449127197
238.085418701
241.231567383
241.317886353
239.245025635
242.10786438
242.355575562
242.159378052
241.353652954
238.494232178
237.738342285
237.205001831
235.145599365
233.431259155
232.154342651
229.985931396
226.989898682
225.98324585
226.251983643
224.32673645
223.567626953
222.102249146
222.211654663
222.366607666
221.584197998
218.930526733
216.515853882
217.154983521
216.731735229
215.619186401
215.324813843
215.128250122
212.223510742
210.477615356
210.482910156
210.759536743
210.501327515
209.986587524
209.637557983
209.53326416
208.009735107
205.588485718
204.31968689
203.22428894
201.309036255
199.606170654
199.332351685
203.379272461
204.610855103
203.837265015
201.562088013
201.447814941
201.256454468
199.311706543
197.048904419
194.513656616
193.35357666
193.656600952
192.981719971
192.057800293
191.479431152
191.233963013
191.114196777
186.744491577
185.643798828
185.572494507
184.566665649
184.476348877
184.656036377
182.839813232
182.521682739
180.474487305
180.005065918
180.047851562
179.905227661
179.841018677
178.857086182
177.788742065
178.244827271
177.865158081
175.863876343
174.851608276
173.460723877
173.66368103
175.015441895
175.024688721
175.619430542
175.491317749
180.301651001
180.973449707
181.532714844
181.895477295
180.939468384
176.140136719
174.517456055
172.224853516
170.68359375
168.269851685
166.1171875
168.692306519
167.770858765
166.652755737
166.385818481
167.120285034
167.720291138
167.773376465
169.366653442
168.791610718
169.816467285
170.323883057
168.1015625
162.475997925
161.111190796
163.862350464
163.89012146
163.648590088
162.308578491
159.801849365
158.925689697
161.061187744
160.509048462
158.077392578
157.246780396
157.232711792
156.960769653
156.761566162
156.453384399
155.123443604
154.689620972
156.298065186
155.51210022
154.669128418
154.253326416
153.892745972
153.308898926
151.642501831
151.322875977
151.832046509
151.851211548
151.787399292
151.892333984
152.061218262
151.873153687
151.759475708
151.451705933
149.437759399
149.073303223
150.951156616
151.480300903
151.323318481
151.17565918
150.859741211
150.565689087
150.041122437
148.980804443
148.777816772
146.321395874
144.91267395
144.420883179
144.090957642
143.631546021
143.106246948
142.817184448
143.083862305
143.693374634
144.305419922
145.224411011
147.331344604
147.67326355
147.398498535
149.234191895
150.213867188
153.027832031
153.868331909
145.216033936
142.351638794
140.22454834
139.724487305
141.393844604
142.154052734
143.268859863
144.19821167
144.407012939
144.79574585
144.878753662
143.791412354
141.752868652
139.783630371
138.961471558
140.230987549
141.978347778
143.074111938
143.703414917
139.794448853
139.061538696
139.080871582
138.733612061
138.286529541
138.859954834
138.341430664
136.348632812
134.908493042
137.111480713
138.119674683
134.300079346
133.635101318
133.441604614
132.813873291
132.229919434
131.691940308
131.350845337
130.918823242
131.029876709
131.002120972
130.467391968
129.341049194
128.899688721
129.865936279
131.14781189
132.148895264
132.656951904
132.388595581
131.863067627
132.019729614
133.162857056
133.539154053
131.279724121
129.467819214
129.225463867
129.265441895
129.244995117
128.632965088
129.040039062
130.74810791
132.465698242
132.919876099
130.821731567
128.174880981
126.833854675
126.096046448
126.285827637
126.529159546
126.678466797
126.561927795
125.768951416
123.948272705
123.159088135
126.16469574
127.079231262
126.766410828
127.509078979
126.602050781
125.660736084
124.931632996
124.1824646
123.139450073
122.660270691
122.777366638
123.367485046
123.89805603
124.455001831
125.156318665
125.748626709
126.647598267
125.430999756
122.600326538
122.341873169
127.263175964
127.737617493
122.20110321
122.950798035
123.654853821
121.871307373
121.434944153
121.645721436
122.833686829
122.209648132
120.26524353
119.844085693
120.45186615
122.064323425
124.664871216
125.448135376
122.43208313
120.431793213
121.188461304
123.102684021
126.375396729
127.137985229
126.724655151
124.376777649
121.408859253
119.940040588
120.82333374
122.548057556
123.762794495
121.867881775
121.408935547
120.964286804
119.716972351
118.238174438
121.04875946
122.803840637
125.604095459
127.191825867
126.9633255
124.402320862
122.035881042
124.416465759
127.185752869
126.167884827
125.597480774
124.114593506
123.503082275
123.794784546
123.800827026
123.742462158
123.832527161
124.267990112
123.858024597
122.752418518
122.653068542
124.232337952
126.688926697
127.422691345
128.021148682
128.125839233
128.21875
128.544158936
129.07244873
129.812576294
130.516815186
131.536590576
132.465682983
133.900268555
135.123596191
135.382873535
135.810134888
136.976699829
138.219436646
140.168807983
142.965042114
144.730621338
144.848495483
145.902313232
152.703948975
154.674667358
153.967880249
152.809204102
153.233123779
153.431945801
152.583938599
149.116790771
145.621032715
141.260040283
139.615066528
140.223800659
139.009063721
135.46005249
134.716278076
133.934860229
131.096572876
128.263549805
127.435897827
126.856536865
127.764686584
128.192260742
128.026550293
127.663734436
126.768730164
126.113723755
125.772842407
125.759567261
125.680862427
124.764831543
123.638374329
123.407073975
123.342964172
122.919235229
123.276786804
123.535888672
123.387748718
122.846260071
122.173339844
120.74912262
118.492347717
116.113693237
115.807197571
115.744697571
116.3776474
118.008422852
119.241455078
118.776321411
117.505210876
116.424476624
115.65978241
115.521186829
115.375022888
115.020393372
114.803863525
114.523918152
114.42048645
114.11075592
113.952613831
113.837615967
113.373771667
113.20124054
113.207267761
112.852058411
112.742652893
112.73714447
112.731674194
112.699150085
112.651901245
112.711486816
112.709777832
112.716316223
112.731788635
112.500259399
112.155128479
111.7289505
111.245025635
110.892311096
110.609642029
110.368179321
110.153526306
109.919998169
109.725532532
109.682929993
109.682472229
109.681396484
109.680938721
109.681091309
109.680992126
109.680809021
109.680801392
109.464576721
109.381004333
109.381004333
109.381004333
109.381004333
109.381004333
109.381004333
109.381004333
109.381004333
109.977882385
124.111915588
128.745483398
128.379943848
128.232513428
126.869743347
123.581474304
122.663208008
122.77381897
123.097122192
124.153656006
121.678565979
121.517379761
121.416419983
121.101478577
120.622093201
118.801696777
116.812309265
115.134048462
111.726516724
113.90574646
116.900787354
117.346168518
116.779472351
115.788627625
115.779335022
115.779502869
115.78049469
115.781265259
115.781089783
115.781051636
115.781051636
115.781051636
115.781059265
115.776359558
115.752563477
115.747169495
115.719406128
115.675704956
115.670913696
115.637329102
115.733375549
115.914901733
115.950302124
116.082511902
116.597587585
116.789001465
116.982048035
117.106941223
117.301895142
118.007156372
119.839660645
120.586654663
120.855751038
121.225364685
122.992614746
123.772651672
123.544395447
124.195655823
124.725334167
124.74861145
123.512283325
121.271888733
119.419837952
117.655509949
116.576400757
115.93057251
115.810577393
116.403259277
118.385971069
124.238121033
130.070144653
133.392425537
136.066925049
138.986816406
142.548202515
146.670532227
149.296569824
150.227462769
150.694702148
150.610107422
152.148742676
156.584289551
159.99307251
158.297943115
155.016769409
151.838851929
146.364425659
145.852142334
145.823944092
143.554962158
141.936660767
140.508377075
139.733535767
143.225524902
145.172805786
145.532913208
144.540283203
142.548019409
140.382003784
138.619537354
136.662078857
134.618209839
132.585998535
130.787948608
129.036193848
127.159934998
124.370552063
122.141395569
121.719581604
121.17326355
120.955802917
122.349411011
123.416732788
122.656196594
120.928314209
121.895866394
122.275932312
119.434829712
116.453826904
116.73664093
116.139099121
115.825942993
115.261459351
114.176933289
114.16229248
114.627357483
117.331977844
120.666259766
120.930366516
123.40537262
122.032798767
120.946578979
121.842384338
123.608627319
127.691490173
130.396484375
133.141845703
136.292526245
139.215835571
142.208053589
145.061447144
145.29914856
141.722991943
140.445281982
142.367370605
145.808898926
145.748931885
151.826400757
156.801849365
159.980560303
153.687713623
150.56628418
150.491485596
149.088684082
144.12046814
138.551559448
134.395767212
129.390731812
119.428100586
116.159851074
115.837509155
116.798210144
118.979904175
121.840293884
123.613113403
120.909873962
119.601791382
119.759727478
121.164581299
121.443969727
123.292884827
123.499092102
123.346565247
123.140235901
123.125167847
122.74066925
122.187507629
123.387611389
125.082931519
126.41734314
127.210296631
127.507484436
127.78314209
127.64566803
127.568954468
127.759239197
129.569961548
130.882156372
131.824981689
132.202362061
132.832305908
135.317703247
136.627166748
140.565368652
142.211914062
144.636413574
146.97215271
147.326599121
148.488174438
149.556121826
153.549636841
157.386886597
159.635223389
164.051651001
164.27456665
163.981506348
167.13659668
166.791992188
168.904174805
169.557449341
165.63458252
162.236022949
158.212219238
154.327178955
152.731155396
151.475967407
152.497894287
155.572677612
159.467803955
159.891738892
162.459152222
164.762023926
166.325668335
167.383056641
169.118972778
165.064559937
162.212982178
160.178527832
157.709259033
153.276702881
152.21862793
150.359298706
152.777160645
156.419555664
157.410095215
156.7240448
158.253997803
159.614593506
160.34375
165.413467407
166.629135132
168.757293701
169.579498291
170.306549072
170.248214722
169.791748047
167.376083374
164.288711548
162.88343811
162.704727173
159.63243103
157.139724731
156.165405273
152.984100342
149.338729858
147.903244019
144.554870605
140.755645752
141.116973877
142.25328064
142.349853516
143.302810669
143.631622314
142.066940308
139.060974121
137.95942688
141.681060791
145.213851929
148.118881226
149.412124634
150.367797852
153.628311157
156.636352539
158.073760986
158.027053833
156.548370361
152.249557495
150.913909912
150.075759888
146.449478149
144.701782227
143.917663574
140.929367065
138.839370728
138.535263062
139.296875
142.013626099
143.939926147
143.934646606
144.744247437
144.692337036
143.618087769
138.232879639
137.16519165
135.425048828
132.586959839
130.064865112
126.848808289
124.838394165
126.292236328
128.461410522
132.605453491
135.611038208
135.93913269
136.334884644
138.104507446
138.704467773
138.715667725
138.768386841
138.537399292
138.632385254
138.872772217
137.673477173
136.115249634
134.432815552
133.904388428
133.640426636
133.563461304
133.19543457
134.114959717
137.717803955
139.512237549
142.499633789
145.305938721
148.026687622
150.837203979
151.589080811
151.847671509
152.379013062
156.553161621
156.706970215
156.020568848
153.817901611
155.623962402
156.877227783
156.161010742
154.85307312
152.808761597
150.483520508
150.597000122
150.847213745
151.024780273
151.264587402
151.611968994
152.289199829
153.480758667
153.511520386
153.09312439
152.815368652
152.698745728
152.570663452
152.452728271
152.602981567
152.801773071
152.660400391
151.873733521
151.345550537
150.971282959
150.548141479
150.228790283
149.830123901
149.335418701
149.887756348
150.226272583
150.300201416
150.16078186
149.684646606
