98.176940918
97.3387374878
97.8056640625
97.9520645142
97.6057434082
97.8639755249
97.7651977539
97.8941802979
98.2367095947
98.1557998657
98.6855773926
100.643058777
101.960777283
101.796554565
102.099945068
102.441596985
102.514122009
101.707931519
102.581199646
102.603942871
103.291976929
103.15460968
103.252761841
103.384422302
103.907592773
104.525375366
106.327598572
106.666526794
107.976661682
109.004676819
110.754066467
111.643074036
112.489700317
113.259140015
114.10748291
115.251113892
116.008796692
116.898414612
118.256591797
119.236557007
119.409965515
119.733779907
120.156867981
120.82598114
120.694610596
121.754112244
121.453063965
121.525146484
120.529289246
119.528915405
118.424606323
117.511024475
116.530685425
115.290710449
114.895805359
113.788467407
113.274291992
112.18132782
111.843078613
110.728294373
109.508666992
108.767936707
108.235733032
107.733230591
106.838493347
106.145927429
105.587608337
104.588470459
103.436775208
102.21787262
101.795684814
100.681800842
99.2359237671
99.2854309082
98.5577697754
96.8584442139
96.3260040283
95.9566116333
94.0144882202
93.2719573975
92.6564407349
91.6133041382
91.6593780518
91.3991928101
90.8095245361
91.2440414429
90.0073165894
88.775970459
89.8874511719
90.3481292725
90.6863098145
89.9496002197
90.1449737549
90.4945373535
90.2924728394
90.6485824585
90.7460098267
91.434173584
92.3483581543
92.1961975098
93.0062789917
93.7930374146
93.4832229614
93.166053772
95.0233535767
95.6734619141
95.7769775391
96.6480941772
96.5901489258
97.5369949341
96.8943710327
96.2941055298
96.2552947998
96.8189697266
96.259147644
95.9550094604
94.8089294434
95.0062026978
94.7635726929
94.3708877563
93.2769927979
92.1803131104
91.6078414917
91.6122436523
91.4597091675
90.6158065796
90.2560806274
90.4486160278
90.3942871094
90.2338790894
89.1725692749
88.3391189575
87.8218002319
88.3673171997
90.4055938721
89.946685791
90.4108428955
90.53881073
91.4575195312
91.5162200928
92.3062438965
92.1511688232
92.1109619141
92.2910919189
92.8177032471
93.1216049194
93.2681121826
93.5831832886
93.1352233887
94.3017730713
94.2670211792
94.0186386108
94.1077194214
93.9057388306
93.7263259888
93.3402099609
93.0460128784
92.7567596436
92.3789215088
93.0109710693
93.253616333
93.3947067261
94.0448303223
94.4683303833
94.7039489746
95.5294265747
95.8731079102
96.4580917358
96.6261520386
96.9124221802
96.5488967896
95.8029022217
96.4562759399
96.1070709229
96.4879608154
95.4570846558
95.6468048096
94.9167251587
94.9547042847
95.5411148071
95.4912033081
95.058013916
95.3564224243
95.2281188965
95.1350631714
95.0026702881
95.0235519409
95.4553375244
95.7679748535
95.9983291626
96.4038848877
96.794883728
97.0938568115
96.3250656128
96.4393005371
97.158706665
95.7406768799
95.8111343384
97.0294952393
98.3231582642
96.9946365356
95.306312561
95.2837905884
95.7640838623
96.7259750366
97.4703063965
96.655090332
96.4474029541
97.7275161743
97.1610488892
97.7813110352
98.6641769409
97.0552062988
98.8012313843
98.9264297485
99.7783966064
99.7897644043
99.8100967407
100.216583252
101.195503235
101.533157349
100.848815918
101.258636475
101.61164856
100.721138
98.0342025757
97.7286224365
97.5394058228
98.3370437622
97.9956512451
100.720291138
100.550552368
101.862052917
101.406806946
99.9215316772
100.737594604
104.173355103
103.914718628
103.912727356
104.094779968
104.045051575
103.621879578
104.149620056
102.86630249
102.861869812
102.989311218
102.409927368
102.370155334
102.801521301
102.320114136
101.95426178
101.806785583
101.975852966
103.173072815
103.779647827
105.340255737
105.311401367
107.362266541
105.486366272
106.60533905
108.318412781
108.254051208
107.604156494
108.815612793
109.407798767
111.245903015
112.986000061
111.056770325
112.660324097
113.172836304
114.28049469
114.845848083
115.098747253
115.10634613
117.559486389
115.515235901
118.874397278
119.258125305
121.587677002
122.563606262
121.504196167
123.319671631
123.151557922
124.228439331
124.784759521
125.252243042
122.939376831
126.307670593
127.483779907
128.447875977
129.924957275
129.48828125
129.016235352
128.641647339
129.442871094
129.574615479
129.499786377
128.690063477
128.336196899
127.781761169
128.931518555
128.827758789
128.967758179
129.09803772
128.455734253
127.79750061
127.990112305
128.855606079
127.369033813
127.963386536
127.33731842
127.060676575
125.567008972
126.479789734
124.71988678
125.441368103
124.976966858
124.081550598
126.637741089
126.187011719
125.227813721
125.1876297
123.758049011
124.219841003
123.796730042
122.107521057
121.730255127
119.692680359
120.10118103
120.559379578
121.081565857
120.670303345
120.567092896
121.24823761
120.775131226
120.295082092
120.459938049
119.611129761
116.600700378
115.918128967
113.672393799
110.350791931
111.957885742
116.411094666
115.28414917
115.340538025
115.221549988
113.423866272
113.877571106
113.559494019
113.202194214
113.122215271
112.506332397
112.495124817
111.977539062
112.370628357
111.827583313
110.375244141
105.619812012
107.15032959
109.952148438
108.931587219
105.991638184
105.006881714
103.136032104
103.064163208
102.712081909
107.387908936
108.717918396
108.691543579
108.34211731
106.768409729
104.871231079
103.827415466
105.736686707
105.567741394
103.761932373
104.363021851
102.851402283
103.313316345
100.894706726
100.415985107
102.150772095
99.7266311646
98.5600585938
98.308052063
98.410949707
97.1512374878
97.2082443237
97.106262207
97.8955535889
96.7656173706
97.4117584229
97.8167266846
96.3368148804
94.2071228027
95.2142410278
94.8579559326
94.2217102051
95.2904434204
94.6127090454
91.7146377563
93.2620697021
95.0265808105
92.1268157959
92.2097015381
90.3254928589
90.3339538574
90.435760498
89.3582305908
88.4719085693
88.6929321289
89.1443786621
88.597366333
89.70728302
87.8119659424
87.1918334961
88.6778182983
89.5962219238
83.4330673218
84.1765289307
87.5970001221
89.5587463379
89.111907959
87.0068740845
85.3341064453
83.659866333
82.5645370483
82.5219039917
82.3802490234
83.0047225952
81.613243103
81.4592514038
80.9988174438
82.2235031128
82.4362411499
82.3595962524
83.2156829834
83.3558807373
83.3654403687
83.3008575439
83.4802932739
83.8609848022
84.2823638916
84.3063430786
84.3553924561
84.6006698608
84.4718322754
84.4771652222
84.5040054321
84.8760147095
84.833152771
84.117980957
84.6546554565
83.2578125
84.786567688
84.8624038696
84.7430953979
84.5299453735
85.0625686646
85.128364563
85.2858505249
85.3867645264
85.4148178101
85.6715545654
85.7402572632
85.7555007935
85.6229705811
86.1684036255
85.649887085
85.7258758545
86.0611419678
85.9389419556
85.9924087524
85.9691390991
85.8777770996
85.9323730469
85.951675415
86.2212982178
85.7414932251
86.2882385254
85.6973114014
84.0202026367
83.3680953979
85.349899292
85.3660354614
85.6817016602
85.4315795898
85.0896835327
86.0895996094
86.2888412476
86.5712432861
87.0824203491
87.3129730225
87.4424133301
87.2354354858
87.4636917114
87.50390625
87.4616546631
87.6523666382
85.8267822266
86.7223739624
89.0607833862
90.6551437378
89.7721710205
88.9540176392
88.0562362671
88.7945861816
88.1576690674
87.3166046143
86.9244842529
87.7160491943
88.6344299316
89.3374633789
90.8961029053
91.7346954346
91.2717590332
92.1665420532
91.6551055908
92.8912200928
93.4571685791
91.0057983398
89.6039810181
86.7484054565
84.1916351318
84.4256591797
84.3954315186
84.0479431152
81.8941650391
80.9483566284
87.3314361572
86.6296920776
88.1619338989
85.7210922241
88.7188262939
86.5894088745
87.6196975708
87.5560073853
89.123008728
88.1629867554
86.9965286255
85.3513259888
83.9990844727
85.4525527954
85.0781402588
84.3742675781
84.4442062378
87.9168014526
88.6673278809
90.5196533203
85.9395217896
86.3077774048
87.9499053955
89.1497650146
86.8920288086
86.2423934937
88.7961654663
88.5281982422
87.8590927124
86.7200698853
87.3176422119
88.2628250122
88.0983734131
90.616065979
93.2592773438
94.7658462524
94.7943725586
95.7848815918
96.7966842651
98.1060562134
96.0833435059
91.8655929565
95.4978485107
97.6850509644
95.1120376587
95.3132324219
95.0449295044
94.7068099976
96.5270080566
93.5385284424
90.8920211792
88.5346603394
87.4974594116
84.7111663818
85.2512893677
86.2908325195
85.5712661743
85.4280471802
85.9901351929
85.7523880005
82.3518218994
89.9733657837
90.4149017334
91.9816360474
93.6033172607
92.7573547363
91.5044555664
90.3767318726
92.0028457642
94.4607849121
96.2557144165
96.9515075684
97.4444656372
97.0459823608
97.9780044556
98.7412261963
99.9670028687
99.2420730591
98.7424163818
100.313262939
102.484985352
100.779685974
99.7516403198
99.9374237061
96.7833480835
94.0569534302
95.6485748291
99.1092681885
98.044418335
100.722755432
101.290855408
102.723640442
102.141204834
103.246925354
103.224533081
103.613670349
105.398712158
106.008049011
107.739685059
107.251274109
109.234489441
109.573112488
110.704116821
112.19065094
113.636978149
114.472824097
115.645629883
114.821578979
114.894454956
113.783584595
112.52419281
112.496994019
110.724769592
111.662841797
111.318962097
110.000953674
109.259376526
107.304275513
107.68862915
106.51650238
107.97088623
106.68536377
107.516311646
109.006492615
108.803024292
108.69304657
109.783676147
110.20639801
109.462287903
110.200737
110.567512512
112.054969788
113.077728271
112.880569458
114.066505432
113.546958923
113.768714905
115.812530518
116.428627014
116.632263184
118.252693176
117.198867798
118.71006012
117.404563904
116.369735718
114.883262634
114.799934387
114.265472412
113.158363342
112.128013611
111.51083374
109.630821228
108.928390503
110.128448486
112.00592041
112.517776489
113.733612061
113.530479431
113.51512146
113.820343018
110.330505371
101.794586182
100.913696289
105.3620224
103.268661499
104.33731842
102.375541687
101.44190979
102.560058594
103.248748779
103.123725891
102.69506073
101.981819153
100.505683899
99.279510498
98.285949707
98.9780807495
98.7045593262
98.9875793457
99.0438842773
99.9861679077
100.41784668
97.982963562
96.7464599609
97.0118637085
99.6275634766
97.3943786621
97.3091430664
98.4218063354
103.809188843
108.776405334
103.161628723
96.0997009277
93.6984939575
94.2236251831
93.7864532471
92.9968261719
94.4573059082
95.9134597778
100.720733643
108.777435303
110.425552368
103.840576172
96.6709976196
91.521270752
89.6073379517
88.1119613647
87.4921569824
90.2008895874
88.3565673828
89.5426483154
88.0475082397
87.2068939209
88.4615478516
87.1320800781
87.6830444336
88.6023254395
85.8749084473
86.4603042603
87.0841674805
85.5780105591
91.0439453125
91.0580444336
88.9079208374
89.5108108521
87.5424804688
85.3897628784
85.5203857422
85.8873901367
89.6642379761
88.9063415527
91.2128982544
90.6977615356
92.8780059814
92.8688430786
93.0634155273
93.3694915771
94.4130706787
95.3843765259
96.4152908325
96.7002258301
95.8660507202
95.7747268677
90.8263168335
90.4648666382
94.0531463623
92.7100601196
93.6620483398
94.061050415
94.264755249
92.9324569702
92.389503479
92.9093399048
95.9148635864
98.8171081543
100.262229919
100.660675049
97.5361404419
100.642776489
99.6343765259
100.963363647
100.9998703
100.244621277
101.312202454
100.797729492
100.473052979
100.20917511
99.5102844238
98.7563400269
100.496322632
100.146987915
100.845497131
101.07510376
100.825813293
100.943405151
101.40750885
101.343711853
100.900611877
100.524009705
100.188468933
100.880516052
100.977676392
101.156387329
101.190040588
101.115333557
100.997016907
100.466125488
100.954460144
100.319351196
99.7523422241
99.2785568237
100.053092957
100.580322266
101.42300415
101.475967407
101.563583374
101.976486206
102.288528442
101.476333618
99.5552520752
97.8649978638
98.679977417
100.211936951
100.410140991
100.064956665
100.400093079
100.407730103
100.805183411
99.0294876099
98.2146606445
98.7562179565
100.821517944
99.340133667
97.8997497559
98.1354064941
99.8960418701
101.412109375
102.098022461
101.432754517
102.151496887
102.572341919
101.523223877
102.252388
102.849105835
103.191513062
102.57169342
100.543540955
101.010574341
100.531509399
100.766563416
99.209312439
97.8465881348
97.7162628174
98.9371032715
98.2463531494
98.6153182983
100.639076233
99.6544723511
100.622047424
100.055419922
100.914794922
102.041038513
102.616523743
104.049766541
103.723518372
103.781547546
104.449386597
104.922859192
106.066619873
106.8620224
107.355712891
108.52154541
107.733406067
108.669219971
109.181388855
111.190231323
112.236953735
112.076911926
112.426719666
112.605628967
113.339958191
114.622283936
116.073959351
117.473365784
118.506286621
120.75440979
122.059570312
122.614509583
122.439369202
125.847366333
125.198745728
125.247177124
126.342788696
129.530532837
129.83430481
132.185638428
134.267196655
136.496414185
134.402709961
134.477294922
133.221405029
135.602676392
138.736083984
137.036453247
137.432617188
135.862380981
134.434524536
132.263595581
133.924713135
134.197021484
132.997879028
130.958557129
131.106765747
128.657928467
126.475700378
124.143066406
122.047615051
123.046073914
121.502571106
120.239395142
120.199958801
125.500289917
126.029098511
127.920021057
126.044776917
124.001960754
122.360366821
122.580169678
121.218460083
122.367637634
122.797187805
121.56653595
121.967720032
122.365974426
121.615745544
121.467590332
121.877426147
120.156677246
119.387657166
120.01714325
119.529075623
119.058570862
118.424499512
116.345809937
116.797866821
116.721672058
116.006729126
116.145530701
116.83190155
115.455192566
111.520240784
109.371398926
110.891746521
108.726852417
106.953071594
105.609695435
103.737228394
104.745277405
104.345298767
105.226867676
106.866577148
113.390007019
113.653129578
115.942970276
114.728813171
115.329040527
116.27772522
118.410675049
117.70262146
119.839179993
124.010253906
125.388168335
126.50642395
126.949195862
127.393966675
130.845184326
133.1378479
136.514724731
139.023086548
140.736450195
143.431350708
144.889022827
144.071304321
142.809463501
142.351745605
141.26133728
138.877426147
138.241455078
137.336273193
136.542358398
135.464691162
134.028961182
134.746261597
133.931518555
134.434020996
135.790054321
136.907333374
137.077087402
137.093887329
136.286270142
135.185073853
135.034713745
134.349807739
132.823638916
131.497375488
130.658889771
130.115188599
129.104003906
127.718482971
126.587768555
125.709144592
125.286201477
123.624183655
123.490188599
123.429573059
123.752342224
123.683959961
123.359786987
123.486404419
124.190666199
123.333221436
122.507965088
122.90536499
122.473144531
122.734832764
122.251213074
120.78288269
121.803108215
121.181686401
118.602798462
119.883850098
120.148384094
119.622627258
118.949684143
120.120933533
119.460418701
119.493789673
119.386108398
119.383926392
119.52230072
118.812332153
119.593162537
119.454025269
118.732139587
120.137008667
119.154190063
119.420532227
118.357505798
118.786277771
118.580162048
118.858604431
117.608039856
117.141197205
116.731506348
116.866798401
115.694366455
115.559593201
115.492218018
114.358772278
113.881629944
113.799964905
112.960517883
112.233093262
111.191734314
112.002571106
111.031990051
109.975814819
110.598014832
109.620307922
110.017189026
108.215461731
108.654922485
108.295539856
108.202796936
106.602409363
102.212203979
101.905555725
105.019554138
104.505630493
105.058998108
104.352386475
104.382270813
104.771568298
105.889045715
105.572563171
105.500816345
101.70022583
104.34928894
104.624237061
107.4401474
106.006240845
106.546325684
105.807029724
108.194213867
106.488105774
106.476661682
108.109405518
107.865585327
106.576065063
105.720191956
105.853919983
104.615478516
102.453926086
101.726898193
101.911636353
101.608665466
103.561058044
103.481956482
102.381904602
104.76473999
104.65435791
105.201805115
106.312294006
105.502120972
106.661392212
106.504676819
105.95413208
106.863349915
106.645523071
106.287605286
107.07800293
107.411399841
108.65688324
107.912353516
107.608436584
108.579170227
107.495628357
107.482757568
106.651222229
106.90712738
106.596580505
108.121673584
107.634391785
108.281448364
108.78691864
108.913040161
108.850837708
109.204551697
110.058738708
110.10307312
110.684356689
110.759750366
110.279037476
110.33379364
111.191818237
112.12172699
112.850570679
112.771110535
111.484718323
112.172019958
112.99533844
113.379768372
112.958862305
113.967391968
115.340827942
117.468696594
118.419235229
118.84727478
117.371162415
116.284210205
117.37802887
118.96962738
120.048538208
119.610145569
117.550933838
115.595840454
113.551963806
112.476860046
113.988052368
114.361671448
112.057395935
112.505882263
113.540359497
112.925758362
110.795555115
108.856369019
105.567405701
104.856582642
102.550537109
102.210693359
102.690742493
102.962097168
103.108940125
103.249198914
103.237518311
102.828559875
102.937446594
104.101982117
104.02722168
104.64163208
104.103019714
102.501457214
102.323158264
102.974906921
103.821662903
102.72631073
101.945350647
101.983383179
102.318305969
103.116996765
102.494049072
101.576271057
103.948028564
103.566001892
104.338737488
104.899856567
106.794700623
105.936920166
103.482765198
103.464874268
104.488639832
103.820556641
104.991149902
108.429779053
111.188095093
111.168136597
109.489822388
107.391921997
107.61530304
106.182685852
106.34261322
105.099235535
105.225334167
104.690788269
104.836715698
105.14516449
107.955558777
106.936851501
105.891448975
105.517875671
106.381111145
105.592483521
106.075958252
105.338737488
105.28969574
107.55052948
109.04019928
109.203704834
108.365142822
106.820922852
109.813896179
113.893600464
115.96937561
114.552337646
114.282112122
113.034164429
113.424438477
114.191329956
108.592758179
109.109695435
114.962020874
114.509292603
115.469261169
115.276145935
115.568832397
115.533576965
115.050514221
115.383071899
116.060852051
115.560890198
115.950370789
117.364868164
117.696899414
119.003181458
120.855674744
122.12071991
123.083305359
121.398460388
119.512359619
117.43245697
117.025222778
117.044502258
116.311264038
115.071052551
113.482070923
112.029953003
112.054100037
111.739128113
113.976493835
115.309501648
113.199409485
112.289855957
114.628349304
114.072143555
114.68787384
114.434745789
113.226577759
112.891700745
111.980545044
111.761260986
111.204589844
109.083084106
108.928131104
109.068305969
109.300445557
109.186798096
107.57699585
109.125701904
111.075546265
112.605400085
111.969535828
108.912261963
105.949005127
105.987541199
105.208312988
105.329032898
107.39642334
110.780525208
111.826446533
110.692962646
106.898147583
106.410842896
108.875785828
110.136245728
107.972389221
106.179092407
106.463645935
108.984725952
112.347702026
112.900489807
113.845252991
113.048454285
108.893470764
107.788726807
112.476707458
114.641174316
114.048957825
112.428726196
113.60761261
116.256645203
117.506774902
116.175598145
113.566200256
117.876319885
120.846237183
120.085472107
119.985427856
117.959785461
117.289360046
116.551223755
116.271125793
118.465431213
119.942237854
120.020782471
118.642318726
116.014129639
113.977790833
115.619743347
116.826301575
111.768432617
108.471481323
109.825386047
113.046325684
115.244148254
118.47089386
119.07170105
118.800033569
118.513786316
120.547866821
120.007049561
121.105278015
121.530838013
119.902053833
118.822021484
119.597358704
118.858596802
120.209922791
121.243553162
120.038604736
120.217102051
124.240692139
125.461265564
124.93409729
124.304420471
121.930023193
120.894309998
121.762428284
121.010513306
118.662910461
113.250846863
114.182098389
112.934417725
112.215248108
108.163589478
105.996643066
99.6746520996
104.466125488
103.093673706
105.523468018
106.695762634
107.366943359
107.480964661
104.315841675
105.014976501
105.197135925
102.455909729
103.59286499
104.426315308
104.622703552
103.523429871
103.621841431
103.31690979
105.128761292
104.278114319
104.522033691
105.08165741
105.770721436
105.700050354
105.374198914
105.020828247
104.304016113
104.692199707
104.569114685
104.566413879
104.991355896
104.950698853
104.72820282
105.111831665
106.822433472
109.053199768
109.897567749
111.304504395
112.201026917
112.090950012
112.890991211
112.926376343
112.423126221
112.846214294
115.380325317
116.868667603
116.928718567
116.278862
116.924865723
116.550109863
116.813682556
117.014694214
116.134597778
115.680107117
115.796028137
117.79826355
117.674972534
119.446014404
123.037826538
123.823738098
121.984107971
118.401901245
115.692596436
114.93523407
114.885566711
115.360778809
115.839134216
116.080497742
116.573455811
117.226882935
117.429107666
117.657943726
118.160835266
119.467643738
120.436378479
120.028358459
121.969970703
123.344429016
123.786689758
124.793113708
125.697532654
124.954147339
122.969268799
123.296958923
127.771194458
132.021087646
132.798156738
133.118652344
135.827362061
140.084060669
145.427429199
148.95602417
146.892684937
142.647521973
140.885452271
138.886230469
134.181900024
130.293380737
129.229751587
130.381027222
131.710266113
132.137985229
130.190765381
127.286430359
125.141494751
123.853652954
123.10748291
123.054550171
122.75
122.521179199
122.837081909
123.050300598
123.58039856
124.051109314
123.417282104
123.0414505
123.510055542
123.754928589
121.240242004
119.13180542
117.410560608
115.729179382
113.496253967
111.63520813
111.703765869
114.745445251
119.303024292
123.184562683
124.156509399
129.040649414
129.785430908
127.273094177
123.247558594
119.049629211
117.367500305
113.145736694
112.196304321
112.612304688
112.495788574
113.029167175
114.818809509
118.503417969
123.245399475
126.650054932
127.769287109
127.118240356
126.694229126
125.925224304
124.173072815
122.292144775
121.697372437
121.531547546
119.893478394
120.140052795
120.579620361
120.011680603
118.749954224
115.99571228
113.35332489
113.700813293
117.432373047
120.698684692
122.956184387
122.4168396
122.934509277
121.932228088
121.143997192
122.754302979
123.954162598
124.638267517
123.936729431
124.581047058
125.417442322
126.47366333
126.634475708
126.176322937
127.061355591
125.805198669
126.238525391
127.411216736
129.047088623
129.700271606
131.583526611
132.376876831
131.457504272
132.794906616
133.93321228
133.944854736
133.514465332
133.085662842
132.29069519
133.987380981
133.917602539
132.723892212
130.299865723
130.510147095
129.090194702
127.951126099
129.295257568
129.344146729
131.055587769
132.629760742
131.579650879
131.321304321
129.31993103
128.234451294
127.697128296
127.806838989
127.066146851
128.214309692
128.599914551
127.403770447
127.885192871
131.089569092
132.492004395
133.65713501
134.523132324
132.424087524
132.569351196
133.252227783
132.714477539
131.663970947
131.004577637
131.501098633
130.797729492
132.079650879
133.21421814
134.340759277
136.385437012
137.245330811
136.332489014
134.856369019
134.455612183
134.532562256
135.068267822
136.190032959
138.938842773
142.105804443
144.234390259
143.548965454
143.038497925
141.989746094
140.442153931
139.835006714
139.150161743
137.717956543
136.195007324
136.333740234
136.444290161
136.816940308
138.923065186
139.989273071
140.696456909
139.519271851
137.667053223
135.373291016
134.517776489
134.433166504
133.654159546
132.181625366
131.250732422
131.440948486
131.602310181
131.679992676
132.021972656
132.505386353
132.040039062
132.276229858
131.269836426
130.301544189
130.985534668
131.121154785
132.277893066
129.027374268
131.606292725
131.966766357
130.280960083
131.142471313
133.465988159
133.428894043
131.141036987
129.234268188
125.414009094
122.915527344
125.132736206
125.168174744
126.086585999
126.567756653
127.79070282
129.592391968
131.549194336
128.502624512
126.744865417
124.062316895
123.180580139
123.147735596
123.522857666
122.26424408
121.19556427
121.600654602
119.646827698
121.080886841
120.520065308
121.249420166
118.466804504
119.192146301
118.751777649
120.390075684
119.618034363
123.416496277
125.764076233
125.818107605
125.690940857
125.936653137
125.989768982
124.931404114
119.582649231
117.164993286
106.680610657
108.813064575
110.900466919
110.875869751
112.340293884
111.751586914
111.178108215
110.70388031
110.615684509
110.324760437
108.445823669
108.403244019
112.580123901
114.350875854
116.446144104
115.613891602
117.471878052
120.367118835
119.746444702
122.241867065
123.569419861
124.95526886
123.648719788
124.792289734
127.050094604
129.964096069
132.294082642
131.820709229
129.594955444
127.160385132
129.235610962
132.824508667
133.854736328
133.543624878
133.380935669
133.244445801
128.890640259
123.52734375
118.37197113
117.840690613
114.987335205
109.110725403
107.551895142
106.293869019
109.629684448
112.782920837
115.271621704
115.237968445
115.373626709
114.574226379
113.430679321
114.14037323
113.513259888
111.19329834
112.047790527
113.480644226
113.549850464
114.094703674
112.341087341
111.712936401
109.36403656
108.025428772
108.575950623
111.21849823
115.10218811
121.139305115
123.963088989
123.078567505
123.334793091
121.451072693
122.060798645
119.82170105
118.378997803
118.104652405
115.203445435
115.022453308
114.97416687
117.487960815
115.231819153
114.009086609
117.336547852
115.21559906
122.485275269
120.528060913
120.704063416
122.057998657
120.761222839
119.041290283
118.760597229
117.00668335
114.932617188
115.152442932
116.983848572
116.092689514
112.653137207
109.548240662
108.475814819
107.26448822
109.201660156
110.616020203
113.296020508
116.092025757
118.807151794
118.36214447
118.066726685
117.785827637
120.437454224
119.004013062
118.684310913
119.013809204
117.401954651
117.987174988
116.776344299
116.337913513
115.498336792
116.320846558
118.140914917
119.710754395
119.679084778
120.759613037
120.741569519
121.233100891
123.171875
120.422035217
122.010116577
120.956436157
121.115592957
121.736579895
119.460632324
121.322364807
121.542198181
123.340690613
123.28717804
124.182327271
124.72403717
125.034210205
125.654251099
126.511924744
125.644821167
126.291526794
128.102371216
128.344238281
128.325622559
126.840820312
126.280693054
127.526855469
127.719665527
127.78237915
127.076210022
126.712982178
126.969299316
127.406425476
125.884216309
126.67640686
126.351234436
125.743980408
124.035591125
122.971908569
123.449081421
124.346931458
123.125556946
124.845603943
125.728668213
127.159736633
127.488304138
127.039611816
126.281654358
127.286949158
125.166099548
122.662368774
121.347923279
119.949562073
115.868309021
114.734146118
113.75743866
112.138252258
109.155723572
108.865814209
107.551063538
106.83278656
107.861709595
107.782928467
107.982498169
107.903961182
108.294197083
109.069702148
107.95640564
105.434410095
111.670898438
112.321578979
111.516426086
110.121170044
109.833114624
109.471542358
109.356246948
111.331809998
112.185966492
117.639343262
120.640396118
123.049026489
129.164367676
131.287536621
132.915267944
130.817550659
129.932647705
129.268585205
129.148712158
127.977935791
123.440261841
125.599624634
131.027832031
133.617370605
136.539230347
138.344299316
138.572067261
137.677764893
134.80166626
134.489349365
136.450653076
136.175247192
139.165985107
141.089630127
141.887207031
141.707336426
140.626251221
137.932907104
135.130767822
132.946929932
132.608413696
132.416320801
136.162597656
137.687698364
139.166702271
136.869735718
136.515197754
136.601165771
136.473724365
136.8230896
137.265151978
138.6381073
138.732147217
139.9165802
139.891571045
141.362213135
143.859069824
142.008041382
142.061798096
141.435287476
145.459411621
146.140258789
151.447357178
149.768005371
147.869674683
147.495849609
147.125930786
147.089447021
147.724395752
146.253860474
146.291305542
147.589935303
146.597457886
145.744186401
144.644073486
144.489517212
145.405288696
145.937286377
145.390716553
144.929763794
146.077774048
147.226608276
148.133148193
149.506729126
149.554397583
151.195022583
150.59324646
146.898635864
145.227584839
145.519165039
147.286148071
146.248809814
146.652770996
147.388580322
148.264480591
150.527069092
155.543960571
160.792724609
159.589782715
158.922470093
163.448745728
164.454193115
164.912963867
164.849182129
164.85899353
164.625457764
163.970901489
162.949615479
162.035110474
161.208023071
160.767654419
160.357910156
160.026031494
159.816558838
160.346542358
160.88432312
161.196594238
161.577194214
162.218841553
163.077789307
163.269515991
163.52520752
162.585983276
161.675369263
161.950790405
161.161758423
161.082489014
160.527145386
159.963424683
158.810882568
159.255859375
159.243560791
160.499053955
160.501342773
160.610488892
160.499633789
161.944152832
161.670028687
161.03288269
161.002563477
161.46043396
160.776107788
161.419677734
161.077224731
162.079269409
162.85736084
162.615234375
162.125442505
162.131637573
162.737365723
162.945205688
163.540786743
163.114959717
162.213745117
164.808639526
162.960266113
163.747283936
164.679901123
165.327713013
165.22416687
164.695007324
165.779632568
166.0962677
166.34992981
166.658248901
166.83605957
167.04486084
166.974090576
166.464126587
166.274002075
164.810958862
163.766540527
163.065612793
162.447509766
161.722579956
161.776977539
161.864059448
162.727386475
163.029800415
163.005310059
163.052108765
162.714904785
162.26902771
161.793701172
160.81703186
160.556488037
159.509124756
159.296981812
159.087387085
159.424057007
159.732406616
159.508972168
159.186340332
158.742385864
158.653991699
158.811630249
158.887023926
158.994171143
158.850463867
158.999984741
158.978118896
158.845626831
159.330154419
159.367294312
159.274627686
159.497283936
159.7212677
160.148696899
160.640625
161.112243652
161.96206665
162.429275513
164.000976562
163.736755371
163.966949463
163.992156982
163.297622681
163.327453613
163.314254761
162.822433472
162.489562988
162.041885376
161.945281982
161.711883545
161.901077271
162.338287354
162.322311401
162.193481445
162.229568481
162.558486938
162.842208862
162.632202148
162.816360474
162.52911377
162.006240845
161.832077026
162.407836914
162.602462769
162.214569092
161.637191772
161.736785889
161.49822998
161.484130859
161.326934814
161.397689819
161.375015259
161.661514282
161.678665161
161.760650635
161.548599243
161.785293579
161.640792847
161.659332275
161.594955444
161.472366333
162.171447754
162.930358887
163.428466797
163.954483032
164.612915039
165.918701172
166.861480713
166.587341309
165.157058716
164.060775757
163.502838135
162.380844116
161.179153442
160.106399536
159.72114563
158.421875
157.584991455
156.444625854
155.116210938
154.021270752
153.445922852
152.648269653
151.865951538
150.81111145
150.935958862
150.050262451
151.409072876
151.214538574
152.426208496
152.370758057
153.309082031
153.697097778
154.947113037
156.465881348
157.601150513
159.277282715
160.281677246
161.936706543
162.364151001
164.640869141
164.944610596
164.205184937
165.29284668
166.588485718
168.793685913
169.221313477
170.507125854
171.131546021
171.878082275
173.040359497
174.012207031
174.370788574
174.386535645
173.768981934
173.171432495
173.352218628
172.963775635
171.417022705
170.029342651
168.289031982
166.953491211
165.709533691
163.496246338
162.933059692
162.639312744
162.614425659
162.619537354
163.251235962
164.100799561
164.910507202
165.674743652
166.895111084
168.067733765
167.523391724
167.183563232
167.328659058
167.098953247
166.393310547
165.49319458
164.945343018
164.577804565
163.491882324
162.631988525
162.048309326
161.520446777
161.385345459
147.845611572
161.546630859
162.30178833
162.601959229
162.039306641
160.689987183
159.67741394
158.518783569
156.789642334
153.049667358
152.398284912
151.985015869
151.633728027
151.176589966
150.627746582
149.995819092
149.145431519
148.210861206
147.176696777
145.898178101
144.915527344
144.151519775
142.845581055
141.707504272
140.784179688
140.732116699
139.101593018
137.19720459
136.315444946
135.561981201
134.191574097
133.68397522
132.921447754
131.885574341
130.091567993
128.999465942
127.786407471
127.247360229
125.950416565
124.567886353
123.525108337
122.717460632
121.732376099
120.548446655
119.600990295
118.52583313
117.722412109
116.940582275
116.095046997
115.763008118
115.239448547
115.120193481
114.992462158
114.803367615
114.377838135
114.255134583
114.206367493
114.075798035
113.914901733
113.895141602
113.866905212
113.656898499
113.328826904
113.009590149
113.233390808
113.106086731
113.651733398
113.689712524
113.493736267
112.793121338
112.365333557
112.747039795
113.319633484
112.983322144
112.860366821
113.193534851
113.365447998
113.314002991
113.397613525
113.655921936
113.837783813
113.816307068
113.724525452
113.725906372
114.011909485
114.183525085
114.244102478
114.500167847
114.594474792
114.581375122
114.792655945
114.865036011
114.872146606
114.667442322
114.584793091
114.438957214
114.27255249
114.155502319
113.898124695
113.268463135
112.815536499
112.679412842
112.144462585
111.917633057
111.773994446
111.659141541
111.537391663
111.426528931
111.10218811
111.280693054
111.722045898
110.937225342
110.764312744
111.299911499
111.28855896
110.916046143
110.72542572
110.73487854
110.70375061
110.699943542
110.65802002
110.448875427
110.260627747
110.806083679
110.482582092
110.308639526
111.147140503
111.047264099
111.278106689
111.471069336
112.058456421
112.657539368
113.040390015
113.043357849
113.258674622
113.240226746
113.38066864
113.332954407
112.564338684
113.14138031
113.526268005
113.469940186
113.383636475
112.992736816
112.695388794
112.539115906
112.446266174
111.839431763
110.684997559
110.922798157
110.999893188
110.554969788
110.541481018
110.595855713
110.91103363
111.33316803
111.211791992
111.254936218
110.35294342
111.372329712
111.585021973
111.612739563
111.574462891
111.408905029
111.725784302
111.854560852
111.806015015
111.78616333
112.155921936
112.398231506
112.499038696
112.953849792
113.985847473
115.118133545
115.679023743
115.595436096
117.2057724
117.255752563
117.202819824
117.098800659
116.808563232
116.89478302
117.351570129
117.776855469
119.516647339
119.914680481
119.142433167
118.70224762
118.749862671
118.971359253
118.897018433
118.865013123
118.76272583
118.744903564
118.887458801
119.046768188
119.190231323
119.209861755
119.536567688
119.754043579
120.459243774
120.808547974
120.897979736
122.479515076
123.369445801
123.940536499
124.233886719
124.328559875
124.92590332
125.710098267
125.867446899
126.347930908
127.905776978
127.807350159
127.686286926
128.124954224
128.386672974
128.518081665
128.6144104
128.98526001
129.306106567
129.718490601
129.838851929
130.024658203
130.50982666
130.634918213
130.983825684
131.376983643
131.355041504
131.598144531
131.763885498
131.563949585
131.670166016
131.769729614
131.182479858
130.983764648
130.148849487
129.82723999
129.841918945
129.300140381
128.819381714
127.524093628
126.99156189
126.754249573
125.626296997
125.169242859
126.53755188
126.832313538
127.431159973
128.515304565
129.329483032
130.465393066
131.302825928
131.200836182
131.791870117
132.001968384
132.814926147
133.921585083
134.72807312
