126.256576538
126.771995544
127.100669861
127.41254425
126.622291565
126.125244141
126.886329651
126.953407288
126.879745483
127.2472229
125.950805664
123.070388794
121.116157532
118.810707092
117.950614929
117.093734741
116.399360657
115.938682556
115.80405426
115.803962708
115.804046631
115.804046631
115.807273865
115.807403564
115.839668274
115.809608459
115.804046631
115.804092407
115.718765259
113.264328003
113.800041199
115.784378052
115.797729492
115.80532074
115.820098877
115.802993774
115.818412781
115.872497559
116.156448364
116.40738678
116.654136658
117.173728943
117.586242676
117.488685608
117.776008606
118.55506897
118.249649048
117.830879211
117.163734436
116.52217865
116.604667664
116.553657532
116.495674133
116.481185913
116.336174011
116.095474243
115.852630615
115.797317505
115.776260376
115.774765015
115.722602844
115.647941589
115.566520691
115.544311523
115.557548523
115.732269287
115.752807617
115.790596008
115.773872375
115.804046631
115.817321777
115.849662781
115.812690735
115.788909912
115.812866211
115.845291138
115.887268066
115.903839111
115.967277527
116.142997742
116.245010376
116.384376526
116.407302856
115.14125061
115.596618652
116.482215881
117.270271301
117.902282715
118.314186096
118.165359497
117.952911377
117.51587677
117.27885437
117.444473267
117.135604858
117.426948547
117.678489685
117.5181427
117.583572388
116.576301575
115.73601532
115.411819458
115.451911926
115.47076416
115.386436462
114.986419678
114.744270325
115.52507782
116.501312256
116.307426453
115.824432373
114.090377808
113.625213623
113.867988586
114.352050781
114.983909607
115.552909851
115.72202301
115.687339783
115.992721558
117.914932251
119.29800415
119.811950684
119.374580383
117.866539001
117.205917358
116.881340027
116.808189392
116.946479797
116.784790039
116.634506226
116.107528687
115.421463013
114.803260803
114.654968262
114.364479065
113.764045715
113.694297791
114.567428589
114.941673279
114.594985962
113.792182922
113.399230957
115.616653442
116.568511963
115.402404785
114.046409607
112.909072876
112.896865845
113.550346375
114.265312195
114.605583191
114.693450928
115.105636597
115.738098145
117.045372009
117.730583191
117.417152405
117.026702881
117.029182434
116.207588196
115.09211731
114.991256714
115.987075806
117.056686401
117.191184998
117.282623291
116.501739502
115.654502869
114.680435181
115.08152771
115.969169617
117.433677673
117.735725403
117.354064941
118.474235535
119.319091797
119.331375122
119.263511658
119.423553467
119.830024719
119.361763
118.309524536
117.204963684
115.383956909
116.136802673
117.702316284
119.116668701
120.00856781
119.705886841
118.927055359
117.256027222
115.219894409
112.917266846
113.130805969
116.469467163
116.98072052
117.271858215
117.69669342
118.082641602
118.334182739
118.270866394
118.178565979
118.023834229
117.911933899
118.020126343
118.467681885
119.438964844
122.24130249
123.635574341
125.502937317
127.783920288
127.973564148
126.6587677
126.819496155
128.210357666
127.268440247
124.584487915
123.210716248
123.597740173
123.411010742
124.085639954
124.643859863
126.101753235
126.779815674
126.328529358
126.17817688
128.206695557
129.386291504
127.514251709
123.789733887
122.755332947
123.598396301
127.693641663
129.530334473
130.376861572
133.146774292
136.798660278
140.882202148
142.010253906
143.837249756
146.471130371
147.128540039
148.771026611
148.938812256
150.770080566
153.434265137
154.632675171
155.178863525
157.035522461
160.229263306
159.76348877
156.812744141
155.941925049
156.108581543
156.547592163
157.20526123
154.051513672
148.486907959
148.998184204
149.406402588
148.493759155
148.356658936
150.721481323
151.01675415
149.221435547
145.078369141
143.875671387
143.61819458
146.809173584
148.56803894
147.628799438
146.773681641
146.426101685
144.665130615
141.93800354
142.214157104
146.501922607
146.882110596
145.334960938
142.196899414
139.457336426
138.401397705
137.511276245
137.724212646
142.691040039
145.435028076
143.939971924
141.721633911
138.504943848
135.148422241
134.386108398
135.996139526
134.728805542
134.061813354
134.368667603
136.258621216
138.210220337
144.494293213
144.735015869
143.373580933
144.782730103
143.81439209
141.678970337
142.633789062
143.768630981
144.811660767
142.412002563
141.48223877
142.017150879
142.278076172
141.772750854
141.250839233
138.610519409
142.346664429
142.062408447
138.016998291
135.372268677
135.286621094
135.344558716
134.927871704
134.668609619
130.412307739
133.791229248
134.952438354
129.413955688
123.152374268
124.837585449
125.252342224
123.18850708
122.858901978
120.863510132
117.779724121
117.617523193
121.719451904
122.816078186
118.552574158
114.892875671
111.0442276
111.028396606
112.338058472
113.751846313
114.524749756
114.572807312
114.253311157
113.804519653
112.478652954
111.075675964
110.371284485
109.975761414
110.339546204
111.049476624
111.863349915
112.748573303
113.22379303
113.648757935
114.028755188
114.270072937
114.098304749
113.114082336
111.443199158
109.72744751
108.986167908
108.246322632
106.258293152
104.321792603
103.603019714
103.539390564
103.539726257
103.533195496
103.531806946
103.594558716
103.573822021
103.572921753
103.581291199
103.501480103
103.312095642
103.288200378
103.382278442
103.409828186
103.274368286
103.161186218
103.497283936
103.643287659
103.708229065
103.690406799
103.694786072
103.692726135
103.679580688
103.693191528
103.687049866
103.641975403
103.275558472
103.690620422
103.518241882
101.076873779
100.604637146
101.303741455
103.740493774
103.697723389
103.681221008
103.693939209
103.701873779
103.691360474
103.694526672
103.327774048
102.798019409
102.057907104
101.397766113
100.96736145
100.79108429
100.604400635
102.928947449
105.016281128
105.093276978
105.029029846
105.06476593
106.72428894
107.16456604
108.438293457
109.26902771
109.358840942
109.535835266
109.671600342
109.217414856
109.433578491
109.528617859
109.605537415
109.654525757
109.751174927
111.090270996
113.217666626
114.088577271
114.110450745
114.480110168
115.050186157
115.571876526
115.67350769
115.940574646
117.36441803
118.089309692
117.752670288
116.646911621
112.830123901
113.823165894
114.435150146
114.919273376
114.380325317
118.30896759
122.317054749
122.754920959
123.249443054
123.410583496
123.714424133
125.683670044
128.598510742
129.197357178
129.721084595
129.969665527
130.217559814
130.427505493
130.582931519
130.705307007
130.830673218
130.936935425
131.079269409
131.132965088
131.195068359
131.298568726
131.556549072
131.91494751
132.113815308
132.308502197
132.714416504
132.982589722
133.180603027
133.573547363
133.874603271
134.232528687
134.569564819
134.869552612
135.850280762
135.565292358
134.299636841
131.601470947
128.055252075
130.123458862
131.565948486
130.782272339
129.123962402
129.028533936
128.320922852
128.546447754
131.155761719
130.046218872
124.481781006
115.016075134
112.761611938
120.760688782
115.608695984
131.422943115
131.67880249
132.056686401
131.785476685
132.602249146
131.8984375
131.983596802
132.735977173
132.255142212
130.413345337
127.053482056
121.547363281
114.981704712
110.638717651
106.922210693
106.885284424
107.183677673
107.52721405
107.961143494
108.30330658
108.752548218
109.280220032
110.880973816
118.189170837
123.53288269
122.184791565
117.69569397
116.060691833
123.507217407
127.220726013
128.841705322
131.154678345
131.856033325
133.679595947
135.448440552
136.9090271
135.751449585
135.704803467
134.556381226
135.84967041
137.046966553
137.387496948
138.601013184
138.016052246
139.164474487
140.462112427
139.949417114
139.304763794
138.153442383
137.7474823
138.736297607
139.620132446
140.373779297
142.88343811
141.24230957
139.17829895
135.749038696
136.048294067
138.741638184
141.004241943
142.361831665
143.384399414
142.616989136
141.769943237
141.408447266
140.969467163
140.329711914
138.99055481
140.646331787
141.021484375
142.421875
143.044998169
143.451828003
145.260879517
146.132736206
145.09803772
143.993530273
144.678039551
144.185699463
143.066207886
138.469665527
140.025695801
143.576751709
145.711608887
145.745559692
148.004837036
149.136566162
152.228057861
152.345703125
152.887741089
153.300674438
154.332565308
155.088394165
155.147155762
154.973266602
155.499160767
155.838378906
156.178878784
156.185577393
156.468154907
157.721542358
158.512695312
158.193008423
158.76399231
157.166183472
155.862121582
153.253936768
150.322158813
145.500030518
141.950775146
146.032028198
149.151046753
151.592697144
151.9090271
149.483322144
147.621261597
148.752716064
148.887145996
148.820892334
146.114151001
145.940612793
147.774475098
148.096588135
145.978149414
142.900741577
135.489807129
141.380065918
141.927032471
141.826217651
143.026901245
145.600204468
148.439224243
149.740081787
150.631454468
151.955566406
151.309387207
149.059295654
145.684524536
145.966690063
148.427352905
149.294967651
150.521011353
149.23840332
145.744476318
143.05947876
139.986251831
136.32220459
140.204925537
143.105010986
146.379623413
147.351333618
146.491943359
147.473876953
149.415084839
151.968093872
153.148773193
153.442886353
153.157577515
153.83757019
155.286270142
154.194702148
148.567626953
152.609100342
152.590652466
149.937133789
145.611129761
142.933105469
147.910018921
149.183578491
151.990737915
154.805587769
156.918899536
160.016159058
162.007003784
162.599349976
163.215240479
161.260528564
164.512649536
166.283538818
164.651626587
164.450393677
164.156097412
162.712097168
161.260864258
160.221511841
159.224563599
159.901077271
161.710739136
161.533401489
160.82194519
160.017059326
158.755645752
158.328338623
158.060394287
157.815002441
157.711746216
157.555130005
157.888061523
158.233963013
157.423614502
156.007583618
155.340499878
154.875488281
155.743515015
154.914505005
153.867858887
153.007293701
153.242248535
153.892349243
153.984329224
153.687088013
152.735366821
152.807785034
154.389358521
154.710357666
155.512374878
155.83732605
155.315582275
157.80078125
158.498657227
160.875717163
160.566558838
159.637008667
158.128540039
156.070053101
156.198852539
156.574996948
157.162796021
157.661346436
155.894088745
154.525100708
152.757598877
152.229309082
152.081756592
151.519577026
151.598327637
151.123046875
150.155960083
149.509124756
150.703445435
149.575149536
148.680786133
148.511810303
148.927642822
148.625244141
148.24446106
147.061187744
146.797332764
146.734893799
147.827941895
147.827941895
146.537963867
140.188079834
140.294799805
137.391189575
134.591964722
129.607727051
123.310516357
121.905769348
118.531768799
115.856674194
115.678695679
115.659866333
115.528717041
115.788597107
115.604560852
115.761543274
116.044662476
120.123405457
124.497810364
128.56880188
131.663452148
134.368438721
135.878631592
137.934631348
139.913528442
140.795455933
140.723770142
144.760620117
146.563171387
146.405731201
147.162796021
147.89239502
149.2940979
149.709823608
149.573059082
149.689147949
150.114654541
150.117416382
149.611923218
150.389297485
149.750823975
149.52947998
149.610519409
149.954299927
149.743377686
149.279922485
149.480865479
150.090805054
151.079803467
151.400634766
152.402038574
152.317077637
153.420440674
154.869415283
156.050735474
156.927947998
157.570648193
158.320358276
158.845306396
158.698150635
158.454269409
158.421615601
158.424407959
157.51890564
156.619857788
155.413070679
153.907058716
152.331878662
151.052993774
149.428512573
149.377593994
148.98777771
146.733901978
146.336837769
146.597091675
146.399887085
146.315963745
146.193130493
145.250030518
146.276275635
146.298446655
146.295776367
146.300949097
146.334197998
146.319473267
146.268768311
146.150497437
145.83543396
145.384414673
146.05241394
145.698669434
146.289459229
146.310638428
146.315658569
146.284515381
146.249099731
144.800033569
145.796173096
148.880065918
148.126693726
147.266616821
149.407897949
149.93321228
149.628646851
149.514602661
149.890365601
151.061553955
151.169311523
149.662094116
148.933792114
148.548843384
148.776321411
147.149200439
146.317855835
145.260360718
143.355499268
143.292175293
143.307510376
143.004257202
142.959564209
142.283721924
140.571762085
140.098251343
138.661834717
137.239105225
136.880462646
137.11038208
134.159194946
131.068084717
133.673736572
133.638702393
134.058853149
137.205429077
138.9375
137.964492798
137.772521973
138.042251587
140.144165039
140.2290802
140.713272095
141.6509552
142.338668823
142.875686646
143.52494812
144.017440796
143.211578369
143.259140015
143.633544922
144.529754639
144.453475952
144.764221191
143.739349365
145.213470459
145.816360474
145.822052002
145.868621826
145.911102295
145.989425659
146.280761719
147.34703064
147.840759277
146.565444946
147.577819824
149.681686401
152.626525879
158.454681396
156.878692627
150.550476074
148.589035034
153.4478302
156.052459717
157.154769897
156.630966187
153.320205688
146.236114502
141.820709229
145.687316895
146.474197388
144.699325562
137.959243774
135.791152954
135.10118103
140.675231934
136.97694397
140.731643677
134.266967773
136.674133301
140.645858765
139.638183594
136.307876587
138.119949341
139.322692871
138.660247803
137.604858398
134.391448975
135.050201416
138.377349854
135.116088867
129.967498779
133.375473022
137.453674316
137.050491333
134.080322266
137.278793335
134.193344116
137.575515747
132.836151123
128.713638306
134.271972656
130.662582397
127.872253418
128.094024658
131.045913696
129.855895996
129.791107178
132.833374023
136.532913208
139.022994995
141.792755127
142.704406738
141.597167969
138.623703003
135.956771851
135.099441528
133.381362915
130.546813965
129.447738647
126.961540222
124.626045227
122.046272278
121.849281311
121.878700256
121.15838623
122.604949951
123.108673096
121.765380859
120.125091553
118.319129944
117.844551086
116.109451294
115.684196472
115.663581848
115.126663208
115.203674316
115.600387573
115.728782654
115.782493591
114.781463623
115.487251282
115.387077332
116.191917419
117.058181763
117.403839111
118.4272995
118.925697327
116.612159729
115.238746643
114.353927612
113.704299927
112.92212677
112.81401825
113.307243347
117.994529724
118.929794312
118.269958496
119.201782227
122.098815918
121.974357605
126.354248047
127.118789673
125.284217834
122.148521423
120.650032043
117.168457031
115.759506226
113.553894043
113.10774231
113.011650085
113.164520264
112.664367676
112.688621521
112.790733337
112.578620911
112.559875488
112.512016296
112.427764893
112.320617676
112.544441223
111.778388977
111.08531189
112.232788086
112.907119751
110.100570679
109.669021606
109.624130249
109.321655273
109.793800354
111.372451782
111.063903809
110.009124756
111.349517822
112.036064148
111.307220459
110.120124817
109.513397217
109.512062073
109.956771851
110.752174377
109.921867371
109.912651062
112.143348694
109.661582947
108.104873657
106.858406067
106.576545715
106.50769043
105.96421814
104.432182312
106.032463074
106.399330139
106.51348877
106.594947815
106.65586853
106.672241211
107.999076843
110.491615295
110.673309326
108.956809998
107.983100891
107.217971802
106.902755737
106.913597107
106.902290344
106.976806641
106.975151062
107.186416626
107.137657166
106.895751953
106.6326828
106.731399536
106.731697083
107.031616211
107.06375885
106.374862671
106.549453735
106.595443726
108.2133255
107.561912537
107.536743164
110.362983704
113.432037354
114.121383667
116.729286194
119.668701172
120.797279358
120.604324341
115.9713974
111.88117981
110.980102539
115.386192322
113.841690063
106.492012024
109.666687012
109.739311218
109.770217896
111.674255371
113.952804565
118.124801636
121.260696411
118.626571655
118.611099243
120.897087097
121.902252197
124.099075317
125.685012817
128.520370483
129.339782715
128.881774902
129.208831787
131.276382446
132.57409668
132.45904541
131.220230103
129.170791626
128.118560791
129.871170044
132.620559692
134.95552063
132.56413269
133.79119873
134.876068115
135.126342773
132.089569092
131.652862549
130.966445923
128.093856812
126.28768158
124.687698364
122.728187561
119.58115387
115.934486389
111.331459045
109.460014343
109.035133362
106.603935242
106.56980896
104.877052307
105.755912781
105.347129822
106.954040527
110.769340515
110.316474915
109.421974182
112.266960144
113.299255371
113.083145142
108.580749512
110.086250305
115.001968384
118.703895569
119.018203735
120.961013794
122.110137939
123.02999115
125.017990112
124.655235291
124.458892822
125.328575134
125.792778015
125.419250488
124.337471008
123.134666443
121.98311615
121.937057495
121.927627563
122.037857056
124.786941528
127.621383667
128.245010376
128.113876343
127.897964478
127.433303833
126.65032959
125.949699402
126.119430542
125.852752686
125.596542358
125.613876343
125.337211609
121.213180542
121.296684265
122.404983521
121.981147766
122.47328949
124.598098755
125.894668579
127.345214844
128.743499756
129.743835449
130.503631592
130.8697052
130.751068115
130.862075806
131.340621948
131.849655151
131.545410156
131.414367676
131.313095093
128.9974823
126.037780762
117.902099609
123.216682434
123.022239685
120.969360352
122.703109741
116.211044312
113.172538757
116.453056335
112.11995697
107.922210693
106.860946655
106.870735168
106.216285706
103.921203613
111.145645142
112.66860199
104.259216309
103.382392883
103.626548767
103.652107239
102.708732605
105.146438599
106.111465454
107.999382019
112.340126038
115.566673279
118.915550232
116.109901428
116.54637146
106.089225769
111.586082458
116.333106995
115.206054688
111.210845947
111.432533264
111.347480774
116.2293396
119.057441711
119.461875916
123.405883789
125.463600159
123.310302734
124.125465393
124.348640442
124.776901245
125.58177948
127.43120575
128.552749634
130.616012573
129.296356201
130.127593994
129.093597412
128.136825562
124.150291443
121.068199158
121.311531067
122.14528656
122.126922607
124.063949585
128.337692261
130.00390625
129.187042236
128.759628296
128.623413086
128.303909302
125.212745667
122.738090515
119.447860718
118.840385437
117.794792175
115.976409912
115.177742004
114.566688538
116.479019165
117.761283875
116.20425415
115.431442261
115.027549744
115.164634705
115.825256348
115.830047607
115.825927734
115.991264343
115.844856262
115.455375671
115.672470093
115.235694885
115.383178711
115.801422119
115.833526611
115.345878601
115.256622314
113.715805054
112.746620178
112.754745483
112.028320312
110.297462463
110.84198761
110.955230713
110.457313538
108.722053528
106.632751465
107.385826111
108.16418457
109.806098938
111.519195557
113.514923096
115.923171997
118.767616272
120.094291687
121.337760925
122.455513
121.133468628
119.630889893
117.13634491
111.508331299
109.974090576
111.803359985
111.399681091
109.975166321
110.337501526
110.856231689
113.407966614
112.797103882
110.830200195
110.738876343
110.790222168
111.069259644
113.402618408
117.072814941
116.652000427
113.136421204
108.428215027
109.420646667
111.292915344
113.272163391
110.130935669
110.78981781
111.873252869
106.992332458
103.26940155
106.792961121
106.018157959
104.485939026
103.834663391
107.813461304
106.167617798
103.67199707
102.26222229
101.898284912
101.845939636
102.752868652
103.71546936
106.894561768
112.53086853
113.687362671
114.297019958
112.119308472
111.507629395
109.38533783
109.363861084
108.65650177
106.376556396
105.944519043
101.821922302
100.630760193
99.1907730103
97.6714935303
97.5687713623
98.4996948242
97.9984283447
100.280487061
104.275550842
107.102272034
108.281280518
106.25479126
108.244689941
109.099159241
108.834655762
109.633918762
111.120185852
108.769744873
105.323577881
103.079536438
100.996658325
100.390144348
99.1795425415
99.1340713501
97.7341690063
95.8498382568
97.5585403442
99.7362136841
103.209770203
106.460952759
105.812080383
103.30254364
101.194458008
100.161270142
98.78490448
97.4445571899
95.5493164062
93.6529388428
94.5303726196
95.1580734253
97.7311248779
96.6896820068
97.5294952393
97.6415328979
96.0368118286
94.5084991455
92.506729126
91.4987106323
91.429977417
90.9865264893
93.2165145874
94.1714935303
94.8136367798
95.7378845215
97.6850814819
99.2638168335
98.7381134033
96.4563827515
94.5568161011
93.5307922363
91.556060791
91.4476623535
90.0202713013
89.4325180054
89.1938781738
88.9119491577
88.6620101929
88.4454650879
88.4297866821
88.4226913452
88.4171676636
90.8874511719
91.4143753052
85.7699890137
91.5190124512
88.5772781372
85.5056838989
88.5013504028
88.4218597412
88.4638061523
89.7579345703
90.9086990356
92.2803039551
93.05859375
97.2091217041
98.5076293945
97.7591400146
95.234413147
94.1432723999
91.5546569824
94.2048568726
96.3638534546
97.2028274536
99.3930130005
100.234909058
99.4337387085
97.841796875
96.2855300903
95.0321960449
94.8545227051
94.519317627
94.5284576416
94.3973770142
93.679145813
94.1430511475
94.0832214355
94.7927322388
95.7418746948
96.6391677856
97.6751251221
98.4743652344
99.1770629883
101.749382019
104.884391785
105.347923279
103.598670959
103.575332642
103.326347351
102.744125366
102.271369934
101.963874817
101.616073608
101.387969971
101.16002655
101.085914612
100.769195557
100.603401184
100.486709595
100.452880859
100.466293335
100.496856689
100.13293457
99.5494842529
99.1748046875
98.2454833984
97.3565368652
100.129096985
100.621673584
100.623916626
100.689628601
100.7264328
100.827888489
103.258033752
103.482406616
103.884338379
104.116134644
104.180030823
104.271972656
104.328491211
105.48273468
106.455566406
107.338317871
109.252342224
108.741188049
108.914840698
108.9556427
108.718841553
108.441291809
107.934448242
107.46446228
107.109977722
106.923194885
106.047683716
106.110076904
107.893127441
108.401695251
109.552101135
111.211860657
112.65838623
114.584892273
116.053756714
117.372032166
118.043670654
118.70841217
119.408378601
120.984321594
121.864906311
122.910919189
124.341896057
124.806297302
123.778953552
122.300827026
121.323776245
119.634735107
118.62802124
117.852867126
116.935829163
117.730522156
118.607498169
119.242156982
119.495788574
119.506416321
119.539756775
118.538383484
118.141242981
115.832931519
115.363212585
114.77204895
113.366943359
112.83177948
112.21635437
112.920822144
114.063102722
115.630889893
118.107254028
121.386299133
121.772216797
120.934883118
118.744789124
117.480857849
115.88596344
114.225715637
113.9634552
115.024711609
115.017211914
115.020233154
115.822418213
118.199859619
120.138816833
120.914428711
121.238960266
122.124153137
123.547950745
124.69052124
124.941696167
124.933265686
124.377372742
123.199127197
123.005775452
122.342063904
121.156944275
119.504951477
120.331626892
121.671546936
121.861358643
121.249565125
117.645011902
116.089782715
117.645652771
117.624671936
114.570617676
116.144813538
117.00718689
116.946266174
118.339653015
118.412239075
118.762443542
121.303199768
122.104934692
123.384910583
122.579917908
121.939071655
120.024261475
118.762054443
117.825035095
115.607688904
115.076850891
114.35244751
114.112358093
114.596603394
114.833580017
114.689788818
114.213890076
116.119194031
116.944664001
117.070976257
117.930297852
117.752449036
117.154190063
115.018234253
113.321464539
114.527359009
116.835731506
118.735321045
121.0832901
120.433044434
118.473205566
117.466529846
115.463165283
113.329559326
115.949523926
117.170692444
118.426109314
119.75743866
120.398635864
118.411857605
119.444755554
118.15712738
117.618011475
116.094177246
113.321098328
115.781974792
117.062774658
117.872154236
118.98677063
118.318832397
116.839355469
115.327232361
112.247306824
109.926551819
107.829811096
108.602333069
112.205574036
113.868492126
113.254089355
111.938568115
109.869995117
110.704666138
111.433456421
112.230102539
114.392242432
116.766609192
116.782958984
114.160301208
116.275970459
118.154769897
120.960128784
124.138885498
123.966621399
122.48526001
120.214149475
118.373062134
116.788604736
115.22328186
113.627616882
110.541107178
108.427108765
107.092803955
107.405769348
107.690574646
107.685173035
107.69468689
107.599052429
107.501724243
107.082260132
104.520439148
104.667098999
104.889022827
104.38924408
106.670478821
106.719429016
106.657493591
104.000083923
103.654502869
101.157722473
100.595809937
98.1270294189
97.3858261108
96.6773376465
95.97290802
95.3259429932
94.7379150391
94.5919952393
95.476776123
96.4622116089
97.5678024292
97.5495223999
97.5078964233
96.6671447754
95.8208618164
94.4412689209
93.5182952881
93.7537384033
93.6676483154
93.2523040771
93.123298645
93.4459609985
93.7454833984
93.6314239502
92.9347076416
91.994178772
91.2121200562
90.7425460815
90.389465332
90.1458511353
89.8234634399
89.5418548584
89.3039703369
89.1038284302
88.9163818359
88.9182357788
88.9243927002
88.6759796143
88.4224777222
87.3240814209
84.353515625
88.1229782104
88.432434082
88.4255371094
88.4220504761
88.4362640381
88.6176834106
89.0274963379
89.2194366455
89.3232955933
89.4611282349
89.5718078613
89.6750869751
89.6712188721
89.6800994873
89.7742233276
89.959815979
90.0374755859
90.2573623657
90.4907226562
90.7347183228
90.9346847534
91.1373062134
91.3082427979
92.1134719849
93.9282531738
95.0005340576
95.6839065552
96.3164291382
96.842376709
97.4119110107
98.1642913818
98.3434753418
98.2343292236
98.0488204956
97.7958068848
97.918762207
98.5690383911
99.8817596436
100.331626892
101.214836121
103.074165344
103.013946533
102.18662262
100.414352417
100.025619507
99.5146713257
99.8617858887
101.07497406
101.93019104
101.794654846
101.278259277
101.198707581
102.184112549
102.98147583
103.005401611
103.366447449
103.81438446
104.381477356
104.294532776
104.593597412
104.972434998
104.748725891
103.790245056
104.256027222
105.146858215
105.731254578
106.491859436
107.458488464
107.823486328
109.630157471
110.192428589
111.38205719
111.567718506
112.219795227
112.134063721
111.666435242
111.419998169
111.621017456
112.133117676
110.787635803
109.533699036
107.632019043
105.865852356
108.457221985
109.211761475
110.335350037
111.490097046
111.693336487
111.08026123
110.483535767
110.570602417
111.113517761
111.447181702
110.990432739
109.708450317
109.222465515
109.081947327
108.523666382
108.154624939
108.532997131
109.038993835
109.196601868
109.120246887
109.236030579
109.786743164
110.473716736
110.865325928
111.127937317
111.288261414
111.327171326
111.186462402
110.905143738
110.611557007
110.712348938
111.085441589
110.986251831
111.1326828
111.440071106
111.798599243
111.997428894
111.34022522
110.7003479
110.379112244
110.536201477
111.344451904
112.073242188
112.293411255
112.090637207
111.760253906
111.599365234
111.511924744
111.621437073
111.778465271
111.767547607
111.526794434
111.124938965
110.674377441
110.331863403
110.053939819
110.226379395
110.889472961
111.137825012
110.976196289
110.464019775
110.600471497
109.920967102
109.293540955
107.939743042
106.618095398
106.253890991
106.114143372
105.730407715
105.222061157
104.906555176
103.922645569
105.328239441
106.871398926
107.906356812
107.470108032
106.902885437
104.209381104
103.405601501
102.938270569
102.739189148
102.769432068
103.017684937
103.489807129
103.882606506
104.776725769
105.638183594
106.481765747
107.057121277
108.374328613
109.709327698
110.459625244
106.782203674
105.619812012
108.613616943
110.342567444
109.620574951
109.487449646
110.001281738
110.793426514
111.119987488
111.597366333
111.647903442
111.722305298
111.677375793
111.841156006
112.21698761
112.604042053
112.88394928
113.053092957
113.281929016
113.423233032
113.331626892
112.967102051
111.804908752
110.695365906
111.339988708
112.11555481
111.824661255
111.520217896
111.702934265
111.396705627
111.159309387
111.220474243
110.852119446
110.203918457
109.05330658
107.732872009
107.30166626
107.801589966
107.982902527
107.872833252
107.664550781
109.110824585
110.168586731
110.294303894
108.015808105
106.427108765
109.033699036
110.338790894
109.290481567
107.30745697
107.193580627
106.995597839
106.872200012
107.430091858
