2518.9465332
2517.4831543
2514.31225586
2509.48535156
2506.0078125
2504.84521484
2503.88769531
2502.68798828
2501.35791016
2497.59936523
2497.78320312
2499.95483398
2501.79003906
2501.88012695
2501.95385742
2502.2734375
2502.01342773
2501.87304688
2502.81054688
2502.9543457
2503.38208008
2503.35131836
2503.38647461
2503.6105957
2503.63012695
2504.1875
2504.84130859
2505.74584961
2507.65576172
2511.78417969
2512.81103516
2512.98291016
2512.78686523
2512.62695312
2512.04956055
2507.90087891
2504.97436523
2502.78466797
2501.58251953
2497.59008789
2501.92529297
2502.79394531
2502.63427734
2502.71728516
2504.03833008
2506.59082031
2509.49438477
2511.6574707
2512.62255859
2514.06176758
2515.03100586
2515.78198242
2516.66748047
2517.91137695
2520.0078125
2522.14941406
2523.57373047
2527.21606445
2529.41943359
2529.6015625
2529.68652344
2529.40063477
2528.29882812
2526.05810547
2527.57421875
2531.01928711
2532.47363281
2532.79125977
2532.93139648
2533.21313477
2533.83105469
2534.42236328
2534.82666016
2535.3762207
2539.08837891
2539.77905273
2539.8112793
2539.78515625
2539.67797852
2539.63647461
2539.61230469
2539.62548828
2539.89331055
2540.265625
2541.203125
2543.43286133
2544.44506836
2544.55371094
2544.18359375
2544.171875
2544.56860352
2544.83618164
2544.75634766
2544.70214844
2545.41772461
2547.42358398
2550.18164062
2550.80126953
2551.86547852
2552.92993164
2554.79150391
2556.29760742
2556.77197266
2557.14331055
2559.61108398
2563.04541016
2563.13134766
2563.79980469
2564.13818359
2563.296875
2562.36230469
2561.70410156
2564.93920898
2565.20410156
2565.49804688
2565.66943359
2565.78881836
2566.67138672
2570.87841797
2572.4831543
2573.20263672
2574.44799805
2576.05175781
2577.51025391
2578.67236328
2579.77880859
2582.42114258
2588.39575195
2589.04638672
2591.37719727
2591.09521484
2590.10571289
2592.82641602
2593.65161133
2593.93481445
2596.70947266
2599.47827148
2599.89135742
2600.24438477
2601.61328125
2602.73266602
2603.42529297
2604.29199219
2604.75292969
2604.97851562
2604.37963867
2603.59619141
2603.359375
2604.59594727
2609.26367188
2612.37719727
2612.96411133
2613.15332031
2612.39624023
2613.58764648
2615.70288086
2614.51074219
2615.19604492
2617.41308594
2621.84301758
2625.7043457
2626.1796875
2627.01660156
2628.5625
2629.58691406
2630.56518555
2632.13061523
2636.43652344
2639.30322266
2640.26391602
2641.58740234
2641.96459961
2642.22802734
2643.93652344
2649.99926758
2652.03076172
2654.27978516
2655.62719727
2656.16040039
2656.60546875
2660.43457031
2661.60888672
2662.03881836
2663.24511719
2664.4206543
2665.4987793
2666.890625
2668.72802734
2673.31738281
2673.7578125
2674.56347656
2676.44897461
2678.09423828
2679.61914062
2681.21044922
2685.40820312
2686.02563477
2686.84716797
2688.31542969
2689.90893555
2690.79516602
2692.14160156
2694.58081055
2698.4453125
2700.04736328
2700.65942383
2700.86279297
2701.0222168
2701.42602539
2702.6394043
2705.39648438
2709.63256836
2710.35644531
2711.09008789
2712.43896484
2715.06347656
2718.94360352
2723.10009766
2723.99072266
2725.11523438
2726.47607422
2727.39794922
2728.96704102
2732.96948242
2735.91967773
2737.08862305
2737.80371094
2738.39038086
2739.06298828
2740.13305664
2742.19018555
2746.42333984
2748.17358398
2749.765625
2750.87402344
2751.08666992
2751.76367188
2752.2277832
2752.52856445
2752.65722656
2752.88574219
2753.53149414
2756.3046875
2761.16479492
2762.17114258
2762.69140625
2763.0300293
2763.16162109
2763.20458984
2763.31152344
2772.92675781
2773.40478516
2774.03051758
2775.52050781
2777.32055664
2779.26342773
2780.34936523
2780.28662109
2780.3425293
2780.57836914
2782.82128906
2783.1262207
2783.23022461
2783.42504883
2784.78417969
2786.58520508
2786.67724609
2786.59326172
2787.53295898
2788.15966797
2789.43139648
2790.82373047
2791.2956543
2791.59008789
2792.50073242
2795.00878906
2795.58740234
2796.08544922
2796.85449219
2797.98095703
2799.90869141
2800.81640625
2801.27246094
2805.14868164
2809.93164062
2811.1862793
2812.84985352
2813.66625977
2814.26635742
2814.59057617
2815.7487793
2820.25878906
2821.43798828
2822.62817383
2824.6105957
2825.52954102
2826.22802734
2826.61035156
2826.90844727
2829.41992188
2834.73364258
2834.54199219
2835.7487793
2838.90869141
2840.29516602
2840.44580078
2844.95581055
2848.70214844
2850.69238281
2849.68017578
2848.04077148
2848.00585938
2848.66943359
2849.7890625
2851.42260742
2854.08203125
2859.0324707
2861.19189453
2862.39916992
2862.95874023
2863.13452148
2863.18847656
2863.35498047
2867.32470703
2870.58813477
2871.29296875
2873.47607422
2880.8449707
2881.61132812
2881.67211914
2881.66821289
2881.81152344
2883.63232422
2886.70166016
2887.00317383
2886.45507812
2886.45947266
2886.47802734
2887.42285156
2889.12841797
2889.80004883
2890.25219727
2890.09912109
2892.75195312
2894.0078125
2894.16894531
2894.2019043
2896.73071289
2898.91918945
2899.5534668
2899.64892578
2899.99682617
2901.44384766
2904.74780273
2907.03393555
2909.25439453
2910.86450195
2911.76367188
2913.38793945
2914.14306641
2914.09057617
2917.25488281
2919.69726562
2920.69287109
2921.66308594
2923.25439453
2924.33837891
2923.88549805
2924.82495117
2926.10473633
2929.87573242
2932.18676758
2934.88183594
2936.60302734
2937.88256836
2938.20678711
2938.2956543
2938.75244141
2940.41015625
2944.82861328
2946.14526367
2946.15649414
2945.38427734
2945.25170898
2946.27856445
2952.22070312
2952.71313477
2952.72509766
2954.14331055
2958.8581543
2962.96606445
2963.68017578
2962.45288086
2961.54492188
2965.54345703
2968.99511719
2970.32202148
2970.73266602
2970.60009766
2970.56225586
2971.33642578
2972.66113281
2977.69018555
2980.5925293
2981.03979492
2981.2421875
2982.09570312
2982.46289062
2983.52514648
2984.79296875
2986.16967773
2990.81542969
2994.13232422
2995.89404297
2996.68945312
2998.75610352
2999.27636719
2999.43969727
2999.63183594
2999.875
3000.12402344
3002.70654297
3006.81958008
3006.91772461
3007.83178711
3007.87280273
3008.08496094
3009.04394531
3009.79345703
3013.56225586
3016.70800781
3019.36987305
3020.96142578
3021.14550781
3021.26928711
3021.7277832
3022.32885742
3023.44018555
3025.68334961
3025.7199707
3026.29931641
3027.81103516
3029.05444336
3031.93017578
3033.81152344
3034.84741211
3036.99145508
3038.87304688
3039.16015625
3039.40600586
3039.76611328
3040.95288086
3042.78271484
3045.23242188
3047.47509766
3049.79101562
3051.40087891
3052.45239258
3053.62133789
3054.96875
3056.36865234
3057.9699707
3059.5625
3062.60888672
3065.44506836
3067.33911133
3069.16967773
3070.80273438
3071.84082031
3073.38916016
3080.44677734
3082.70483398
3082.01831055
3080.25952148
3080.48681641
3083.0065918
3085.30297852
3085.79296875
3085.79980469
3093.24853516
3095.91943359
3096.79711914
3097.12426758
3096.93896484
3097.04760742
3097.08007812
3097.20874023
3100.05053711
3100.96801758
3100.87109375
3100.62158203
3100.03100586
3100.68579102
3102.14648438
3105.07910156
3109.27319336
3113.78295898
3114.98681641
3115.4609375
3115.44921875
3124.35693359
3125.99023438
3126.60424805
3127.05688477
3127.60742188
3128.0703125
3128.53857422
3128.96044922
3129.87182617
3130.67724609
3131.31103516
3132.19995117
3134.17578125
3138.38452148
3140.13232422
3140.76269531
3141.66064453
3142.42480469
3143.09375
3143.76586914
3146.56591797
3152.09301758
3154.12304688
3154.32446289
3153.72216797
3151.87231445
3151.26147461
3155.01489258
3155.96386719
3155.89038086
3157.55615234
3162.04541016
3164.67822266
3165.75317383
3166.45483398
3166.47631836
3165.71508789
3165.54345703
3168.07617188
3169.98339844
3170.30004883
3170.57641602
3171.10791016
3171.07470703
3171.47216797
3172.64331055
3175.92749023
3177.86328125
3177.46923828
3176.69311523
3177.34545898
3179.78295898
3184.4675293
3186.03979492
3186.50415039
3186.69213867
3186.99560547
3187.47119141
3187.92822266
3188.43676758
3188.98950195
3189.64160156
3190.28857422
3191.55786133
3195.43896484
3197.04736328
3196.95166016
3197.33959961
3198.87475586
3199.70581055
3200.40405273
3201.1394043
3201.84106445
3202.57299805
3204.73144531
3209.58911133
3211.56640625
3212.82543945
3213.55688477
3214.15380859
3214.65356445
3215.01098633
3215.33569336
3215.70239258
3218.05810547
3223.18212891
3224.28125
3225.00585938
3225.44946289
3225.69067383
3225.875
3227.109375
3228.1730957
3228.98876953
3230.33569336
3235.13061523
3237.94677734
3237.66430664
3236.90283203
3236.8046875
3237.73510742
3238.86938477
3239.77294922
3240.15087891
3240.64624023
3240.96801758
3242.29199219
3246.19091797
3247.97924805
3248.72167969
3249.45751953
3250.02807617
3250.77563477
3251.19213867
3251.23071289
3251.95629883
3254.06835938
3257.29052734
3258.80957031
3259.91308594
3260.52124023
3261.0949707
3262.03295898
3263.06274414
3264.07299805
3264.96069336
3266.49560547
3270.41333008
3273.24438477
3273.95556641
3274.27270508
3274.30444336
3274.95751953
3275.78833008
3276.93676758
3277.88330078
3280.22680664
3283.53149414
3283.80004883
3283.50830078
3282.74414062
3282.05273438
3282.11132812
3282.54125977
3282.97753906
3284.2902832
3286.3737793
3290.36621094
3294.99951172
3296.64501953
3297.3605957
3297.88208008
3298.60766602
3299.53588867
3300.3996582
3301.13574219
3301.76074219
3302.23486328
3302.65673828
3303.8215332
3308.53125
3310.6953125
3310.97045898
3311.3269043
3311.39428711
3311.54248047
3312.69506836
3313.4753418
3314.06494141
3314.70288086
3316.93164062
3322.35522461
3324.46972656
3325.42871094
3325.8190918
3325.66088867
3325.55615234
3326.20166016
3326.54150391
3327.93579102
3333.53833008
3335.93481445
3336.71337891
3337.09033203
3337.65966797
3338.20019531
3338.33618164
3338.03710938
3339.2565918
3339.95629883
3340.49121094
3341.91137695
3345.11425781
3346.90185547
3348.32128906
3349.81567383
3351.02075195
3352.01123047
3352.11132812
3353.91308594
3357.7409668
3360.1262207
3361.01147461
3361.11132812
3361.07299805
3361.01049805
3361.72607422
3362.68383789
3363.72167969
3365.95458984
3369.03540039
3370.10131836
3370.79321289
3370.74755859
3370.19018555
3368.85571289
3368.16015625
3370.35742188
3373.94482422
3377.49951172
3381.14672852
3383.93798828
3386.05615234
3387.26147461
3387.61499023
3387.62353516
3387.3737793
3386.88012695
3386.25610352
3385.81689453
3390.05322266
3394.44506836
3396.45605469
3397.23046875
3397.86083984
3398.90209961
3399.82983398
3399.90673828
3400.46875
3401.00244141
3403.40258789
3406.484375
3407.37475586
3406.77514648
3406.0012207
3407.30175781
3409.10498047
3410.75830078
3413.35058594
3418.33325195
3424.61376953
3426.46972656
3428.03759766
3428.24853516
3427.7175293
3427.71240234
3428.77001953
3429.83886719
3430.64306641
3431.13720703
3432.1887207
3432.92285156
3433.20239258
3433.36376953
3433.34350586
3433.1484375
3433.35180664
3433.92822266
3434.45751953
3434.74755859
3435.99194336
3438.13793945
3439.66601562
3440.54956055
3441.44335938
3442.41699219
3443.31616211
3444.22924805
3445.125
3445.81860352
3446.44067383
3446.83251953
3447.32299805
3448.02124023
3448.63330078
3449.24438477
3450.12304688
3451.01660156
3452.08642578
3452.85839844
3453.40820312
3453.85546875
3453.90234375
3453.78076172
3453.56274414
3453.10522461
3452.45117188
3452.32910156
3452.26269531
3452.19628906
3452.00732422
3451.58422852
3450.99438477
3450.04980469
3448.58911133
3446.71875
3444.3503418
3441.75219727
3439.58544922
3438.6328125
3437.81176758
3437.10961914
3436.66186523
3436.21044922
3435.87060547
3434.95410156
3433.63598633
3431.11108398
3427.76416016
3425.57055664
3424.98022461
3425.10717773
3425.20019531
3424.67944336
3424.25952148
3424.09033203
3423.91992188
3423.69433594
3423.29418945
3422.97119141
3422.64038086
3422.30151367
3422.03588867
3421.90722656
3421.8659668
3421.72387695
3421.53369141
3421.14575195
3420.00146484
3417.47973633
3414.70605469
3413.05810547
3413.08862305
3413.17553711
3412.98364258
3412.35864258
3411.37329102
3410.17333984
3408.79272461
3407.86401367
3406.79077148
3405.69604492
3404.80371094
3403.30639648
3400.67919922
3398.65356445
3398.46630859
3398.70410156
3398.98803711
3399.41137695
3399.9296875
3399.87353516
3400.19873047
3400.3293457
3400.17773438
3400.38500977
3400.55517578
3400.53491211
3400.59765625
3400.14233398
3399.6953125
3399.19750977
3398.66699219
3398.03710938
3397.04370117
3394.94970703
3391.53564453
3389.25073242
3388.72314453
3388.66137695
3388.62426758
3388.47998047
3388.27148438
3388.03881836
3387.76953125
3387.35961914
3386.59741211
3384.43334961
3380.33105469
3377.92407227
3377.60327148
3377.51757812
3377.09326172
3376.37426758
3376.79394531
3377.10839844
3377.13769531
3376.59643555
3376.47290039
3375.86230469
3375.53564453
3374.94824219
3373.72973633
3371.98413086
3368.76489258
3366.40039062
3364.84765625
3363.92333984
3363.27856445
3362.71362305
3362.20751953
3361.89257812
3361.70019531
3361.66186523
3362.00952148
3362.58300781
3362.27368164
3362.08227539
3361.88061523
3361.73461914
3361.05175781
3359.46655273
3356.88452148
3354.05957031
3352.19824219
3351.0546875
3350.16918945
3349.39404297
3348.80859375
3348.39355469
3348.05981445
3347.98461914
3348.11206055
3347.97363281
3348.27709961
3348.19775391
3347.51782227
3347.03759766
3346.04125977
3343.58984375
3341.01074219
3339.70239258
3338.64355469
3338.29150391
3338.18017578
3338.09838867
3337.91821289
3337.65063477
3337.30688477
3336.90673828
3336.46923828
3336.00488281
3335.44604492
3334.7434082
3333.65942383
3331.62426758
3328.56542969
3326.50317383
3325.4699707
3324.83862305
3324.40600586
3323.93481445
3323.55737305
3323.29833984
3323.04370117
3322.78173828
3322.60961914
3322.35717773
3321.84301758
3320.30859375
3317.77832031
3315.33666992
3314.2277832
3313.75976562
3312.81347656
3311.96557617
3310.98364258
3310.10913086
3309.61303711
3310.01757812
3309.79492188
3309.74243164
3309.28515625
3308.89331055
3309.75
3310.5012207
3311.38598633
3311.72998047
3311.55004883
3311.06494141
3310.79418945
3310.703125
3310.18725586
3308.50537109
3305.87890625
3303.46533203
3302.24633789
3301.70214844
3301.47802734
3301.29760742
3260.59399414
3258.30541992
3255.84228516
3254.81835938
3254.59277344
3254.92529297
3254.54370117
3252.90356445
3250.70776367
3248.47875977
3246.7890625
3245.13330078
3242.49975586
3239.67651367
3237.26416016
3235.35791016
3235.84228516
3236.73217773
3237.42504883
3238.02856445
3238.84228516
3239.23535156
3239.90454102
3240.28564453
3240.6796875
3240.50830078
3240.16088867
3239.76513672
3239.20214844
3238.63867188
3238.83300781
3238.78710938
3238.48803711
3238.0078125
3238.10473633
3238.08642578
3237.75146484
3237.05297852
3236.21264648
3234.05712891
3230.89672852
3228.78076172
3227.41210938
3226.39819336
3226.05737305
3226.1237793
3226.22998047
3226.32470703
3226.39111328
3226.43310547
3226.40454102
3226.18188477
3225.63598633
3224.26660156
3221.64697266
3217.93383789
3215.81787109
3215.12988281
3215.00146484
3214.85766602
3214.68212891
3214.46679688
3214.16870117
3213.78027344
3213.32983398
3212.87988281
3212.49975586
3212.56323242
3212.4128418
3211.8684082
3211.40136719
3210.68530273
3209.27148438
3206.39941406
3204.27880859
3203.59692383
3203.19848633
3202.9152832
3202.66723633
3202.19555664
3201.63696289
3201.17114258
3200.72680664
3200.27685547
3199.80639648
3197.6472168
3193.79125977
3191.70629883
3190.93603516
3190.49438477
3189.92480469
3189.75073242
3189.68579102
3189.40258789
3189.20629883
3189.30371094
3189.16479492
3188.83129883
3188.93994141
3188.27856445
3184.96411133
3182.19116211
3181.07519531
3180.72460938
3180.49560547
3180.46582031
3180.44750977
3180.80102539
3180.84033203
3180.34277344
3179.26953125
3177.69848633
3175.49951172
3173.7097168
3171.23925781
3167.12353516
3163.79541016
3162.99389648
3162.28295898
3162.28320312
3163.50830078
3164.5090332
3164.59985352
3164.50488281
3164.4296875
3164.15722656
3163.50390625
3162.32128906
3160.4831543
3158.56152344
3157.87011719
3157.87939453
3157.48461914
3156.79980469
3156.54467773
3156.30395508
3155.296875
3153.05541992
3149.93530273
3146.8659668
3144.83129883
3142.99682617
3142.04125977
3142.37060547
3143.30224609
3144.1730957
3144.53076172
3144.2590332
3143.7019043
3142.87670898
3142.0637207
3141.55493164
3140.82128906
3139.93139648
3139.88745117
3139.60375977
3138.8059082
3135.91210938
3132.10986328
3130.77636719
3130.44458008
3130.15869141
3129.91113281
3128.49194336
3126.91772461
3125.66992188
3124.69067383
3124.26855469
3123.37060547
3121.58105469
3119.13769531
3117.80444336
3117.48217773
3117.28540039
3116.89501953
3116.47460938
3115.89331055
3115.17993164
3114.30566406
3113.27172852
3112.47851562
3111.73754883
3108.26708984
3104.87109375
3103.68408203
3103.08935547
3102.75610352
3102.55786133
3102.42382812
3102.47338867
3102.56396484
3102.58935547
3102.44921875
3102.12109375
3101.73535156
3101.31396484
3100.80053711
3099.97290039
3098.26220703
3094.79785156
3092.42016602
3091.70166016
3091.41748047
3091.16357422
3090.19628906
3089.2800293
3088.40332031
3087.30786133
3085.42675781
3083.19189453
3081.10839844
3079.09179688
3078.16040039
3078.04614258
3077.85595703
3077.41552734
3076.7890625
3076.76953125
3076.95654297
3076.95141602
3076.92285156
3076.50048828
3075.89233398
3076.48388672
3076.53955078
3076.31030273
3074.63891602
3071.30688477
3069.09716797
3068.08789062
3068.10546875
3067.89892578
3067.52539062
3067.51635742
3067.51513672
3067.28466797
3066.96899414
3066.578125
3066.17602539
3065.97021484
3066.1640625
3066.63549805
3067.13476562
3067.53125
3067.484375
3066.84472656
3065.62548828
3063.57128906
3061.4987793
3060.24487305
3056.54370117
3055.9050293
3055.42382812
3054.99584961
3054.27587891
3052.671875
3050.2578125
3048.34057617
3047.54150391
3047.15478516
3046.81933594
3046.49414062
3046.19165039
3046.32177734
3046.61767578
3046.7956543
3046.85791016
3046.75585938
3047.03125
3047.27954102
3047.12548828
3047.23657227
3046.95874023
3046.93334961
3046.51538086
3046.66455078
3046.05957031
3044.53662109
3044.24780273
3044.74023438
3045.26489258
3045.60253906
3046.36352539
3044.28222656
3043.13916016
3040.79614258
3038.19384766
3036.06933594
3033.20556641
3030.20458984
3026.4987793
3022.49462891
3017.7722168
3014.67578125
3014.21704102
3013.87402344
3013.50878906
3013.37011719
3016.14575195
3016.84033203
3016.08862305
3013.51782227
3009.66308594
3008.14111328
3007.51660156
3007.39306641
3007.24511719
3006.59985352
3006.1472168
3005.36132812
3004.7109375
3004.12792969
3003.53442383
3003.13110352
3002.1965332
3000.98291016
2999.95947266
2998.94775391
2998.53588867
2997.66552734
2995.63574219
2993.76123047
2993.66479492
2993.75073242
2993.79614258
2993.78125
2993.66186523
2993.44238281
2993.19555664
2992.71020508
2991.91430664
2990.55053711
2988.15380859
2985.29541016
2983.59277344
2982.63452148
2981.83886719
2981.10888672
2980.49072266
2980.26196289
2980.09375
2980.62841797
2981.09960938
2981.05932617
2980.40185547
2981.12133789
2981.62573242
2982.2355957
2982.5690918
2982.23022461
2979.67578125
2975.53955078
2973.57055664
2972.4777832
2971.5078125
2971.46533203
2972.08398438
2972.32666016
2972.02734375
2971.79541016
2971.54663086
2971.41259766
2971.0234375
2970.56665039
2969.86767578
2969.24487305
2968.41699219
2967.08227539
2963.91699219
2961.38647461
2960.0234375
2959.47631836
2959.18017578
2959.40380859
2959.77148438
2960.26367188
2960.54785156
2960.59838867
2960.26831055
2959.50146484
2958.22338867
2956.63452148
2954.35449219
2951.42138672
2948.43920898
2946.01269531
2943.85424805
2942.87158203
2943.13061523
2943.7043457
2943.94140625
2943.86669922
2943.86425781
2943.87646484
2943.83886719
2943.69335938
2943.39526367
2942.90209961
2942.25952148
2942.1328125
2941.68505859
2939.82861328
2936.61328125
2934.41699219
2933.48388672
2933.04052734
2932.70581055
2932.41455078
2932.1003418
2931.9362793
2931.86352539
2931.84741211
2931.7824707
2931.63647461
2931.41113281
2931.02758789
2930.3815918
2929.27099609
2927.00610352
2923.1171875
2921.82836914
2921.36743164
2920.79443359
2920.36035156
2920.20385742
2920.1027832
2920.63354492
2921.04882812
2921.28613281
2921.32568359
2921.16796875
2920.97045898
2920.77636719
2920.59790039
2920.41967773
2919.61621094
2916.76367188
2912.69433594
2912.07543945
2911.93237305
2911.65673828
2911.51904297
2911.23876953
2910.78759766
2910.44604492
2909.95776367
2909.49804688
2909.44995117
2909.75927734
2909.95800781
2909.6340332
2907.29443359
2903.43188477
2901.69726562
2901.46533203
2900.94775391
2900.08789062
2898.92724609
2898.09887695
2897.47973633
2897.13330078
2896.84838867
2896.734375
2896.75195312
2896.78295898
2896.65795898
2896.43579102
2896.00878906
2895.92895508
2894.74121094
2891.56542969
2887.76831055
2886.23608398
2885.63378906
2885.53076172
2885.71728516
2886.12890625
2885.56738281
2885.00683594
2884.75683594
2884.12402344
2882.97851562
2881.37353516
2878.27783203
2875.90576172
2875.33886719
2874.88916016
2874.40893555
2873.76025391
2873.95532227
2873.98120117
2873.66064453
2873.9777832
2874.19873047
2875.01220703
2875.36816406
2875.28613281
2875.29199219
2875.62939453
2875.44311523
2861.1574707
2858.20751953
2855.11376953
2855.27319336
2857.07006836
2855.67626953
2852.20996094
2850.43603516
2848.8996582
2849.72607422
2850.49023438
2850.22167969
2848.15356445
2841.14282227
2837.94067383
2837.56005859
2837.11938477
2835.63891602
2834.12231445
2832.38769531
2830.19238281
2824.98901367
2823.18212891
2823.36230469
2823.87719727
2824.40942383
2824.49023438
2824.76147461
2823.77392578
2819.4921875
2814.17407227
2807.27294922
2806.15844727
2806.37524414
2810.12207031
2812.11328125
2810.04760742
2804.30737305
2803.1262207
2801.57763672
2800.69067383
2799.94042969
2798.46044922
2798.07641602
2794.03808594
2791.47387695
2789.37084961
2786.44165039
2784.66162109
2783.74291992
2783.11621094
2781.53881836
2779.18652344
2777.55126953
2777.69506836
2776.59570312
2774.36962891
2772.16333008
2769.6809082
2767.31152344
2765.234375
2763.88476562
2762.62646484
2760.77197266
2758.78808594
2756.56445312
2755.30249023
2754.68579102
2754.35693359
2753.74072266
2752.04296875
2748.84838867
2746.75512695
2744.80151367
2743.23168945
2742.93310547
2742.41503906
2741.43237305
2737.84228516
2734.61987305
2733.8112793
2733.34326172
2731.82617188
2729.96972656
2726.77441406
2723.5144043
2722.69189453
2722.78808594
2722.42944336
2719.76367188
2718.44189453
2717.77124023
2717.21044922
2716.43139648
2714.30273438
2710.48364258
2707.78027344
2706.88818359
2705.82983398
2705.40478516
2705.0
2703.46850586
2701.5300293
2700.03271484
2698.51879883
2696.921875
2693.44360352
2690.98779297
2689.09277344
2687.01831055
2687.49487305
2687.16845703
2685.32373047
2682.00073242
2680.73754883
2680.54296875
2680.3527832
2678.09790039
2673.54711914
2669.52490234
2668.33007812
2667.45751953
2667.11938477
2667.23999023
2667.13061523
2666.13110352
2664.54907227
2662.72973633
2660.48217773
2656.67382812
2654.17700195
2652.98583984
2651.8503418
2651.29614258
2650.11206055
2649.37890625
2648.15551758
2645.51953125
2643.32666016
2641.7487793
2640.28686523
2638.74804688
2636.42895508
2633.44458008
2630.51074219
2627.27856445
2625.55078125
2625.12426758
2623.81176758
2623.52661133
2621.57006836
2617.92138672
2614.84594727
2612.99682617
2611.4699707
2610.97509766
2610.91992188
2610.95532227
2610.01611328
2606.17602539
2604.22949219
2603.87426758
2604.03344727
2604.40551758
2604.82055664
2604.79077148
2604.51245117
2604.06616211
2603.35498047
2603.07104492
2602.64282227
2602.14111328
2601.67114258
2601.16357422
2600.21704102
2599.12792969
2598.74609375
2598.66772461
2598.11791992
2595.35961914
2592.66967773
2590.47363281
2589.01220703
2588.33959961
2588.20825195
2588.50854492
2588.73095703
2588.76660156
2588.65136719
2588.56274414
2588.47631836
2588.37841797
2588.30639648
2588.32910156
2588.43725586
2588.48950195
2588.46533203
2587.65551758
2587.42700195
2587.74560547
2587.69287109
2588.12011719
2588.76660156
2589.41601562
2589.61010742
2589.45092773
2589.03173828
2588.75390625
2588.32446289
2586.15869141
2585.64208984
2585.11083984
2585.32226562
2585.15209961
2584.97900391
2585.09521484
2585.05395508
2585.08374023
2584.56445312
2584.08959961
2584.82202148
2585.31982422
2585.4699707
2585.56933594
2585.46826172
2585.49438477
2585.19873047
2584.62988281
2583.71166992
2582.77563477
2581.84619141
2581.01879883
2580.28735352
2579.61425781
2579.01416016
2578.47119141
2577.98803711
2577.58007812
2577.25170898
2577.01245117
2576.78393555
2576.50244141
2576.19775391
2575.84936523
2575.48803711
2575.12548828
2574.72851562
2574.37841797
2574.33618164
2574.33789062
2574.26391602
2574.28564453
2574.32543945
2573.59570312
2574.06567383
2574.2409668
2572.34716797
2571.54467773
2570.85668945
2570.31689453
2569.74047852
2569.28515625
2569.01538086
2568.77026367
2568.64575195
2568.75415039
2569.0168457
2569.25610352
2569.57763672
2569.64941406
2569.39746094
2568.88549805
2568.26733398
2567.74365234
2567.55859375
2567.70800781
2568.1484375
2567.66650391
2566.68017578
2566.98730469
2568.41064453
2568.46484375
2568.47973633
2569.69482422
2570.71972656
2571.17724609
2570.40625
2569.48681641
2568.77514648
2568.09399414
2567.35400391
2566.77807617
2566.51269531
2567.96191406
2569.27294922
2569.01147461
2565.62841797
2565.32177734
2563.54736328
2562.34130859
2562.1418457
2562.05615234
2562.05273438
2562.05688477
2562.06762695
2560.83520508
2559.99316406
2560.15698242
2560.18164062
2560.02416992
2559.80712891
2559.64208984
2559.08618164
2557.77539062
2556.49682617
2556.13549805
2556.44946289
2555.9777832
2556.11865234
2557.89868164
2558.23413086
2556.79711914
2555.82543945
2556.77075195
2555.53881836
2554.83496094
2554.1706543
2555.51660156
2556.38500977
2555.9375
2554.44140625
2554.06689453
2553.984375
2554.18457031
2554.38183594
2554.63745117
2555.17480469
2555.95800781
2556.45629883
2556.01611328
2554.96044922
2554.26293945
2553.54492188
2553.79907227
2554.91601562
2555.60400391
2555.39697266
2553.99633789
2551.31811523
2550.91186523
2550.70117188
2550.67382812
2550.27246094
2549.91674805
2549.90551758
2550.25976562
2551.28637695
2551.80786133
2551.46362305
2551.1472168
2551.10180664
2551.24853516
2551.90161133
2552.59008789
2553.25952148
2554.38964844
2553.08276367
2550.44824219
2549.46484375
2546.77783203
2547.07128906
2547.55932617
2547.79956055
2548.23925781
2545.27783203
2544.29931641
2544.00854492
2543.54833984
2543.12109375
2543.15014648
2543.40966797
2544.00732422
2545.40991211
2547.26928711
2548.02978516
2548.21337891
2548.20019531
2547.9921875
2547.17431641
2547.04077148
2547.92919922
2547.99536133
2547.93481445
2547.2355957
2546.98291016
2547.30151367
2546.88354492
2546.32495117
2546.33251953
2546.10913086
2546.33325195
2546.72509766
2546.80322266
2547.04980469
2547.35302734
2547.45141602
2547.46899414
2546.88964844
2546.40673828
2545.66625977
2545.78613281
2546.91479492
2547.70117188
2547.74023438
2546.62353516
2543.53515625
2542.5847168
2542.98461914
2541.43530273
2537.00048828
2535.74291992
2534.0090332
2533.01391602
2534.50732422
2535.26342773
2535.3425293
2535.70288086
2535.90478516
2535.73828125
2535.1081543
2535.42529297
2535.86669922
2535.73852539
2536.50537109
2536.47924805
2535.43652344
2536.02026367
2536.31713867
2535.74707031
2535.15673828
2535.16748047
2535.00463867
2534.45019531
2534.71728516
2534.55493164
2534.28588867
2535.59399414
2536.13647461
2536.27709961
2536.01098633
2535.06420898
2535.15209961
2534.77001953
2534.93530273
2533.93798828
2535.09423828
2535.4050293
2534.09375
2531.1315918
2528.2734375
2527.71142578
2528.03540039
2528.22485352
2528.54150391
2526.20678711
2525.52954102
2525.40039062
2523.26269531
2520.30395508
2521.60449219
2522.01342773
2521.61450195
2520.85180664
2520.16015625
2519.79907227
2519.79638672
2520.26904297
2521.2409668
2523.11279297
2523.86621094
2523.52270508
2522.69604492
2522.9309082
2522.97485352
2522.36010742
2522.61669922
2522.19555664
2521.734375
2521.29492188
2520.78222656
2520.04003906
2519.97338867
2520.61914062
2522.14599609
2524.16821289
2524.45385742
2524.4296875
2524.51025391
2524.31591797
2523.86572266
2523.68725586
2523.55493164
2522.79125977
2520.9543457
2513.82324219
2513.69702148
2513.34033203
2512.34741211
2511.61547852
2512.01977539
2512.09887695
2513.34106445
2510.89208984
2512.82324219
2514.92626953
2514.45947266
2513.98193359
2516.02709961
2518.89013672
2519.10449219
2515.3215332
2511.63427734
2509.6640625
2509.80688477
2509.13134766
2508.80395508
2504.80029297
2504.53173828
2504.5703125
2504.46264648
2503.91259766
2503.31103516
2503.28759766
2503.70214844
2503.66137695
2503.40625
2502.78173828
2501.52636719
2500.97460938
2500.95947266
2500.48999023
2499.8828125
2499.7878418
2499.29907227
2499.89648438
2499.79614258
2499.26953125
2498.63500977
2497.49926758
2497.45361328
2497.75732422
2498.64038086
2498.84301758
2498.86962891
2498.96044922
2499.35058594
2499.27124023
2498.65258789
2498.06323242
2497.61083984
2496.94384766
2496.05810547
2495.01953125
2494.87988281
2494.87915039
2494.88134766
2494.88134766
2494.88037109
2494.88110352
2494.87988281
2494.88232422
2494.88037109
2494.87890625
2494.87939453
2494.87988281
2495.09887695
2495.39282227
2495.1652832
2494.8815918
2494.87915039
2494.87915039
2494.87573242
2495.17797852
2494.87329102
2493.48388672
2493.4621582
2493.2331543
2492.95703125
2490.76123047
2487.4987793
2486.58081055
2484.54516602
2484.21679688
2481.51416016
2480.20947266
2479.90380859
2479.25854492
2479.25878906
2479.16870117
2478.98095703
2478.87255859
2479.09277344
2479.11791992
2478.765625
2477.94213867
2483.78051758
2484.51123047
2485.60986328
2485.64990234
2486.140625
2487.55126953
2488.4934082
2488.22949219
2487.02441406
2486.94677734
2488.60717773
2490.68359375
2490.95703125
2490.82055664
2488.31762695
2482.47216797
2479.57958984
2472.94702148
2471.81152344
2469.57910156
2469.55981445
2469.09985352
2468.08251953
2468.12890625
2468.46557617
2468.80737305
2470.68457031
2472.70581055
2475.48217773
2476.00390625
2475.02197266
2473.39672852
2470.54296875
2472.49291992
2476.33886719
2471.29394531
2470.49438477
2470.64672852
2471.23144531
2471.08325195
2472.69262695
2472.4050293
2470.48193359
2466.89282227
2466.45776367
2463.47753906
2462.94018555
2463.33105469
2463.54052734
2463.24023438
2462.82495117
2465.76318359
2464.81640625
2469.39331055
2472.54296875
2473.06274414
2472.09619141
2468.86962891
2465.35058594
2463.95532227
2462.40258789
2462.01123047
2459.41748047
2458.26879883
2461.03710938
2464.05639648
2463.88232422
2464.03979492
2464.50097656
2460.45703125
2468.81884766
2471.1003418
2470.72485352
2470.51391602
2467.35522461
2464.50561523
2458.25463867
2455.61254883
2453.59667969
2454.49926758
2455.94287109
2456.90820312
2457.65869141
2460.16894531
2463.0402832
2469.29248047
2474.1550293
2477.24584961
2479.14379883
2479.18847656
2477.95092773
2476.70581055
2472.21655273
2467.43969727
2465.35644531
2461.45019531
2457.61230469
2451.69750977
2451.05175781
2445.91894531
2445.81445312
2444.84667969
2444.90185547
2445.79199219
2444.453125
2451.46679688
2444.31494141
2444.32983398
2445.22729492
2443.84204102
2445.23535156
2444.16235352
2442.81982422
2440.16137695
2440.03442383
2445.87329102
2447.77294922
2448.98022461
2448.71777344
2447.18383789
2445.30419922
2446.76049805
2447.16503906
2448.02832031
2445.98339844
2440.4753418
2439.98242188
2439.98388672
2439.98901367
2439.99145508
2439.9921875
2439.98974609
2439.98901367
2440.66650391
2441.24853516
2439.90966797
2437.34863281
2436.94677734
2436.91235352
2436.94042969
2436.94116211
2436.94189453
2437.08764648
2436.60839844
2437.57739258
2443.16430664
2443.72192383
2444.19897461
2442.79492188
2442.640625
2443.18945312
2443.53320312
2443.98535156
2444.23803711
2443.51245117
2443.5300293
2442.96240234
2442.18237305
2441.84667969
2441.12304688
2438.96923828
2438.58374023
2437.93212891
2437.45898438
2437.30639648
2436.77490234
2436.29223633
2436.53320312
2437.54394531
2438.51391602
2438.61572266
2439.04467773
2438.5324707
2437.93530273
2438.52807617
2438.51977539
2439.06005859
2439.03344727
2438.66381836
2437.85473633
2438.65844727
2439.12255859
2439.46118164
2438.15258789
2438.11547852
2437.69335938
2438.39916992
2439.02709961
2439.51147461
2439.89672852
2440.02807617
2439.7722168
2441.28588867
2441.76733398
2440.72265625
2440.60107422
2440.60327148
2439.99804688
2439.15771484
2439.79248047
2438.97290039
2438.34204102
2438.91992188
2440.08789062
2439.984375
2440.58642578
2441.83422852
2441.98632812
2441.58300781
2440.87817383
2439.00488281
2437.07836914
2435.33300781
2432.96411133
2432.84033203
2434.83227539
2435.94873047
2438.47094727
2442.71264648
2445.11425781
2446.54492188
2445.88916016
2441.09033203
2437.2824707
2439.75976562
2441.33569336
2445.29394531
2438.84594727
2434.27514648
2428.70214844
2427.04541016
2426.3972168
2426.08081055
2425.81274414
2425.42456055
2425.10717773
2424.69799805
2424.71142578
2424.72119141
2424.72753906
2424.73095703
2424.73852539
2424.7421875
2424.73364258
2424.72851562
2424.72729492
2424.73217773
2424.72900391
2424.72949219
2424.71313477
2424.69433594
2424.66088867
2424.65112305
2424.63842773
2424.61669922
2424.58227539
2425.59790039
2428.69116211
2434.00952148
2436.53540039
2436.64575195
2432.11621094
2427.65234375
2427.35107422
2429.18066406
2427.4206543
2425.7878418
2424.28955078
2423.32739258
2421.71166992
2421.67797852
2421.68603516
2421.69018555
2421.69750977
2421.69970703
2421.70336914
2421.70117188
2421.70117188
2421.70092773
2421.70019531
2421.69921875
2421.69921875
2421.76367188
2424.90405273
2426.54272461
2426.59033203
2425.58911133
2425.00390625
2424.40942383
2423.82617188
2423.23046875
2423.28588867
2423.20849609
2421.73583984
2419.03222656
2418.19116211
2417.46948242
2416.94995117
2416.56958008
2416.64379883
2417.2878418
2418.47021484
2420.10742188
2421.47045898
2422.02026367
2421.87451172
2421.64990234
2421.78173828
2422.31640625
2424.37353516
2428.04077148
2430.26220703
2433.90380859
2437.9597168
2439.84741211
2439.47924805
2437.34667969
2435.15698242
2433.52124023
2432.05712891
2431.77856445
2431.99707031
2430.67919922
2428.83959961
2427.328125
2427.33569336
2428.31494141
2428.4675293
2428.35449219
2428.0324707
2427.90600586
2425.81982422
2424.98754883
2425.57739258
2426.42724609
2427.09472656
2426.97119141
2427.03637695
2427.04370117
2426.95800781
2426.83666992
2426.5246582
2425.95605469
2425.36499023
2425.47412109
2426.04003906
2426.12597656
2424.79785156
2423.67529297
2422.79077148
2421.92602539
2420.97412109
2419.82910156
2418.25756836
2417.13208008
2417.8581543
2418.40844727
2419.11767578
2421.37597656
2420.53686523
2419.98339844
2420.17700195
2420.55151367
2421.28027344
2421.54663086
2420.79492188
2415.97900391
2414.21435547
2415.19848633
2414.43286133
2413.51293945
2412.22900391
2412.4543457
2414.18969727
2415.45581055
2415.61645508
2415.62084961
2415.61523438
2415.42919922
2412.86425781
2409.07788086
2406.44628906
2404.375
2406.57250977
2412.59008789
2416.16308594
2416.08813477
2415.41845703
2412.81225586
2410.25415039
2407.36669922
2405.43481445
2404.40063477
2403.20214844
2400.39501953
2399.82299805
2399.71850586
2393.55322266
2394.76611328
2394.78491211
2397.23901367
2396.41503906
2394.81323242
2394.29760742
2391.00390625
2390.01611328
2390.04760742
2390.44262695
2390.86279297
2390.81762695
2390.38574219
2390.36938477
2390.74829102
2390.79907227
2390.63452148
2390.2800293
2389.42114258
2388.95996094
2389.17504883
2389.30761719
2389.36108398
2389.83447266
2389.50097656
2389.35717773
2389.54394531
2390.02636719
2390.36206055
2389.09619141
2389.37451172
2390.05004883
2389.13012695
2386.80224609
2384.86254883
2384.21850586
2383.25927734
2382.65576172
2383.04467773
2383.63452148
2384.06933594
2385.70361328
2385.4543457
2382.42431641
2380.90161133
2383.47583008
2387.85717773
2388.39746094
2387.57885742
2386.96533203
2387.85620117
2387.92041016
2385.19140625
2378.99389648
2377.99389648
2377.71630859
2377.93969727
2385.50048828
2383.03759766
2380.58740234
2379.07250977
2379.14770508
2379.59448242
2381.2043457
2388.0012207
2390.90600586
2400.08789062
2403.24829102
2403.01196289
2402.78051758
2401.60961914
2399.79272461
2395.82519531
2391.69116211
2385.984375
2384.13354492
2383.0559082
2381.71582031
2380.60717773
2380.48510742
2380.99365234
2380.80712891
2380.63476562
2380.70043945
2380.67675781
2380.80883789
2380.73950195
2380.671875
2380.93554688
2385.06958008
2389.234375
2390.94970703
2389.74023438
2391.02026367
2390.77807617
2386.70239258
2383.73242188
2382.87402344
2380.71533203
2381.13671875
2377.1328125
2374.6953125
2372.39526367
2371.27709961
2368.56274414
2367.89038086
2367.97753906
2368.63891602
2370.6574707
2373.19946289
2372.73950195
2372.35620117
2371.26245117
2370.8996582
2368.99023438
2367.97387695
2367.48510742
2367.10400391
2367.58959961
2365.92236328
2365.17382812
2364.57861328
2364.02758789
2363.38793945
2362.86230469
2362.72802734
2362.95996094
2363.6472168
2364.50976562
2365.20678711
2365.45727539
2364.71923828
2364.49755859
2365.21533203
2365.99316406
2366.66772461
2367.66015625
2369.51025391
2370.82592773
2370.64208984
2369.70703125
2369.33056641
2369.05444336
2368.90332031
2368.40722656
2367.8762207
2366.8972168
2366.890625
2366.86230469
2364.78393555
2363.82788086
2363.66674805
2363.52758789
2362.71728516
2361.43188477
2359.61865234
2358.47705078
2357.82006836
2357.7734375
2357.71972656
2357.54882812
2357.12768555
2356.55493164
2356.14160156
2355.85839844
2354.12646484
2354.4465332
2354.34277344
2353.22485352
2352.97851562
2354.71069336
2354.58935547
2355.01293945
2358.34619141
2362.15820312
2362.57373047
2358.44775391
2354.5078125
2352.62207031
2351.10229492
2349.86987305
2349.38916016
2349.37597656
2349.40576172
2349.51977539
2350.18310547
2351.05224609
2351.40405273
2351.47216797
2350.71484375
2349.25244141
2348.1574707
2348.02709961
2347.77490234
2347.64697266
2347.48754883
2347.31860352
2347.37109375
2347.24755859
2347.06396484
2346.76464844
2346.63891602
2346.36962891
2346.20776367
2346.16748047
2346.24755859
2346.19262695
2346.04248047
2345.96386719
2345.84375
2345.53564453
2345.40917969
2345.11450195
2344.86425781
2344.63867188
2344.35229492
2344.09838867
2343.90551758
2343.53515625
2343.06567383
2342.2512207
2342.23974609
2342.72338867
2343.2578125
2343.70507812
2344.19873047
2344.59375
2344.9152832
2345.22705078
2345.55371094
2345.86621094
2345.98730469
2346.21582031
2346.49975586
2346.60400391
2346.61157227
2346.7199707
2347.24951172
2347.81835938
2348.51855469
2349.0168457
2349.42016602
2349.74560547
2350.296875
2350.77709961
2351.09448242
2351.48120117
