978.4289551
978.2612915
977.7810059
977.3499146
977.8068237
978.6347656
980.2515259
981.822998
983.3099365
984.7451782
986.4055176
988.1157837
988.9490356
989.6036987
990.0379639
990.2478027
990.4569702
990.6159668
990.831665
990.9644775
990.9724121
990.8396606
991.4957886
993.6950684
995.9223022
999.5577393
1001.4586792
1001.9362793
1002.0691528
1001.9575195
1001.9782104
1002.1445923
1002.2854614
1001.7633667
1001.9343262
1002.2282715
1002.1670532
1002.3935547
1002.2944946
1002.2779541
1003.0935669
1003.9906006
1005.1033325
1006.4819946
1008.0142822
1010.8745117
1013.0352173
1013.5109253
1015.1616211
1017.2657471
1017.6945801
1017.2913208
1016.3253784
1014.9758911
1014.1002197
1013.8197632
1013.7689209
1013.7018433
1013.8336182
1014.0571899
1012.9015503
1010.6758423
1009.5172119
1007.9113159
1005.3876953
1003.340332
1002.7142334
1002.256897
1001.7246094
999.2749634
992.4533081
989.2344971
989.2261963
989.5386353
989.8129883
989.880249
989.9422607
989.8782959
989.9755859
989.9628906
990.0075684
990.1004639
990.1349487
989.7456665
989.4428711
990.8471069
992.4316406
993.6898804
994.3927612
993.8098145
992.3873901
992.5638428
992.1442871
994.2127075
998.7176514
1000.7285767
1001.0838013
1001.100769
1001.453186
1002.6420898
1004.1914673
1005.6629028
1006.2769775
1008.3447876
1012.0012817
1013.8403931
1014.2927856
1014.7412109
1015.0082397
1015.7474365
1016.4899292
1016.8450928
1016.6787109
1016.505249
1016.0218506
1015.1525879
1013.8743896
1012.4231567
1009.8678589
1005.8197632
1003.5061035
1003.0877075
1002.5275269
1002.2557983
1002.0793457
1002.0760498
1001.8917847
1001.8173828
1001.7891846
1001.7883301
1001.819519
1001.8525391
1001.7053833
1001.6972656
1001.692749
1001.3815918
1000.9468384
1000.7439575
1000.6780396
1000.6663208
1000.3831177
997.3057251
996.189209
995.6629639
994.6289062
992.2711792
990.5935669
989.5115356
988.9769287
988.8236694
988.7385864
988.8043213
988.6015015
987.807373
986.0820312
984.7558594
982.8796387
979.2124634
975.5533447
973.515625
971.7316284
970.6859131
968.0888672
966.6801147
965.7406006
964.494873
961.3726196
958.4456177
956.909729
956.0421143
955.0584106
953.0371094
949.6261597
948.8670044
948.8017578
948.2930908
944.6573486
943.1471558
941.3807983
938.2044067
937.866272
937.3371582
935.9608765
930.569519
927.7074585
927.1516113
927.4006958
927.742981
928.1134033
928.5162964
929.1680298
929.9667969
930.5536499
932.4216309
936.3725586
938.2999268
938.8209839
940.84198
943.3231201
944.4052734
948.2548218
949.0521851
950.5223999
954.3240967
955.199585
955.8200684
955.838501
955.9091797
955.960083
955.616333
955.2821045
954.9626465
954.1339722
953.4602661
952.9163818
953.3926392
954.302063
956.1040649
957.484436
959.380127
960.703186
963.9619141
965.5239258
965.9894409
966.2940063
967.7133179
970.949646
971.4083252
970.7070923
970.2102051
970.3551636
969.9581299
966.8546143
966.0415649
965.7456665
965.2756348
964.3012085
962.1176147
959.7578735
958.7700195
955.8577271
952.5968628
952.2506714
951.7832642
950.0997314
947.3301392
946.2920532
942.6916504
940.4118652
939.2016602
934.117981
933.3016968
933.0062256
933.2697754
931.1907349
929.5
928.7794189
928.3565674
928.0803223
927.6818237
926.5146484
923.4227295
921.2601929
920.694397
920.2268066
920.0854492
918.2212524
917.4945679
917.3868408
917.0112915
915.6645508
913.0680542
912.3754883
911.8022461
910.9625244
909.9252319
907.7888184
905.4530029
904.4896851
904.3424683
904.3297729
904.788269
905.677002
906.2392578
906.2327881
905.9787598
905.7857056
905.6636353
905.1817017
904.5108643
904.130127
903.9176636
904.02948
904.2092285
904.5072632
905.1711426
906.5266724
908.2052612
910.1213989
910.9749146
911.460083
912.0574951
913.852356
916.0634155
916.9460449
917.1942749
917.2481079
917.2224121
917.3751831
918.1383057
920.7525635
922.9890137
923.8577271
924.4577026
924.7658081
924.9494629
925.6066895
928.984375
930.5245361
931.0092773
931.2145386
931.3900757
932.2672119
934.5303955
935.774353
936.5527954
937.6019897
940.4577637
942.1522827
942.7402344
943.0951538
944.076355
946.8549194
948.1576538
948.6257324
948.9366455
949.1712646
949.4743652
951.1405029
953.4669189
954.2952881
954.7786255
955.2298584
955.7928467
957.4909058
959.5539551
960.3109131
961.2095947
963.208313
964.6634521
965.1467285
965.5736694
966.1011353
966.6705322
966.4611816
965.9434814
966.3944702
968.1498413
969.5
970.3479614
971.0065308
971.3737183
971.5148315
971.2473755
971.0524902
970.7333984
970.4821777
970.4689941
970.6162109
970.8099365
970.8252563
971.0507812
973.4211426
973.9539795
973.7579346
974.0253906
974.2102051
972.2042236
970.8873901
970.5200195
970.5369263
970.0129395
969.6242676
969.9119873
970.4387817
973.2288208
976.4481201
977.145752
976.9986572
976.3919678
975.8184814
975.6080933
974.442688
972.8063354
971.7890625
971.296814
971.18927
971.0339966
970.9109497
970.7992554
970.8422852
971.5637817
972.4717407
973.1995239
974.1220093
974.6343994
973.4868164
971.0391846
969.3647461
969.109436
969.0965576
968.0196533
964.1653442
962.2597046
961.1246338
959.5366821
957.7878418
955.8449707
954.8091431
954.4572754
953.1356201
951.737854
950.4093628
947.965271
946.4309082
945.2625122
943.2877197
941.9425659
942.4249268
942.5057373
942.0964966
941.0289917
939.3146973
937.3136597
936.5779419
933.9487305
931.9499512
932.9733887
935.8109131
937.2108154
938.6190796
938.8890991
938.3085327
937.4108276
936.5393677
934.6547852
932.1206665
930.0279541
927.8152466
925.104126
921.7275391
919.3692017
918.1411133
917.5083008
917.0449219
916.6637573
916.1035767
915.5224609
915.0661621
914.6443481
914.1026001
913.8446045
914.2590332
914.2992554
914.3560181
914.0661011
912.7529297
910.7938232
909.1411133
907.4462891
906.7061768
906.3306885
905.624939
905.0065918
903.8275757
902.6553955
902.4827881
902.5296021
902.375061
900.9857788
899.1271973
898.2055664
897.5405884
896.8974609
896.0338745
894.6663208
892.5819702
889.6443481
885.7654419
883.3798828
883.0964966
883.3413696
883.6119385
883.8805542
883.9901733
883.7913208
883.4688721
883.536377
883.4241943
883.0927734
883.2179565
883.3601685
883.2805176
883.0540771
882.5598755
881.7107544
880.9595337
880.1835938
879.5912476
879.2694092
879.3085327
879.3510132
879.1052246
878.9622803
879.2409058
880.541626
882.3837891
885.2000732
887.7630615
888.9420166
889.2376709
888.5423584
886.6032104
883.6344604
881.1713867
880.4546509
880.4049072
880.0117798
879.6888428
879.4966431
879.2921143
879.1640015
878.9326172
878.9432983
879.2011719
879.2354736
879.1564331
878.8924561
878.690918
878.9325562
879.0812378
879.0717773
879.107666
879.4242554
879.859436
880.692627
881.8423462
883.1856079
884.6724854
885.6289673
886.2667847
886.862854
887.3179932
887.7097168
888.2081909
888.8117065
889.6464233
890.5697021
891.0904541
891.1533203
891.2891235
891.2317505
891.1219482
891.0606079
890.9514771
890.9901733
891.050354
891.1625366
891.2570801
891.5205688
891.7549438
891.852478
891.0267944
890.0394287
889.5066528
889.0064697
888.3196411
887.3125
886.486145
885.6069946
884.6067505
882.9989624
881.524353
880.5806885
880.2536011
880.8700562
882.5098877
884.2678833
884.7970581
885.0025024
884.9299927
885.5847168
886.3093872
886.9070435
887.5977783
887.3338013
886.5505981
884.9483032
882.9929199
881.3826294
880.1500854
879.0162354
878.2935791
878.6503296
879.0001831
879.0059204
878.5294189
878.9644775
879.5108643
879.8831787
880.0036011
880.0878296
879.9562378
879.9307251
879.9207764
879.5396729
877.7357178
876.6511841
876.4577026
875.8114014
875.6929321
875.2915649
874.9689941
874.5401611
873.7323608
871.4522705
868.7598267
868.0185547
869.3386841
870.4082642
871.692749
873.9665527
877.9489136
880.6375122
881.4425659
881.296814
881.0858154
880.9393921
881.1447754
880.8994751
879.784729
880.3445435
881.8129883
882.8422241
883.3249512
883.5682373
883.4066162
882.6639404
881.9347534
881.1854248
881.8446045
882.9002075
883.8605347
884.4092407
884.5883179
885.0963135
885.4536743
885.6707764
885.649353
884.9292603
883.6942139
882.4067383
881.9348145
882.505188
883.538269
884.1126709
884.5209351
885.0118408
886.2710571
890.0544434
893.4551392
894.3682251
895.1777344
895.9633179
896.4666138
897.0575562
897.5217896
897.4821777
897.0407104
896.2747803
895.2380371
894.1528931
892.6086426
892.1005249
892.7180176
895.3195801
897.4884644
898.9960938
899.8082275
900.1950073
900.5793457
900.7130737
900.7443237
900.37323
900.144165
899.8850708
899.0975952
897.6364136
895.5273438
894.5126953
895.8519287
898.7422485
903.3851318
906.0730591
907.1834106
907.5988159
907.3831177
907.6195068
907.5759277
907.2689209
907.256958
907.5794678
908.0855103
908.4312744
908.6137695
908.703064
908.6030884
908.3379517
907.8621826
907.2530518
906.7625122
906.3950195
907.052002
907.3391724
907.5605469
907.8146362
908.0578613
908.0917969
908.8673096
909.2341309
909.5440674
910.0685425
910.1488037
910.2377319
910.0249634
909.5983887
909.5137329
909.9522095
910.4454346
910.8266602
910.5009155
909.1360474
908.6096191
910.0129395
911.4463501
913.6046753
916.7393799
919.6697998
920.9868164
921.5117798
919.399353
919.8015137
920.0192871
919.9024658
919.7965088
920.1195679
921.3601685
922.4198608
923.5211792
926.0802002
929.6972656
932.4244995
933.5498657
933.9915771
933.7738037
933.2910156
932.9830322
932.3430786
931.6965942
931.1445312
930.8914185
931.5379639
933.0358887
936.1184692
938.4501953
939.7399902
941.0568848
942.1581421
942.8825684
942.7344971
940.62146
939.3829956
939.3574829
940.7024536
942.6830444
944.4672241
945.5901489
946.8605347
948.1517944
948.4282837
948.0878906
947.7278442
947.7462158
948.5764771
949.7236328
950.677063
951.4822998
952.4142456
953.3704224
954.6741943
957.8969727
959.867981
960.4507446
960.5795898
960.5395508
960.4009399
960.2622681
960.5196533
960.6884155
960.949585
960.8998413
961.3748779
962.4553223
965.9334106
970.1513672
970.9172363
970.2490234
968.2321777
965.376709
964.5905762
964.5892334
965.3170166
968.5622559
971.5126343
972.885498
973.2458496
973.8803101
974.772583
975.2410278
974.9577026
974.1129761
972.946106
972.0259399
971.7374878
972.2495728
973.3341675
974.399353
974.9793701
975.2703247
975.2307739
974.9109497
974.5732422
974.4736938
975.020813
975.2862549
975.1508789
973.802063
971.6566772
967.9078369
965.7172852
967.0766602
970.4383545
972.0811157
972.5509033
972.6691895
973.1199341
973.7928467
974.576355
975.4523315
976.045105
976.2857666
975.5806885
974.6635132
974.1010742
974.0932007
974.9893188
975.0425415
973.5785522
973.0292969
973.9796753
974.7960815
974.8328247
974.5250854
973.6953125
973.3493042
972.7421265
972.4857178
972.319397
972.0784302
971.9381104
972.416626
972.7640381
973.1495972
973.4682617
973.9621582
974.4771729
974.4713745
974.8839722
975.4611206
975.9354858
976.2028198
976.0412598
975.5288086
975.3862915
975.3181763
974.5466919
974.0581665
973.7741089
973.1622925
972.6055908
972.635437
973.0263062
973.6434937
974.4874268
974.8408203
974.9384766
975.2624512
975.2995605
975.1140137
975.0270386
974.8239746
974.2670288
973.3960571
972.9069214
972.871582
972.7133179
972.6173706
972.9169922
973.2267456
973.2363892
973.1712646
973.0361938
972.8427734
972.6117554
972.1672974
970.9581909
969.8552246
969.237915
969.9144897
970.781189
972.1382446
973.5939941
974.2068481
974.3291626
974.3344727
974.0678101
973.5267334
973.0358276
972.5222168
972.1282959
971.9146729
971.4785767
971.3641357
971.8204956
972.453125
972.6227417
972.3670044
971.8735962
971.8804321
971.7952271
971.7631226
971.6370239
971.3547363
971.005249
970.9389648
970.7388306
970.5117798
970.411499
970.270874
970.0362549
969.65979
969.0942993
968.2557983
966.7600098
964.4005737
961.5002441
958.7092896
956.8883057
955.7150269
955.4772339
955.2994995
955.1781006
955.3919067
955.6802368
955.9108276
955.8658447
955.9144287
955.8970947
955.862793
955.9624634
956.3029785
956.7756348
957.1635132
957.3807983
957.284729
957.0610352
956.6571045
955.7283936
954.7683105
954.0435181
953.3127441
953.4436646
954.5070801
955.3702393
956.2194214
956.9612427
957.5213013
958.0302124
958.5087891
958.9382935
957.6939087
957.0217285
956.3637695
955.7406616
955.034668
954.6088257
954.9244995
955.6939697
955.9144897
956.25354
956.4502563
956.5991821
956.7724609
957.25354
957.6345215
957.7684937
957.5859375
957.1424561
956.7645874
956.3052368
955.6380615
955.2698364
954.8468628
954.9639282
955.1535034
955.4575195
955.7399292
956.2474976
956.4417725
956.3619995
956.1455688
955.7186279
955.1727295
954.7138672
954.2659302
954.3751831
954.8972778
955.8239136
957.5876465
958.2954712
959.1859131
960.1950684
960.9818115
960.6679077
960.3034668
959.9822388
959.6293335
959.1339111
958.5240479
957.7912598
956.942749
956.1895752
955.6279297
955.8938599
957.5202026
958.9108887
959.3780518
960.1115112
960.7935791
961.208252
961.6505737
961.4086914
960.3182373
960.0654297
959.8413696
959.2415771
958.8284302
958.6429443
958.4443359
958.5584717
957.9102173
957.0965576
956.7423706
956.6356812
957.1226196
958.1536255
959.4938965
960.2848511
960.9769897
961.7963257
961.1848755
960.6702271
960.6067505
960.5628052
960.3445435
959.7909546
958.8322754
957.5807495
956.3635864
955.5675049
954.8607178
954.2810059
953.4874268
951.7850342
950.2573853
948.8468018
947.5427246
946.9432373
946.5355225
946.1675415
945.9918823
946.0614624
945.9855957
945.7810669
945.5787354
945.3182373
944.7971191
944.0464478
943.0090942
941.3022461
938.9376831
936.5906372
934.8082886
933.581665
932.6129761
932.2338257
932.6829834
932.7283936
932.8112183
933.076355
932.9679565
932.3218994
930.7374878
928.3082275
926.4106445
925.0620728
923.9251099
922.8374634
921.145813
919.5025024
918.4987183
918.0580444
917.9278564
918.1826782
918.3869629
918.3048706
917.9147339
917.392334
916.520752
914.8015747
913.213562
913.2906494
913.7023315
913.7843628
913.8334351
913.8592529
912.3239746
908.7622681
906.5314331
906.1588745
905.9620972
905.7476196
905.7369995
905.8927002
905.9544678
904.9310303
901.0855713
896.4812622
892.8458862
889.2683716
888.3707275
890.4846802
893.428772
895.7939453
897.6968994
898.6323242
898.9086304
898.7441406
898.2401733
897.7216797
897.5667114
897.6995239
898.0465698
898.3267822
898.5027466
898.1205444
897.213501
895.7699585
893.2424927
889.5809326
885.0994263
880.2045288
876.6652222
875.4639893
876.2530518
878.4437866
880.3760986
881.7583008
882.4967651
882.4806519
882.0633545
881.8396606
882.0637817
882.4723511
882.9433594
883.1957397
882.7957153
880.8562012
877.9598999
875.8382568
874.6935425
874.2892456
874.0186768
873.6217651
873.6947021
873.4920654
872.9946899
872.5610962
872.4280396
872.260437
872.0339355
872.5116577
873.1060181
873.3900757
873.4584351
873.4280396
873.1117554
872.6861572
871.8637695
870.9257202
870.1430664
870.2537231
870.8138428
871.333252
871.8328247
872.1205444
872.1810303
872.0309448
871.7133179
870.9606934
869.0210571
865.2709961
862.4038696
860.7974854
860.3884277
859.6951904
858.3319092
855.2194214
851.5029297
848.8408813
846.9428101
846.3682861
846.5765991
847.4701538
848.1664429
848.7912598
849.269104
849.3153076
848.6345215
847.5123901
831.9267578
831.1445312
831.6837769
832.7210693
833.4028931
834.4499512
835.8768921
836.9239502
837.2211914
835.6796265
833.3273315
830.0350342
827.4658203
826.4086914
825.5720825
824.3337402
823.2791138
821.8512573
819.4588013
816.1037598
813.258606
811.4365234
810.1762085
809.2675171
809.5265503
810.4514771
810.8660278
811.0620728
810.9741821
810.6403198
810.3320312
810.5565186
811.0274658
811.4702759
811.8242798
812.0951538
812.272583
812.2122803
811.9177246
811.1934814
809.6150513
806.7601318
802.7211304
799.6345825
797.6861572
796.9260254
797.3646851
798.2741699
799.0483398
799.6893311
800.0927124
800.8495483
800.7601929
799.9036255
798.5404053
797.3789062
796.1542969
793.1930542
789.6097412
788.0942383
787.7944946
787.8262939
787.8961182
787.7714233
787.5296631
787.1758423
786.743103
786.0374756
785.1376953
784.1790161
783.8241577
783.6437378
783.9486694
784.1601562
783.447998
782.0580444
780.1046143
778.4160767
777.2531128
776.5618896
776.1605225
775.6358032
775.0062256
774.885376
774.8272095
774.2388916
773.2412109
772.0650635
771.0668945
770.0075684
768.1787109
764.9072266
762.7631836
762.864563
763.3164062
764.1390381
765.9700317
766.7425537
766.5151978
765.4465332
762.9451294
761.0701904
759.8820801
759.4358521
759.0204468
758.8098145
758.9743652
759.2443237
759.767334
760.6506348
760.6330566
758.1583252
755.1486206
753.1731567
752.1182861
751.6802368
751.4297485
751.378418
751.4807739
751.3458862
751.1079102
750.7498779
750.18927
749.7473145
749.4626465
749.4619751
749.852356
750.1585693
750.2911987
749.8967896
748.0161133
744.0203857
740.6741943
739.4916992
738.6184082
737.8046875
737.4673462
738.7081299
737.4577637
737.0997314
734.9159546
733.6548462
732.3547974
728.4526978
726.065918
725.8425293
726.6038208
728.010498
729.5476074
729.394043
728.3424072
727.2131958
726.2542114
724.8538208
723.4647827
721.3621826
719.3587646
718.3284302
717.5413818
716.6936646
715.0698853
713.6807251
712.7198486
712.5579224
712.8463745
713.2602539
713.5042725
713.3603516
712.6096191
711.269043
710.3140259
709.9953613
709.7998657
709.6184692
709.1276855
708.8067017
708.3797607
705.9003296
703.4238281
702.8687134
702.5289917
701.6659546
700.3828735
699.0565796
698.2450562
698.5674438
698.420105
698.6907959
698.6400757
698.1266479
697.44104
696.9595337
696.1469727
695.1923218
693.4953003
691.4606323
690.7036133
691.0134888
692.803833
693.8746338
695.0548706
695.9058838
696.3317261
696.7277832
697.1486816
697.6021118
697.8856201
698.3103638
699.3989258
700.2502441
701.5846558
702.7559814
703.8349609
704.9211426
705.7481689
706.237915
706.7538452
707.2592163
708.3365479
710.3074341
712.1884766
713.569397
714.420105
715.3528442
716.0895996
716.8479004
717.2753906
717.7414551
718.0273438
717.9660645
717.430481
717.0098267
716.6140137
716.6401978
718.2954102
721.3536987
723.6587524
725.3224487
727.7600098
731.2932129
733.736084
734.3639526
734.6566162
734.8641968
735.4491577
736.043335
736.7124634
737.3500977
737.9669189
738.6376343
738.203186
737.5025024
736.8189697
736.543335
736.3760986
736.9397583
738.5515747
741.6724243
745.1598511
747.9827881
749.9462891
751.0056763
751.8032227
751.7258301
751.0039062
750.0923462
749.8803101
751.4889526
754.6043091
757.0036621
758.5395508
759.7865601
760.8575439
761.7252197
762.0921021
762.284729
762.1658936
761.6366577
760.7678833
759.9159546
759.699585
759.975647
760.6165161
761.4473877
761.8909912
761.6577759
760.8804932
760.3613281
761.1554565
762.6965942
764.8799438
767.1409912
768.9592285
771.6176758
773.6765747
774.8562012
775.4151611
774.5725098
774.156311
773.8548584
773.3206787
772.717041
772.5955811
772.3724976
772.0544434
771.5618896
770.0927124
766.9448853
765.4650879
764.9180908
764.5181274
764.1897583
763.9243164
763.6434326
763.0250854
762.3704834
761.7678833
761.2284546
760.6964111
760.0424805
759.331604
758.5241699
758.2843628
758.0668335
757.8424072
757.616272
757.3153687
757.0449219
756.9835205
757.4205933
757.7145386
757.8439941
757.3948975
756.8345337
756.9755859
757.223999
757.4924316
757.6119995
757.7574463
757.9752808
758.0822754
758.1257324
758.0205078
757.8552856
757.5269165
757.4029541
757.5725098
758.0893555
758.7764282
760.2068481
761.4674072
762.2635498
762.6586914
762.3232422
760.8735962
760.1697388
760.6248169
761.3024902
762.3980103
763.1673584
763.0602417
763.050354
763.1298828
763.1257324
762.854187
762.4169312
761.8614502
761.3820801
761.3797607
761.3223877
760.8789062
760.2984619
760.1873169
760.6391602
761.3869019
762.0892944
762.6127319
762.9868774
763.2433472
763.3630371
763.6298218
763.9470825
763.5830078
762.8948364
761.8623657
760.6234131
759.6939087
758.9637451
758.3753662
757.9692993
757.5422974
757.2800293
757.2402344
757.2064819
757.1851196
757.2110596
757.2299194
757.2373047
757.3366699
757.4135742
757.4451904
757.3068848
757.3555908
757.4066772
757.1375732
755.7681274
753.4816284
752.357666
751.9329834
751.7251587
751.5875854
751.6263428
751.612793
751.4902954
751.4402466
751.9657593
751.9526367
751.2618408
750.3139038
749.9324341
749.6772461
749.5779419
749.1871948
747.9828491
744.6067505
740.9353638
739.6411133
739.8865356
740.1897583
740.1178589
740.2717285
740.420105
739.5244141
738.7504883
738.4971313
737.9746094
735.918396
731.5982666
729.8768921
729.6100464
729.3834229
728.9083862
727.8718262
726.6654053
725.505188
725.4061279
725.2573853
724.2354126
721.0462036
717.9169922
716.8997803
716.3304443
716.1138916
716.0011597
715.8406982
715.6828003
715.3989868
715.3438721
714.4450684
713.3602905
709.0977783
705.6080933
704.8364868
704.2088623
703.1567993
702.2443848
700.2267456
696.6733398
693.3453979
693.1555786
693.9661865
693.9188232
693.9334106
694.5206909
694.5370483
694.2920532
693.5293579
692.7834473
692.0792847
691.4179688
690.9542847
690.5167847
689.963562
689.4067383
688.9821777
688.0669556
685.7215576
683.0910034
682.0395508
681.5683594
681.2286987
680.8499146
680.4780273
679.84552
679.3582153
678.9543457
678.4123535
678.0193481
677.6629639
676.9827881
670.7171631
669.4584351
668.7998657
668.0187988
667.2716064
666.1029053
664.2093506
660.2445068
657.526001
654.0692749
652.5160522
655.8706055
658.7236938
659.1382446
659.1682129
658.2890015
657.4721069
657.4021606
658.0654907
658.7745361
658.9337158
659.2250366
659.0715942
658.588623
658.201355
658.3585815
659.6636353
661.3363647
662.6184692
664.0463257
666.1296387
667.4031982
668.59729
669.7960815
672.0915527
675.2138672
676.4402466
677.2168579
677.828186
678.102417
678.2005615
678.8630981
680.7272949
681.8233643
682.1478271
682.4398804
683.4706421
684.5261841
685.1502686
685.9257812
687.5519409
687.930481
687.7703247
686.586853
685.1202393
684.5166626
684.4537964
684.2304688
683.7837524
683.749939
683.2653198
683.0915527
684.5519409
685.6830444
685.9234009
685.8543701
685.7259521
685.7648926
685.7052002
685.5234375
685.0133667
683.9008179
682.6112671
681.6019287
680.2744141
679.2842407
678.6623535
677.7126465
676.8743286
676.770752
676.9603271
677.3044434
679.5344238
681.9765015
683.2553711
684.364502
685.52948
686.1849365
686.2333374
685.9383545
685.1662598
684.4460449
683.4508667
683.0614014
683.1611938
683.6289062
684.1934814
684.7720337
684.3300171
684.0849609
683.7632446
683.784729
684.3795166
685.4574585
686.7086182
688.291687
691.3067627
692.7817383
693.0899658
693.159729
693.1262207
693.1364136
693.2472534
693.0471802
692.6762085
692.5873413
692.8265991
692.590332
692.0155029
690.9299316
690.8632202
691.5023804
692.1541748
693.9943237
695.6758423
696.1766968
696.0702515
695.3699341
695.0826416
696.8485718
699.6687012
701.8492432
704.0327759
705.4636841
705.8803711
705.3262939
705.565979
706.3395996
707.0079956
707.7642212
708.3759155
709.0444336
710.4290161
712.7515869
713.4074707
713.8689575
714.3711548
715.4252319
718.4788208
720.3567505
721.2723999
723.8565674
725.3816528
725.9019775
726.4575195
727.1651001
727.4602051
727.6208496
728.4361572
731.1237183
733.1266479
733.5865479
734.0206299
735.2316895
738.2639771
739.477478
740.0212402
740.8675537
741.8687744
744.0895996
746.5556641
747.161499
747.2020264
746.6919556
746.0005493
745.7006226
745.4789429
745.7383423
746.2522583
747.4447021
749.1164551
750.8464355
751.7365723
752.5389404
754.1893921
755.2558594
757.3164673
758.5703735
759.1749878
760.0206909
762.6425781
764.6603394
765.3914185
766.4372559
767.6348877
770.7269287
772.3605347
773.1746826
773.6367798
775.4542236
777.9373779
778.4976196
778.864563
778.9387817
778.4330444
778.3137207
780.734314
783.6644897
784.8510132
786.7831421
789.1208496
789.7079468
790.0858154
790.538208
790.8791504
791.395752
792.9622803
795.0802612
795.9985352
796.8959351
796.887146
797.3554688
799.3358765
801.3518677
802.3483276
803.0338135
803.5473022
803.8417969
804.4719238
806.9153442
807.9558105
808.5268555
809.0349121
809.1494751
809.6705933
810.1720581
812.28125
814.2606812
814.5001831
814.2047119
814.2244873
814.7935181
815.6587524
817.8102417
819.9946289
819.9650269
820.3925171
820.5830688
821.3048706
821.8928833
828.5384521
831.0626831
833.6173706
834.5444946
834.9589233
836.9875488
837.7393188
837.9077759
837.8826294
838.723999
839.5547485
840.0560913
839.953125
839.7468872
839.6218872
839.7229614
839.2820435
837.9145508
837.5059814
836.9526978
836.5731812
837.2460327
837.3325195
837.4035645
837.3979492
837.3310547
837.0684204
835.4456787
832.1957397
830.739563
828.8218994
825.7983398
825.1071167
825.2441406
825.1972046
825.1516724
825.0839233
824.8223267
823.1689453
820.2575684
819.279541
818.5089111
815.7529297
815.3530273
818.2247925
818.9661255
819.1498413
819.2072144
819.2078247
819.0175171
818.65448
818.5784912
818.8470459
818.9683228
819.0049438
819.0440674
818.9539795
818.8080444
818.9815674
819.5405884
821.6661987
824.5009766
825.1560059
825.1636353
824.9829712
824.9341431
825.0447998
825.1368408
825.279541
825.2460327
825.2871704
825.8880615
827.632019
830.112915
830.5471802
829.960083
827.5222168
826.5025635
825.7744751
826.2391968
826.5797119
826.406189
825.1914673
823.3047485
821.0963135
819.8570557
819.5059204
819.0170898
816.2658691
814.9177246
814.6428833
813.9939575
812.9231567
809.5377197
807.8498535
807.0706787
805.5675049
802.5181274
802.0457764
801.5557861
800.1972046
795.9030151
794.7052002
794.4787598
794.3234253
791.9672852
789.7368164
789.5776367
789.5386963
788.8622437
788.5748291
788.2644653
787.9986572
788.1057129
788.9978638
789.9642334
790.1582031
789.9415894
788.8886719
787.9819336
785.1962891
783.0847168
782.664978
782.2496948
781.9788818
782.2385864
781.8040771
780.842041
778.9313965
776.5275269
775.7731323
775.8672485
776.2739258
776.7383423
777.0257568
776.9642944
776.5010986
776.5415649
776.333313
775.0930176
772.1179199
772.1738892
772.3859863
772.5792847
771.6812134
770.3745728
769.2591553
769.2304688
769.0921021
768.0429688
765.2337036
764.0725098
763.0211792
760.8892822
758.1085815
757.3363647
756.4697266
754.4657593
752.7891846
751.8617554
749.9300537
747.9453735
748.1798706
744.802063
739.7781372
737.4580078
737.2295532
737.3067627
736.8070068
735.822937
734.9107056
733.7428589
731.1730957
728.1154785
726.6807861
724.3377686
722.3613281
721.6442261
721.246582
720.9595337
720.769104
719.1705322
715.2961426
712.5068359
710.2947388
709.5808716
709.4401245
709.3823242
709.3928833
709.4578247
709.492981
709.43396
709.0168457
707.1279907
706.364624
705.25177
704.7587891
704.2044067
703.5196533
702.5132446
701.3349609
701.6294556
702.4901123
703.2435303
703.5671387
703.071106
701.4296265
699.0595703
697.2862549
696.3352051
694.2575073
691.2211914
693.7506714
696.3303223
696.8327637
697.359375
698.9478149
703.0905762
705.6394043
705.5178223
704.7994995
703.8999634
703.1445312
702.5942993
702.3037109
702.3191528
702.4283447
702.7513428
702.9064941
702.647644
701.7206421
701.0473633
700.3613281
698.7348022
695.0713501
692.6895142
691.8522339
690.7071533
688.6766968
686.1456299
684.0967407
681.2008057
680.6972656
680.0683594
676.723999
674.1692505
673.493042
675.420105
676.9152222
678.4172363
687.0531006
686.9797363
686.4506226
685.8475342
686.2568359
687.3103638
688.022644
688.0792847
687.7944336
687.8568726
688.1535645
688.2705078
688.9248047
690.5990601
693.7196045
695.4208984
695.3538818
695.4090576
695.8974609
699.3153076
704.0996094
704.607666
703.1118164
700.9031982
697.9119873
694.9247437
692.9210205
691.1855469
689.7438965
689.0022583
688.7835083
688.3696899
688.282959
688.5557861
689.1552734
689.553833
688.8922729
688.2193604
687.0339966
683.3983154
680.3956299
679.4052124
678.7129517
678.380249
678.0401611
677.7642822
677.6435547
677.7805176
677.5262451
675.2428589
670.9152832
668.3156128
666.9612427
665.854126
665.4849854
665.2431641
664.961853
664.7071533
664.038269
663.3461914
662.7454224
661.9820557
660.6912231
658.885376
655.2530518
651.2113647
649.7869263
650.0502319
650.6123047
650.8894653
649.8781128
649.3657227
649.9797974
650.2921143
650.1593018
650.0916138
650.7214355
651.4088745
651.7588501
651.8424683
652.0692749
651.8029785
650.9060059
649.7235718
648.1165161
647.3683472
648.4805298
649.6436157
650.8134155
651.5645142
652.2275391
652.3911743
651.8856812
650.8723145
649.4945068
648.1196289
646.8136597
645.9013672
645.3022461
644.8001099
644.3544312
644.1394043
643.6177979
642.4029541
641.8849487
642.2836304
643.7356567
645.4047241
647.1760254
649.4422607
651.2481079
652.3439941
653.0371094
653.3747559
649.786377
645.8093262
644.31604
643.6370239
643.1658325
642.5803833
641.9718628
641.1681519
640.4245605
639.9343872
639.7741089
639.1765747
638.7740479
638.5911865
638.3164062
638.6317749
639.005188
638.7849121
638.288208
637.2699585
635.7409058
634.8647461
635.1499023
635.4884644
635.9241943
636.309082
636.8173218
637.2000732
637.9898682
638.7276001
639.0916138
638.7757568
638.4498901
638.6026611
638.8776245
639.0982056
640.0466309
640.4451904
641.3132324
642.4692993
644.8206787
647.767395
648.9571533
648.9423218
649.0980835
649.7385254
650.5758667
651.2324829
651.6303711
651.7538452
651.5465088
651.3117065
651.3200684
651.604126
652.0582886
652.4987183
653.0180664
653.6741333
655.2944946
657.1514282
658.3765869
659.3652954
660.1843872
660.8602295
661.2352295
661.3866577
661.1948242
660.9919434
660.8861084
660.7920532
660.798645
661.2337036
661.8486938
662.9019775
664.9204712
666.7851562
667.7712402
668.0638428
668.1542969
668.0401611
668.6239014
671.0020752
673.0879517
673.3666382
673.4920044
674.1738281
674.7639771
674.9516602
674.8400879
673.8572388
673.3276367
674.0581055
675.4615479
677.3337402
680.821106
684.270813
685.9315796
687.2433472
688.3049316
689.0952759
689.4830322
689.5164795
688.9987793
688.1027832
687.0053711
686.8721313
688.3815308
690.9901733
694.5662842
697.6656494
699.3248291
701.1759033
702.6912231
703.59375
703.6497192
703.3327637
701.0117188
698.835083
697.9162598
698.7491455
700.378479
701.614563
702.8467407
704.5784912
707.2427368
709.0795898
710.0460815
710.7678833
711.475647
712.1025391
712.6121216
713.1273193
713.6375732
714.3137207
715.7773438
719.7054443
723.2659302
722.8831787
723.2090454
723.7384033
723.8475342
723.3612061
722.9324341
722.3780518
723.0823364
727.5269165
732.7175293
735.1779785
737.0546265
738.0990601
738.2055054
738.1309204
738.0698242
738.4072876
740.9289551
744.1621094
744.6428833
745.5712891
746.3660889
746.9332275
747.5976562
748.1136475
748.4558716
748.4522705
748.3867188
748.0201416
747.762146
748.963501
749.7633667
750.8409424
752.6958008
754.1437988
754.803894
755.6792603
757.430542
758.7301636
758.6424561
757.8180542
757.2073364
756.6900024
756.1013794
755.8262329
756.0809326
756.8798218
757.6346436
758.3919678
759.6652222
760.7247925
761.550415
761.7749634
761.1663208
761.4318848
761.2860107
760.848877
760.1578369
760.3258667
760.5214844
760.612793
761.0197144
761.638916
762.2503052
762.7072754
763.2232666
763.6444092
763.8950195
764.4544678
765.2435303
766.2756958
767.4116821
768.7884521
770.1741333
770.963623
771.3441162
770.899292
770.012146
768.8562622
767.9562378
766.8704224
765.9746094
764.7849121
764.1676025
764.2730103
764.8823242
765.1882935
765.6895752
766.373291
766.1275024
766.0116577
766.0314331
764.9373169
761.9379883
757.3860474
754.6641846
754.329834
755.3532104
756.1372681
755.3881226
754.7741089
755.164917
756.5760498
757.2449951
756.8920288
756.4550781
756.2314453
756.0822144
755.9364624
755.9440308
755.8901978
755.7184448
755.0401001
754.5618896
754.5192261
754.581665
754.598938
754.6189575
754.5842285
754.5535889
754.1869507
753.8847046
753.3239136
752.800354
752.4487915
752.232666
752.09198
752.0457764
752.2415771
752.4559937
752.5291138
752.3466187
752.098877
751.8934326
751.7338257
751.7896729
751.9359741
751.87677
751.9217529
752.239624
752.3442993
751.6494141
750.3823853
748.6430664
746.9538574
746.3949585
746.02771
745.8439941
745.7216797
745.6333618
745.5079956
745.6067505
745.8024292
745.8666382
745.9553223
745.8758545
745.8076172
745.6516724
745.4251709
744.9348755
743.2399292
739.1743774
734.902771
733.5997314
733.3280029
733.9124146
734.8917236
736.1046753
737.0789795
737.8499146
738.1550903
738.296936
738.1853027
737.4352417
736.3119507
735.5469971
735.6730347
735.5966187
735.3499146
735.5879517
736.0880737
736.5549316
736.9290161
737.3299561
737.2400513
736.6500854
735.6486816
735.241394
734.9487305
734.4330444
733.6355591
733.2929077
733.1210938
732.9985352
732.8549805
732.8087769
732.7011719
732.5036011
731.6168823
730.767334
731.3059692
732.9092407
733.9420166
734.4729614
735.0050659
735.3434448
736.0517578
737.262085
738.1322632
740.5485229
741.9031982
742.1038208
742.2004395
741.7481689
741.1239014
740.3199463
739.5125732
738.8867188
738.3175659
737.5576782
736.4428101
735.6187134
735.0267334
734.7752075
734.7188721
734.9695435
735.4989624
736.3861084
737.6541138
738.2644653
739.0098267
737.531311
732.6622314
730.6976929
729.6629639
728.8041992
727.6036987
726.3157959
725.1785889
724.0859985
723.6381226
723.5009155
723.4213867
723.7190552
722.796936
719.2072144
717.3570557
716.6851807
715.486084
713.5857544
712.2032471
710.9941406
710.1489258
709.6518555
709.3198853
708.9929199
708.7067261
708.2800903
707.4788208
705.8286743
703.7891235
702.4959717
701.940979
701.559021
701.182373
701.0115967
700.833252
700.3878784
700.1138306
698.7634277
695.1004028
691.2435303
689.9680786
689.5299683
688.9107056
688.0206299
687.6748657
687.34552
686.9522095
686.2704468
683.8900757
679.730896
677.6415405
677.6307983
678.3300781
678.914856
679.1912231
679.2351074
679.038147
678.5310059
677.7219238
676.8018188
675.5455933
674.3631592
673.8325806
674.1309814
674.9432983
674.6799316
673.2061157
669.6580811
667.3114014
666.3766479
665.7196655
664.9121094
663.9946289
663.1003418
662.2677002
661.6586914
661.5647583
662.2979736
662.2861938
662.43573
662.0345459
661.992981
661.3168335
659.7718506
658.8569336
658.2365112
655.9501343
652.5839844
651.2854004
651.5339355
652.3856201
653.1223145
653.480835
653.4675293
653.3399658
653.2622681
652.887085
652.2180176
651.7509766
651.2823486
651.177002
650.7918701
650.4216919
649.7527466
648.0900879
645.8338623
643.8665771
643.3106079
643.0710449
642.7451782
641.9135132
640.6867676
639.291687
638.5250854
638.3279419
638.5679932
639.0742188
639.8564453
640.4366455
640.8641357
641.0192871
640.3447266
639.3021851
638.1185913
637.3250122
636.0505371
634.9509277
634.3070679
633.4329224
630.4526367
628.2398682
627.5753174
627.2060547
626.8347168
626.7666016
626.6860352
626.5392456
626.2987671
626.4663696
626.9745483
628.0338135
629.0718384
629.8479004
630.2848511
630.3501587
630.2705078
628.8261108
624.2896729
621.4064941
620.5889282
619.9419556
618.7496338
617.2617188
615.3718262
613.5452271
612.7147827
612.5408936
612.5002441
612.3598022
612.0426636
611.7305908
610.6775513
608.5632935
607.0667725
606.4812622
606.1482544
606.097168
605.921936
605.4289551
604.9108887
604.0022583
603.4754028
603.21521
602.9494019
601.9386597
600.3474731
598.2311401
596.2581177
594.6934814
593.5114136
591.6521606
589.2429199
587.2002563
586.2709961
586.4431152
587.3427124
588.2774048
588.4611206
587.7408447
585.6245728
583.0546265
581.5953979
580.5391235
579.8215332
579.9130249
579.4430542
579.1397705
578.7593994
577.8276978
576.5947266
576.8793945
578.1644897
578.2866211
577.5449219
576.9585571
577.2450562
577.4144287
576.8927612
576.5959473
575.5487671
572.2793579
568.7178345
567.3971558
567.2844238
567.5671997
567.7532349
568.008606
568.4562988
568.4827881
568.5770264
568.8037109
568.7730103
567.586792
563.9091797
560.5690918
559.4110107
559.4232178
558.9329834
558.0764771
557.5043335
556.8060913
555.9356689
554.9000854
554.0214844
553.4956055
553.5274658
553.8304443
554.1865234
554.4602661
554.4664307
554.3865356
554.3566284
554.2615967
554.187439
554.206665
554.6202393
555.4883423
557.5921631
560.744751
566.0560303
570.6867065
575.0310059
578.350708
580.2733765
581.2250977
581.4316406
580.4065552
577.7665405
574.0899658
568.2597046
558.5733032
548.069458
542.7112427
538.9491577
537.6185913
537.2331543
536.7333374
539.1485596
539.7522583
540.2198486
540.4653931
540.4395142
540.9767456
541.3378296
542.1563721
542.3965454
542.3583984
542.045166
541.2596436
540.4386597
539.4072266
537.1242065
531.9064941
528.2012329
527.8668823
529.3497925
530.1980591
530.3536377
530.2454224
530.4938965
530.4901123
530.6343994
530.5896606
530.5975342
530.7163696
530.9373169
530.6365967
530.0192261
528.2670898
527.7056885
528.4310303
529.1107178
529.3026123
528.9129639
528.2735596
527.5361328
526.8461304
526.0477295
525.4000854
525.7008667
525.6438599
526.465332
527.446106
529.2980957
529.5767212
528.4274292
527.0769653
526.5227661
526.9720459
527.8874512
528.9155273
529.6124878
529.9350586
530.1356812
530.2339478
530.1802368
529.7208252
528.7860107
527.855896
528.1698608
528.7131348
529.1707764
529.1803589
529.3381958
529.8292236
529.8657227
529.3850708
528.7258911
528.9429932
529.4382324
529.6072998
529.3627319
528.9785767
528.4104614
528.0279541
527.9317017
528.0239868
528.1878662
528.2562256
527.420166
524.2092896
519.9713135
518.0883789
517.5856323
517.0379028
516.4677734
515.8811646
515.8985596
515.850708
515.6906738
515.4622803
514.991333
513.6679688
509.6504822
506.4572754
505.3351746
504.4711304
503.5811768
502.6871643
501.618103
501.483551
501.8234253
501.5543213
501.3922424
501.3914185
501.4589844
501.2266235
500.9140015
500.5747375
499.8242798
497.2746887
493.7535095
492.4139099
491.6207581
491.1950378
490.6064758
489.9078064
489.6665344
490.7841797
492.0706787
493.0974121
493.6152649
492.9453735
491.1044922
488.258606
485.3566284
483.7292786
482.1909485
481.5387878
482.3658142
483.8234863
484.7256775
485.2770691
485.3693542
484.9154663
483.958374
481.6178894
475.9327698
471.2381897
467.2417908
465.3339233
465.2911987
466.8391113
469.0760498
472.3413696
476.5106201
477.1999512
476.3544006
475.9983826
476.4813232
477.3001404
478.9165955
481.5292053
483.2634583
484.3647461
484.9569702
484.7832947
484.3114014
482.9703674
479.5018921
475.2544556
473.78302
473.2154236
473.0327454
473.0537109
473.0182495
473.0207214
472.9242554
472.6364746
472.2191467
471.4123535
469.6702271
466.9717102
465.9484558
465.4561768
463.6453552
461.6307983
460.0957031
458.6412659
457.0671692
456.221283
455.7677917
455.236084
454.5520325
453.9169922
453.5825195
453.2866516
452.9134521
452.4827881
451.758606
450.5847473
449.4208069
448.338501
447.2237854
446.384613
446.2682495
446.0799255
445.9342651
445.7139282
445.0601501
444.1101074
443.1167603
441.9734192
441.2287903
440.786377
440.7894592
440.7211914
440.260437
438.8116455
437.3316956
436.4928284
436.3758545
436.4182129
436.4379272
436.3254089
436.3191528
436.3410645
436.2576294
436.1132507
435.9519043
435.7537231
435.4026794
434.3569641
432.4498596
431.0633545
430.0847168
429.4517822
428.6941528
428.6042175
428.4499817
428.1576538
428.1196899
427.4369202
425.5104675
423.6095581
422.2506409
421.9928589
422.7601929
423.0246887
422.9794922
422.4539795
421.6820374
420.200592
417.8908081
415.9998169
413.8887939
412.8547363
411.9744263
412.1751709
412.2368164
412.2498169
411.7115173
410.0775757
408.199585
406.5814209
405.2359314
404.1273499
403.1852417
401.0602417
399.9822693
399.8078918
400.0854187
400.2837219
400.2260437
400.0884705
399.8381653
399.5444946
399.3292236
399.0191956
399.2241211
399.6739502
398.747345
396.9279175
395.3557739
395.0533752
395.5715332
396.2225952
397.5390625
398.5098572
399.461853
399.7601929
399.9946594
400.2389221
400.9898071
402.9112549
405.8557434
409.22052
410.4867554
410.1408691
409.1584167
407.1789856
404.6134033
403.3719177
402.812561
402.7016296
402.6601562
402.5845337
402.1312256
400.4815674
399.4866333
398.9032593
398.7866211
398.5590515
398.3729553
397.2288513
395.4620056
393.4547424
391.1072388
385.5091248
380.9385071
380.2922363
380.9801331
381.8623962
381.1481934
378.7113647
375.8691101
374.3440247
373.2521362
372.1347961
370.8169861
370.601532
370.0421448
369.3468628
368.6602783
368.1227417
367.8144226
367.4831238
367.0528564
366.4936829
365.4367065
364.6893311
365.0914917
365.8456726
366.5720215
365.6192322
362.1464233
361.0156555
361.4536438
361.7885742
361.7226257
361.5870056
361.4849854
361.2949219
360.4619446
359.2106934
358.7129822
358.1366272
357.7403564
357.3842773
357.0887146
356.6999817
355.7077637
354.8328247
354.340271
353.2385254
352.4069824
352.0652771
351.9181824
351.837677
351.6905212
351.5466919
351.3454895
350.8625183
350.0975342
349.7745972
349.4699402
349.2039795
348.8781738
348.4508057
348.2234192
347.9189758
347.3803711
346.3238525
345.538147
345.4406128
345.4958191
345.5566101
345.4888611
345.4266052
344.506958
343.8239746
343.6983337
343.2138367
342.6339417
341.9950562
341.651947
341.5694885
341.6546021
341.3684082
341.0465393
340.4421387
339.4725952
338.9413452
338.3522034
337.2570801
336.5428162
335.9592896
335.6425171
335.533783
335.4180603
335.4676208
335.4723816
335.2901917
335.2293701
335.0060425
334.8570862
334.5489197
333.5266113
332.2002869
330.4938049
329.4306335
329.136261
329.1526794
329.1226196
329.0898438
329.2573853
329.27771
329.1741333
329.2619629
328.9040222
327.9605103
327.0682678
326.7480774
326.6528931
326.4942017
326.407196
326.0808411
325.6976929
325.2171021
324.6441345
324.4451904
324.3963928
324.0990601
323.5922852
323.0639038
322.4996643
321.8892212
321.5654602
321.4043274
321.1958008
321.3648376
321.3171387
321.2444458
321.101593
321.0229492
320.9447937
320.8220215
320.574707
320.4490356
320.3228455
320.1836243
319.7816162
318.9828491
318.2539978
318.0145264
317.913269
318.0454712
318.3164062
318.4816589
317.9555969
316.3365479
315.6842041
315.6295776
315.4695129
315.2457886
314.9216309
314.5224304
313.967804
313.318634
312.7284546
312.088501
311.3606873
310.8187866
310.8101807
310.7044678
310.6908875
310.5316772
309.7304077
308.6984253
308.0648499
307.7728577
307.65271
307.5987244
307.5592346
307.540741
307.6135864
307.7379456
308.0067139
308.2094116
307.7941284
306.5762939
305.276062
303.4321899
302.7749023
302.705719
302.6570435
302.5893555
299.8774109
299.2867126
298.5185242
299.2613525
300.2211304
300.5440369
300.696167
301.0569153
301.2922058
301.1976929
301.0701294
301.039978
300.8975525
300.8085327
300.9701233
301.2479553
301.3522339
301.2664795
300.9174805
300.0535583
297.8596802
296.8521729
296.1781616
295.2281189
293.697113
292.3388672
291.3762207
290.4219666
290.2217102
290.2784729
290.1000061
290.1973267
290.4307556
290.4181213
290.309967
290.0592346
290.3361206
290.0650635
289.2186279
288.8353577
288.2909241
287.2356567
285.3486938
283.9675598
283.2636108
281.9541626
279.9810791
283.7690735
285.1908569
285.0370789
284.5198364
284.4009094
284.7727661
284.9979858
284.7927551
284.65448
284.4169312
283.7911682
281.0950928
278.1726379
277.1574097
277.7828369
277.7535706
278.0218506
280.2008057
281.1450195
281.6148682
281.9269714
282.5053711
282.2631836
282.1412659
282.1741638
282.21698
279.9424438
278.4621887
277.7023926
276.5031433
276.1437683
276.8036194
276.7915039
276.3362122
275.8696899
275.3427734
274.352417
272.8721619
272.2809753
272.3143005
272.1747437
272.0084534
271.9388733
271.7666931
271.64151
272.2205811
275.3984375
276.4832764
276.089325
273.1435547
271.3441467
270.4792175
270.3168335
269.9258118
268.6469116
269.0500183
269.5148926
270.04776
270.6985474
271.0046692
269.0327454
266.4240417
265.7586365
264.7367249
264.1282959
264.8201904
265.3013916
265.4642029
265.29953
265.1588135
264.8291931
263.5514526
262.2763367
261.6943054
259.6234131
258.3370667
258.3383179
258.6134949
258.7982178
259.1359558
259.4830627
259.2088013
259.9249268
260.6447449
261.3756714
261.4186401
259.7521973
258.7338867
259.3673096
259.243988
258.094574
256.6430969
255.0325623
253.8741302
252.9286499
251.8287048
251.35466
251.3883667
251.4514465
251.7458954
252.090683
252.5101166
252.7821045
252.2287445
251.802597
251.8529816
252.080368
251.9394989
252.201416
252.8285522
252.8922882
250.8974304
248.247406
247.2483521
247.354126
247.6867981
247.2100677
246.5888367
246.167572
246.0528107
246.0312347
246.0636292
246.3110046
246.7062531
247.1229858
247.5774536
247.981308
248.4326477
248.4199677
247.9494019
247.1964569
246.0657043
243.936676
243.2276764
242.6048126
240.5024109
239.0779877
238.8167114
238.8740997
239.0555115
239.2648163
239.9220581
240.872757
240.1975708
240.2049561
239.4831696
237.0691376
235.6872406
235.2013702
235.0980835
234.5708008
234.9538727
238.420166
239.267746
239.4614868
239.5260162
240.0271759
239.8242188
239.5010529
239.6285706
240.1911621
240.5388184
240.7765045
241.1172943
241.3300476
240.6723328
238.8178558
238.4568329
238.2809143
238.1789856
238.0274811
237.8434753
236.1153717
234.0573578
232.2085266
232.4697266
234.5296021
236.9414062
237.600235
237.030777
235.1718903
230.4502869
225.6101379
224.8910828
224.8920746
225.5310059
226.1750641
226.218689
226.2928467
226.2815552
226.5077057
225.7917938
223.573822
221.8275452
221.1862793
220.6786499
220.8917694
221.0039978
220.9547577
220.6123352
220.5444794
220.8513184
219.9390259
217.6881561
217.5279694
217.1690216
217.0682983
217.0343018
216.8583832
215.6587677
214.3891907
213.0998688
213.2901306
215.0064392
215.405304
216.4979248
216.9316101
217.2682037
216.8944397
217.0601349
216.5871735
215.8482208
215.0713348
214.4645386
214.379425
214.7579041
214.8246155
215.3239594
215.3519135
213.7765656
209.5513153
208.9333801
209.1715393
209.3311005
209.1989594
208.8093414
208.9549866
209.311142
209.8702393
210.0368652
209.7892456
209.2476196
208.8409424
208.9434204
209.22612
209.5365601
209.5696869
209.1580963
208.733902
208.2464142
207.6397552
205.924057
205.0946808
204.2358246
202.4867096
202.3048553
202.7288818
203.2922821
203.6742249
203.8553772
203.6743622
203.9591217
204.0210419
203.5815582
203.0405579
202.7517548
202.4792633
201.9822235
202.0190582
202.4674835
202.7178192
203.2239075
204.0596619
204.9117432
205.8188019
205.933548
204.8805542
204.0595245
203.584198
203.3997192
202.8958282
202.5936279
201.0292358
200.466217
200.0910492
199.3984375
199.2767029
199.2991791
199.3302612
199.2326202
199.2884674
199.1546631
199.1641541
198.8000336
198.0792542
197.0039062
197.0637665
197.2694855
197.2662354
197.7423706
198.0088043
198.0174408
197.8360291
197.4832764
196.615921
197.1795959
197.9839935
197.4421844
197.4478912
198.3118896
199.0181274
200.0904694
200.9292908
200.8740082
201.8078461
203.6933746
203.5597687
203.4056702
203.3787689
203.2815399
203.2078857
203.2099152
203.7123718
204.1238251
204.2844391
204.3515778
203.9704895
201.6776886
192.4651642
185.5217285
182.6910095
182.6910095
182.6910095
182.6910095
184.069519
188.4909973
188.4909973
188.4908905
188.5828552
188.9641113
189.8809662
191.8145599
194.5445404
195.3406982
195.9878235
197.0374756
197.1853638
197.2481232
197.5115662
197.7273865
197.2219543
196.7243805
197.1852722
197.8762054
198.0321198
198.7724457
198.6513519
197.4268799
197.8796234
196.3357239
195.6004028
195.9044495
195.6739655
195.0645752
195.1125336
194.9993591
195.1205444
195.4554138
194.5514679
191.3709717
190.8412781
190.9509125
191.0575256
190.9751129
191.1949463
191.8032379
191.0158081
191.6537323
191.8205109
191.3189545
190.9898987
190.9143982
190.8628693
190.8947906
190.8741608
190.9087982
190.942337
190.9557953
191.0514526
191.1512756
191.1999359
191.3047638
191.3403778
191.3287506
191.3280945
191.2397003
191.1814728
191.077301
191.027298
191.0167389
191.0821228
190.9719696
191.0806122
191.3014679
191.3713074
191.4510498
191.5238342
191.5358276
191.5827332
191.7616272
191.9294891
192.1028595
192.2789459
193.0926666
195.0735168
195.3421173
195.6130524
196.1376038
197.2025299
200.3193359
202.7396393
203.3714447
202.9544678
198.1549988
192.192749
187.8476105
188.5461578
190.2788391
190.8411713
191.2588196
191.5244751
191.1358337
192.4885559
193.4202423
191.6362915
190.3087921
190.2776184
192.1451416
193.2233429
193.10672
193.3129425
194.7550507
196.1570587
196.3152161
199.7130432
200.8852234
200.0057983
199.8482819
201.8470612
203.8939667
204.3880615
204.7558746
205.1673584
205.1426697
205.1392975
205.1035461
205.1011047
205.1013794
205.1036835
205.1018372
205.098938
205.143692
205.16922
205.1560059
205.1312103
205.1139832
205.1053925
205.105423
205.1075897
205.1013794
205.1012726
205.0992737
205.0966492
205.2121582
205.5305786
205.7208862
205.8498383
206.5585632
208.0086517
209.8950195
210.9933777
211.4328156
212.0473785
212.0753326
212.4524689
213.1049805
213.8913269
212.9224854
212.6247253
212.6808014
212.8654938
213.2513428
213.6516113
213.806015
213.8635254
214.1391754
213.8582458
213.6625214
214.0160675
214.967926
216.0812225
217.1138611
217.539032
217.7197266
217.8665771
218.0072632
218.0730133
218.0994873
218.1584473
218.0390625
218.0484467
217.9224396
217.6790924
217.5273132
217.4512024
217.4049988
217.395813
217.306488
217.1896973
217.1828003
217.3041687
217.1573334
217.4705658
217.6724854
217.4426422
218.1022644
218.0305481
217.7406464
217.557724
217.5114594
217.7560577
218.1693878
217.9711914
217.5452423
217.3208008
217.5174713
218.26651
219.1222839
219.3669739
219.174881
219.7676697
220.9328003
221.9213104
223.2505646
224.311554
224.9170227
225.1582489
225.2037659
224.6776123
224.1185608
224.3030396
224.641861
225.5701752
226.3772583
227.3422241
228.0226898
228.3074341
228.3865662
228.4305115
228.5135345
228.6680908
228.8995209
229.1315613
229.4202271
229.8532715
230.3516083
231.1074829
232.1561737
232.89888
233.0912323
233.4132538
233.7916107
234.4960175
235.342392
237.1335602
239.6121368
240.8118286
241.102951
241.3379517
241.9825439
243.2165527
245.0506592
246.4098511
246.1751251
245.8617554
246.0050964
246.9124908
248.3013306
249.5911102
250.5493317
250.1673584
248.6786499
249.1585388
251.4610443
254.5727081
256.7590637
257.7193298
258.1358337
258.8557739
259.6221619
261.1382446
262.6818542
263.4862061
263.8224182
264.7081299
266.0032654
267.8582458
269.1225281
270.1020508
270.6747437
270.0780334
268.856781
267.688385
266.289856
264.5412292
262.0265198
260.0800781
259.2232666
258.7406311
257.7214966
256.1004028
254.9516754
253.9940491
253.4655609
253.478775
253.7194824
253.8922272
253.7526245
253.2930756
252.5237427
250.9759064
248.1422424
244.6132202
242.5493317
242.1528778
242.2036743
242.3838806
242.5459137
242.6506958
242.7125092
242.7961273
242.8720093
242.6241455
242.265686
241.8376312
241.2319336
241.0178986
240.5126495
240.1007843
239.673233
239.1786346
238.6585693
237.9965515
237.3170319
236.6000061
235.7355042
234.8886566
234.0738525
233.129364
231.9380341
230.7065887
229.83255
229.7089996
229.9754028
230.2128143
230.4204712
230.5588379
230.544342
230.5317841
230.4463501
230.3353729
230.2993164
230.3196259
230.3957062
230.4202423
230.4443207
230.4020386
229.9967804
229.7433624
229.4296417
229.2483215
229.3816528
229.9777374
231.070343
232.4391174
233.8647003
235.0840759
235.9217377
237.0848236
238.6254425
239.9328613
241.0199585
241.8615875
243.4165955
245.5204926
246.9872284
247.6236267
248.1343079
248.5153198
249.1751404
249.9498596
250.6070099
251.6752167
255.9011383
256.6370544
258.3121643
258.9839783
259.6260071
260.5940552
261.2328491
261.2030029
261.5266113
263.9217529
267.6096497
268.6221008
266.5443726
261.1064758
260.475708
263.7864685
267.7885437
271.5263672
273.7179565
277.0023193
279.7931824
281.7305298
282.0697327
281.8051453
281.0690002
279.6172485
277.1150208
274.7407227
272.6728516
270.9887085
270.3682556
270.3667297
270.3606262
270.0821838
269.8675842
268.4046326
266.024231
263.9332581
262.5216675
261.6795349
261.2128601
260.5931091
260.4949646
259.8157349
258.2420044
255.8590698
254.8138123
255.9801941
257.928894
259.6276245
260.2865295
260.736145
261.0692139
261.7138367
262.7686462
264.1071167
265.6599731
268.0823059
270.9255066
274.3128967
275.2314758
275.5444336
275.6560669
275.2530212
274.1139526
272.4204102
270.5058594
267.7385864
266.9105225
266.2781372
266.176239
265.0263367
262.8807373
261.2756653
259.4849854
258.8195801
259.0231323
259.0619202
258.0561829
255.4020538
254.2588043
253.813385
254.0836792
254.0114899
253.5489197
251.99263
250.0614624
247.9573975
246.3054962
244.8253632
243.3795013
242.3616943
241.7595978
241.5615082
241.7391052
241.8683929
242.1705322
242.690979
243.4871674
244.6833344
245.9608154
246.6770325
246.7785339
246.6547852
246.1669312
246.1773376
246.4924316
246.6472931
246.709259
245.9503479
245.4688873
245.6539459
246.6374359
247.0270691
244.6426544
243.3056183
243.2182922
242.497467
241.0247803
239.6701508
238.367981
236.4513855
234.3853455
232.8814087
232.4442902
232.6867371
233.2355194
233.8324738
234.4098206
234.8025665
234.8819427
234.5971069
234.3998566
234.6828918
234.586792
234.3969116
233.7731323
233.2074127
232.9942627
232.8614655
232.4512634
231.4775238
231.0150299
230.6208496
230.2002106
230.0247498
229.9113007
229.4592438
229.0462341
226.3267975
224.0227661
222.5203857
221.5270233
221.1240082
221.0613861
221.0903473
221.0174561
221.1665802
221.4385071
222.029541
222.5343323
222.8049316
222.6475372
222.7829285
222.9199982
223.0355835
223.0737
222.6838684
221.5839996
219.1717834
218.3770905
218.1504364
218.0502472
217.7311401
217.2050171
216.8555603
216.6074219
216.2782745
215.9277344
215.6775513
215.4606476
215.2153931
214.6167145
214.1380615
213.4618073
211.7297058
209.9287109
208.4806519
207.9986267
208.3616486
208.7878113
208.7459259
208.2366943
207.1511078
206.0129395
205.9780579
205.8005524
206.1750946
205.9663849
205.3933716
204.8395844
204.7185364
203.9540405
203.5484772
203.6364288
203.6125793
203.7154846
203.6664581
203.7662048
205.0861969
205.0033112
202.9182129
203.2225952
203.4642639
203.2698059
202.180191
200.4959869
199.9498901
199.588562
199.3155518
199.0236969
198.6633759
198.4380035
198.2721558
197.9033813
197.5322571
197.2223816
196.9400177
196.995697
197.1588287
197.3256378
197.2896729
197.0830688
196.9026031
196.8648834
197.1412659
197.6578369
198.0621033
198.2451782
198.2455444
198.1328888
198.0807648
197.8858795
197.3098602
196.1730347
194.9200287
193.9638519
192.861496
192.3496246
192.5856628
194.2502136
197.9418945
199.9452362
203.5955048
204.8640137
206.1555176
208.9155731
209.6632843
210.6288757
212.5982666
214.7871246
215.9067841
214.7522888
213.8404694
214.2573395
214.7630463
213.0127258
211.7715912
210.5176392
209.0436249
209.6411438
210.8952789
211.6967926
212.2948914
212.4257355
211.9379425
211.3188171
211.0560455
210.7541504
210.4861298
208.9392242
206.6912689
205.3778687
202.0648651
202.6974182
204.0993347
204.6014252
202.6828766
201.5061646
203.4856873
204.6114655
204.3101807
203.4569244
203.0645752
203.0309296
201.5693359
200.3025665
197.3473969
197.762146
198.3165741
197.4263
197.5871735
198.4637299
201.1810913
202.7047272
199.8598328
198.5066223
201.244339
204.4003143
204.323288
202.9702759
203.6350708
204.0046387
203.45755
202.7322693
200.5241394
197.3254547
196.8759918
195.868927
193.426178
192.0713806
190.9302979
189.9603119
189.2952576
187.5838165
188.4732208
191.0135803
191.6138458
191.0483856
191.036911
190.9332428
190.9604034
192.3863678
195.5984344
195.180069
194.9965668
195.0507355
195.0705566
195.9155121
195.6469421
196.4175568
199.0927124
198.4588776
199.4391785
198.8784027
197.4559631
196.4486237
198.5180817
200.2157898
199.9030457
199.0415039
201.1993408
204.62146
205.0258026
205.3643188
205.712616
205.8409271
205.818512
205.8862152
205.7485962
206.7929535
207.2822723
209.9552917
211.7384338
212.0648956
211.8682709
212.3800507
214.2831879
215.4363556
215.8874054
216.7344055
217.2142944
217.4589386
217.4434204
217.1140289
217.3605957
218.7251587
224.3058319
225.9844666
225.6707306
224.8830719
224.9696045
227.1864166
229.5459747
229.407608
229.2028351
229.0429993
228.9929962
229.3344574
232.581131
234.0454865
233.857666
233.9457397
234.1495972
233.8096924
234.9492645
236.1324921
236.521286
236.2299957
236.1592865
236.1350098
236.2986908
236.674408
237.0597076
237.2140961
237.0521393
237.1287079
238.4005737
240.9325256
242.5298004
242.9666138
242.9076538
242.5386353
242.5565948
242.719574
244.8955994
246.3640594
246.7984619
247.2693634
247.8464661
249.1891327
251.2996368
252.6129456
252.7475739
252.837677
251.9194183
252.334137
259.0291138
262.9316711
263.862793
263.2374573
262.1003113
261.1026306
260.8118286
261.9330444
266.6104736
271.5515442
274.2130127
276.7987366
278.2070618
277.1846924
276.1296082
279.4599609
285.870575
288.6265869
289.2022095
289.0667419
290.3089905
296.6133118
297.6286316
297.6271362
297.3890686
297.4590759
298.7788696
300.9943237
303.0120239
305.2176514
306.9631348
306.8587341
306.472229
305.9508057
306.0985413
307.0092163
308.5766907
311.32724
314.6465759
317.8870544
318.9963074
319.4376831
320.0671692
321.6741333
323.5439758
324.1399841
323.9074402
323.0857239
321.0046387
320.384491
327.3772278
330.072113
332.0288391
333.8957214
334.950592
334.6597595
334.591095
335.835144
335.7058716
335.9476624
335.6794128
335.397522
335.4674377
335.5134277
335.0308838
334.3257446
334.1442566
340.8572388
345.946991
348.6887817
351.0839539
349.9484558
348.3015442
349.4664307
349.6943665
350.1531372
350.5123291
351.1004944
351.6192627
351.8222351
352.019043
352.7456665
354.9371643
356.5559387
356.6692505
356.3056946
355.7880859
355.0308838
354.719574
354.9379272
354.7837219
355.3548279
356.5342712
359.7102051
363.0291138
366.0573425
368.7675476
371.3798828
374.0742798
376.7947083
378.9317322
380.108551
380.6994934
381.0687561
381.1893311
381.0440369
380.7727966
380.3824768
380.199646
380.2644043
380.1811829
380.368866
378.9971313
379.3724365
381.6054382
383.6949768
384.4164429
384.6585693
385.4000549
387.7742004
391.2132874
393.8149719
395.3202515
396.1044617
396.5657959
396.7236328
396.7683716
396.8878479
396.8751831
396.7719727
396.5306702
396.0434875
395.5810242
395.4273071
395.676178
396.3986511
397.1318665
398.6869507
400.5270996
402.7785339
406.0271606
407.4389343
407.5784912
407.3856201
407.0986328
407.0292664
407.340271
408.2913818
409.6627502
410.8809509
411.567688
412.208313
413.4769287
417.0067139
419.966156
420.4625244
420.1107178
419.8640137
419.8336792
419.9217529
420.2037659
420.2110291
419.9291077
420.1221313
420.7733154
421.2467651
421.5249023
422.1340637
422.5550537
422.8401489
423.098053
424.2528992
425.7906799
428.1506042
429.3833618
429.8513184
430.542511
430.9360657
431.486908
431.9336548
432.2264099
432.3520813
432.328949
432.2755737
432.4578247
433.3435669
435.7580566
438.9686279
441.4343262
442.2667236
442.4977722
442.7337952
443.0597229
443.6233215
444.2738037
444.8006592
445.217804
445.5278015
445.7562561
445.9055176
446.5671692
447.0003967
447.7380066
449.8938293
452.2694397
453.271637
453.5765076
453.7857971
453.7275391
453.3995972
453.9338989
454.5170288
454.9429321
455.5222778
456.289856
457.0106506
457.9938049
460.6330566
464.6354675
466.7832642
467.8755798
468.7021179
469.5475769
470.3686523
471.1067505
471.7223511
471.776886
471.2517395
470.8873901
470.8768311
471.6921692
474.0008545
477.5924377
480.6244507
482.3948975
483.5458679
483.6822815
483.0658264
481.9418335
480.6690063
478.0889587
475.2179565
472.5977783
473.1843872
478.5182495
486.235321
490.8572693
493.0917358
494.5385132
495.2757568
496.1270142
497.1242981
497.3999329
497.973938
497.7067261
497.1681519
496.7600403
496.6306458
496.5930176
496.5769043
497.2489014
499.0602417
500.0137329
502.0927734
504.7128906
506.4014587
507.5629578
508.3951416
508.7290955
508.8400879
508.8865662
509.4121094
509.9174805
509.9959106
509.8702698
509.683075
509.224823
508.6143494
508.1287842
507.844635
508.3522644
509.8591003
511.0554504
512.4718628
515.8666992
518.6968994
519.8869019
520.7565308
521.682251
522.043396
521.821167
522.1400146
522.3838501
522.3409424
521.815918
521.6766357
521.9702759
521.9644775
521.7716675
521.3016357
520.6860962
519.9702759
519.3137817
519.1740723
519.8414307
520.9614258
521.7217407
522.4083862
523.1397705
525.2388916
528.6603394
531.0675659
531.9063721
532.4507446
532.6765747
531.9475708
531.2979736
531.013916
530.8857422
529.5214233
529.8508301
531.6290283
533.8861084
538.9054565
540.3267822
540.5750732
539.6742554
538.9673462
539.5390625
540.8179321
541.9712524
542.8815918
543.1611938
543.1131592
543.1156006
543.3667603
544.5322266
546.8712769
548.817627
549.670166
549.7988281
550.012207
550.8173828
552.2949829
553.4337769
555.8040771
559.0617676
560.7786865
560.7296143
560.7217407
560.7955322
561.312439
562.2386475
563.0811768
563.6797485
563.6107788
563.0458984
562.1715698
561.6921387
562.1393433
562.5019531
562.3865356
562.1479492
562.8258667
563.3672485
563.6519165
564.0947266
565.2852783
566.1729736
566.8321533
567.37146
567.7463379
568.9082031
569.8320923
570.4580688
570.7318726
570.840271
570.991394
570.8688965
570.9139404
571.291687
572.4957275
575.6177979
578.1122437
578.949707
579.4196167
579.8458862
580.302124
580.7991333
581.0632935
581.1291504
581.3521118
581.9312134
582.2412109
582.3009033
582.6366577
582.7014771
582.8220825
583.8148193
584.2021484
584.1994019
584.215271
583.7747192
584.1303101
584.5513306
584.203125
583.4558105
582.9880371
582.1986084
582.3270874
582.710144
583.7556152
585.1419678
587.7961426
590.8549194
591.9300537
592.5269775
593.0251465
593.600708
594.098877
594.3921509
594.7203979
595.2528687
594.8476562
594.5353394
595.4121704
598.4314575
602.1321411
603.9563599
604.7080078
605.083313
605.2452393
605.2796021
605.2843018
605.6035156
605.795105
606.503479
607.8866577
608.7947388
609.7244873
611.4841309
612.4923706
612.7367554
612.7671509
612.6384888
612.6761475
614.3137207
615.5133057
615.079834
615.0609741
616.0438232
617.4555664
618.9151611
620.0629883
620.8234863
620.7227783
620.3889771
620.7911987
621.4772339
622.0894165
622.2416992
622.8932495
625.3342285
627.5003052
628.7156982
629.7190552
630.8687134
631.7108154
632.3404541
632.5563965
632.6848145
633.0006104
633.0950928
633.0350342
632.9512329
632.8216553
632.7056885
632.697876
634.1392822
637.854187
640.87146
642.0439453
642.477478
642.0648804
641.3570557
641.2253418
641.4457397
641.5043945
641.5415649
642.2035522
643.868042
647.1576538
650.2734985
651.6598511
652.560791
653.6843872
655.1713257
655.9901733
655.8468018
656.4412842
655.9324951
654.5429688
653.5342407
652.0473022
649.7676392
646.7927246
643.9424438
642.9180298
644.9425659
648.0421753
651.1783447
653.8234253
655.7545776
656.7305298
657.3901367
659.3959961
662.3712769
663.1621704
663.7633667
664.4082031
665.0609131
665.1376953
662.8237915
659.7251587
659.2388916
662.4990234
668.2962646
669.2052612
669.0996094
669.5983276
669.3012695
669.1704102
668.6262817
668.0410767
667.960022
668.4143066
669.3046265
670.7382812
672.5830688
674.6382446
675.7706299
676.3361816
676.8289795
677.2903442
677.7529297
678.2024536
678.7689819
679.2901001
679.8878784
680.1361084
680.2211914
680.6546021
681.2169189
682.2737427
684.9464111
687.4707031
688.416687
688.6782227
688.850769
688.9453735
688.9577026
688.852356
688.600769
688.3182983
688.0479126
688.0955811
688.5008545
689.1755981
690.078125
691.0881958
691.9292603
692.8699951
693.8737183
706.5955811
706.9832764
708.107666
710.0685425
711.7912598
712.7384644
713.2563477
713.6695557
714.0240479
714.399292
714.8079224
715.2463379
715.6077881
715.8757324
716.256958
716.6843262
717.194458
717.7148438
718.1820068
718.2932129
718.3026123
718.4358521
718.7316895
718.7786255
718.5386353
718.0667114
718.2459717
718.6807251
719.2603149
719.7786255
720.3869629
721.0278931
721.7123413
722.1906128
722.819397
723.5009155
724.1820679
724.8482056
725.3996582
725.9454346
726.5874634
727.2594604
728.0369263
729.0458374
730.3983154
731.8450317
733.1367798
734.1468506
734.8971558
735.496521
736.0263672
736.4505005
736.7617798
736.5919189
736.1494751
735.5692139
735.2846069
735.0153809
735.6916504
736.7728271
737.5843506
739.3851929
741.4943848
742.7322998
743.1307983
744.0021362
745.0331421
745.9202271
746.8267212
747.6414185
747.9620972
748.2866821
748.7332764
748.7546997
748.4692993
747.8989868
746.5553589
743.3847656
739.0345459
737.1152954
738.5332642
741.8515625
743.666626
743.7470703
744.6315308
746.3529663
748.1181641
749.4547119
750.9519653
753.5053711
756.7857056
758.4343872
758.7206421
758.467041
758.3255615
758.6178589
758.9066162
760.0431519
760.8390503
761.300354
761.6238403
761.4979248
761.5436401
762.1412354
762.6539307
762.7758789
762.578064
761.1959839
759.9505615
759.7401123
761.0006714
764.3895874
768.3529053
770.4307251
771.142334
771.2930298
771.2796631
770.7987061
769.9440918
768.9935303
767.9973145
767.8934326
769.2892456
770.927002
772.3140869
773.3881836
774.1208496
774.6387329
775.0759277
775.2434692
775.0274658
775.0177002
774.9668579
775.0744019
776.0603027
778.5535889
781.0769043
782.3166504
783.2469482
783.8772583
784.3162842
785.0935669
786.0044556
786.5379639
786.6515503
786.5919189
787.3980103
788.7192993
791.5091553
794.4093628
797.3618774
798.5578003
798.0997314
797.6572266
796.9366455
797.067749
797.088562
797.1221313
797.2007446
797.2890015
797.3653564
797.3756714
796.6434937
796.2346802
796.3239746
796.8391724
797.6897583
799.0900269
800.4763184
803.027771
805.3943481
806.8956909
807.4732056
807.9719849
808.3988037
808.7445679
809.0352173
809.6446533
810.1240845
810.1710205
810.2226562
810.4445801
811.1674805
812.9110718
816.1105347
819.515564
820.3779907
820.3434448
820.1347656
820.0059204
819.8178711
819.696228
819.4266968
818.8748779
818.5289917
817.6494751
817.3395996
816.887207
817.7676392
819.1079712
821.4536133
825.9437866
829.229248
830.7216797
831.4688721
831.9901123
832.5108643
832.989563
833.3950195
833.7342529
833.9949341
834.197998
834.257019
834.1088867
833.7053223
832.9656372
832.0101318
831.309082
831.2102051
831.4613037
832.5185547
833.5934448
834.3986816
834.8009033
835.031189
835.225708
836.3485718
838.430481
841.2358398
843.1948853
844.2225342
844.5452881
844.6690063
844.6810913
844.7073364
844.7716064
844.9054565
845.2102661
845.5841675
845.8955688
846.1038208
846.9837036
848.1289062
848.6405029
849.1432495
848.7313232
848.6497803
848.9553223
849.3884277
850.3464966
864.2752075
865.9656982
866.1669922
866.1923218
866.2524414
865.8707275
865.7694092
865.5091553
865.545166
868.2476196
872.0880737
874.0533447
875.1621704
877.2473755
881.2137451
883.4710083
883.8982544
883.8917236
883.4647217
882.9569092
882.730957
883.0484009
883.7164917
884.7178955
885.8034668
887.428833
888.2646484
887.2546997
885.1157227
883.968689
884.340332
885.619751
887.9277954
892.3145752
895.1682739
895.8598022
894.9581909
892.6117554
887.7045288
884.6343994
885.1311035
890.0547485
894.765564
897.8218384
901.5322876
904.784729
905.5769043
905.4918823
905.473999
906.1816406
907.1828003
907.7681885
907.9508667
907.9185181
906.6181641
906.1436157
906.5875244
907.6807861
908.4616699
909.1735229
909.7320557
910.3311768
911.7440796
916.0811157
919.5375366
920.9575195
920.796814
921.1131592
921.3236694
921.3582153
921.803833
921.5859985
921.0264282
920.3548584
920.1238403
920.3947144
920.9342041
921.8751221
923.0322266
923.3200073
922.7780151
922.1665649
921.9923096
922.2380371
922.3897705
922.4917603
922.9494019
924.3552246
928.3032227
933.0349121
934.1657715
934.3756104
934.7825928
934.9367065
934.9506836
934.7927246
934.536499
934.206543
933.9719238
933.9732056
935.2732544
938.4573975
943.6810913
945.8482666
947.1497192
947.461853
947.5962524
947.644165
947.3377686
947.0647583
947.0130005
946.8268433
946.8325806
946.9268188
947.1465454
947.9015503
951.8128052
955.1672974
956.5875854
958.7802734
962.7556152
966.4638672
967.5200806
967.897644
967.6786499
967.9318237
967.5058594
967.048584
967.3635864
967.5273438
967.6264038
967.7350464
967.9030762
967.9142456
968.49646
969.2071533
969.3490601
969.5239868
969.5967407
969.1885376
969.0045166
968.904541
969.1083374
970.2371216
972.6952515
976.4614258
978.5180664
980.2229614
981.8088989
983.4798584
985.1674805
984.8707886
984.5610962
984.2059326
984.3579102
984.6380615
984.960083
985.2822266
985.6143188
985.9091187
986.1026001
986.1815796
986.4000244
986.3463135
987.4547119
991.2075806
993.4659424
994.3342285
995.7939453
996.6859131
997.1847534
997.734436
998.5748291
1001.661499
1004.4221802
1005.9649048
1006.8424072
1007.0720825
1007.4216919
1008.0944824
1008.3081055
1007.5664673
1007.3369751
1008.4334717
1011.6311035
1014.6962891
1016.5014648
1017.5281982
1018.4168701
1019.0836182
1019.4091797
1019.4207153
1019.4060059
1019.3969116
1019.1519775
1018.3991699
1017.8904419
1017.2216797
1017.7919312
1020.8772583
1027.019043
1030.2033691
1031.8443604
1032.6379395
1032.7565918
1033.1560059
1032.8598633
1032.3352051
1032.8162842
1033.5627441
1033.8789062
1033.1119385
1033.2562256
1033.5567627
1033.7110596
1033.8851318
1034.1289062
1035.2259521
1037.7324219
1039.3769531
1039.9954834
1040.3188477
1040.7200928
1041.270752
1041.7375488
1042.2000732
1042.6251221
1042.8328857
1042.4229736
1041.5118408
1040.6984863
1040.2188721
1039.6035156
1039.3048096
1039.260498
1038.918457
1038.8568115
1039.2977295
1040.2049561
1041.6660156
1043.369751
1045.5605469
1048.3469238
1050.859375
1052.828125
1053.8449707
1054.3789062
1054.732666
1054.7976074
1054.692749
1057.1723633
1058.741333
1060.8619385
1063.194458
1063.9224854
1063.9816895
1063.96521
1064.1108398
1064.1135254
1063.8505859
1064.5565186
1065.6905518
1067.6491699
1069.6717529
1071.6782227
1073.4810791
1074.7817383
1076.0090332
1077.9174805
1080.3720703
1083.0651855
1085.3375244
1086.3303223
1087.24646
1088.1502686
1088.6365967
1088.6494141
1088.3377686
1088.2268066
1088.5777588
1089.0404053
1089.4230957
1089.8369141
1091.0450439
1093.9501953
1098.4998779
1100.1853027
1101.0639648
1101.7670898
1102.048584
1101.9189453
1102.0415039
1101.9616699
1101.5849609
1101.9084473
1101.8227539
1102.7333984
1105.3641357
1108.0263672
1108.2960205
1108.105957
1108.1289062
1109.5008545
1111.5844727
1112.9714355
1112.6748047
1112.4768066
1111.0820312
1110.1461182
1111.6383057
1113.2132568
1115.9205322
1121.104126
1122.9200439
1124.180542
1125.3330078
1126.2937012
1127.3271484
1128.8411865
1130.2155762
1131.3181152
1133.6766357
1137.4003906
1138.961792
1139.8669434
1140.795166
1141.21875
1141.87854
1141.9648438
1141.3531494
1141.2747803
1143.9621582
1148.1427002
1147.8000488
1147.1828613
1146.6442871
1146.7324219
1147.1066895
1149.4436035
1152.4204102
1157.7341309
1159.3477783
1160.8253174
1162.4735107
1163.7888184
1164.9534912
1165.6063232
1164.9859619
1164.8364258
1165.1564941
1165.0097656
1164.5181885
1165.6645508
1169.9066162
1170.2617188
1171.28125
1172.4560547
1174.1132812
1175.7104492
1176.5889893
1176.727417
1178.6416016
1178.87146
1179.3406982
1179.7674561
1180.0997314
1182.4915771
1185.2833252
1185.9406738
1187.1230469
1188.3392334
1189.4405518
1189.9313965
1189.7287598
1189.2416992
1188.407959
1187.7907715
1187.2177734
1186.9715576
1187.3829346
1188.1931152
1188.3887939
1188.7181396
1189.2647705
1189.8050537
1190.3061523
1191.0098877
1191.677002
1192.1351318
1192.5058594
1193.46521
1193.958252
1193.2606201
1192.335083
1190.9742432
1189.0352783
1187.6116943
1186.3214111
1185.366333
1184.4782715
1184.6623535
1184.7680664
1184.6591797
1184.5159912
1184.1916504
1183.7969971
1183.4782715
1183.6104736
1184.5915527
1185.9506836
1187.329834
1188.9001465
1190.2813721
1191.2562256
1192.0836182
1193.9057617
1195.6157227
1196.4957275
1196.6571045
1196.5458984
1196.2071533
1195.9887695
1196.1956787
1197.8781738
1199.682373
1201.3192139
1202.4906006
1203.2185059
1203.1755371
1202.7062988
1202.621582
1202.7873535
1202.7984619
1202.3927002
1202.3259277
1202.7764893
1203.1668701
1203.7631836
1204.3360596
1204.6943359
1204.9122314
1204.9338379
1204.8972168
1204.7647705
1204.5371094
1204.3276367
1203.7532959
1202.9381104
1201.7410889
1200.2843018
1198.4946289
1194.6083984
1192.8605957
1192.0402832
1191.6391602
1191.5892334
1191.1463623
1190.848877
1190.5352783
1190.2093506
1189.7996826
1189.2557373
1188.5250244
1187.7231445
1187.3883057
1186.8892822
1186.2159424
1185.1549072
1182.4686279
1179.8325195
1178.3369141
1177.6831055
1177.0435791
1176.4957275
1175.9356689
1175.4433594
1174.7955322
1173.9981689
1173.1005859
1170.3818359
1167.8737793
1167.4333496
1166.1774902
1164.4112549
1162.3417969
1161.609375
1161.4656982
1161.6630859
1161.6177979
1160.1291504
1155.1654053
1152.1083984
1151.0894775
1150.8336182
1150.71521
1150.6831055
1150.9110107
1150.6522217
1150.2226562
1149.7972412
1144.5124512
1143.8387451
1143.8594971
1144.00354
1144.3349609
1143.3162842
1142.7929688
1141.9580078
1141.1448975
1140.4002686
1139.739624
1138.7003174
1136.3342285
1133.5093994
1132.3013916
1131.6051025
1130.7188721
1129.6984863
1128.5952148
1127.4846191
1126.9437256
1126.2836914
1125.7810059
1125.4376221
1124.7735596
1123.1578369
1120.6818848
1119.3590088
1119.0395508
1118.9156494
1118.9003906
1118.5645752
1117.6199951
1116.831543
1116.1726074
1115.4665527
1114.6403809
1113.1988525
1110.293335
1108.6013184
1108.262085
1108.2884521
1108.0938721
1107.2750244
1106.923584
1106.6032715
1106.2298584
1105.8935547
1105.5091553
1105.0720215
1104.6651611
1104.2490234
1103.8096924
1103.3620605
1102.5079346
1101.5917969
1100.4570312
1098.3453369
1096.1044922
1095.3699951
1095.3822021
1094.8555908
1094.1549072
1093.6345215
1093.0465088
1092.5214844
1092.1573486
1091.9853516
1091.8624268
1092.0185547
1091.8321533
1091.3892822
1091.4302979
1091.6817627
1091.7772217
1091.5223389
1091.3048096
1091.0157471
1091.0518799
1090.446167
1089.7382812
1089.9674072
1089.9836426
1089.7562256
1089.2796631
1088.4916992
1086.7752686
1083.6695557
1081.4379883
1080.4416504
1079.713623
1079.4414062
1079.2144775
1078.9395752
1078.6552734
1078.3572998
1077.9295654
1077.3947754
1076.7197266
1076.0115967
1075.4980469
1074.9019775
1074.3061523
1073.8781738
1073.6774902
1072.3759766
1069.4527588
1066.2674561
1064.8215332
1064.0611572
1063.7266846
1063.3243408
1062.4068604
1061.9039307
1061.3195801
1060.1477051
1058.9978027
1057.9720459
1057.1745605
1056.0507812
1054.5880127
1053.4014893
1052.4581299
1051.8479004
1051.5003662
1051.3632812
1051.3078613
1051.4956055
1051.8256836
1052.4255371
1053.6411133
1055.2080078
1056.0758057
1056.3636475
1056.552002
1056.8608398
1057.0181885
1056.9228516
1056.9616699
1057.1616211
1057.3934326
1057.7595215
1057.4215088
1057.1424561
1057.0533447
1057.1317139
1057.3623047
1057.6525879
1057.5174561
1057.4455566
1057.4124756
1057.3225098
1057.2408447
1057.1574707
1057.0675049
1056.9406738
1056.78479
1056.5316162
1056.0734863
1056.0881348
1056.1387939
1055.9443359
1055.8415527
1055.8983154
1055.4818115
1054.6320801
1054.137085
1053.6168213
1053.09021
1052.748291
1052.5838623
1052.0772705
1050.586792
1047.7952881
1045.4732666
1044.3572998
1043.5070801
1042.7816162
1042.4017334
1042.5180664
1042.6556396
1042.7886963
1042.8713379
1042.862793
1042.7099609
1042.4108887
1041.9699707
1040.9802246
1038.5906982
1035.4802246
1033.5898438
1032.7506104
1032.1091309
1031.5761719
1031.0319824
1030.5697021
1030.0706787
1029.5197754
1029.0424805
1028.6452637
1027.946167
1026.28479
1023.5602417
1021.7310181
1021.2512207
1021.0373535
1021.1125488
1021.3616943
1020.8734131
1020.5042114
1020.3408813
1020.2485962
1019.3429565
1018.4101562
1017.6022339
1015.9397583
1013.4849854
1011.2508545
1010.3061523
1009.8746948
1009.4043579
1008.8388672
1008.2679443
1006.9486694
1006.4733276
1006.4725342
1006.7164917
1007.1019897
1007.5655518
1007.632019
1007.5827637
1007.3934326
1007.3703003
1007.338562
1007.2955933
1007.2130737
1007.1121216
1006.9605103
1007.2450562
1007.1083984
1006.4387817
1005.9476929
1005.8817139
1005.5568237
1004.7681885
1004.0784302
1003.9990234
1003.8881226
1003.5233154
1002.9688721
