215.99331665
216.816604614
219.109634399
222.102996826
225.276321411
226.736877441
226.819335938
225.387069702
223.661590576
221.779327393
220.402740479
218.950759888
218.748382568
218.40536499
216.284194946
215.851089478
213.428756714
212.949981689
213.758895874
214.335830688
213.356445312
211.424179077
210.119476318
210.069854736
211.329467773
212.401260376
213.232467651
213.768661499
213.480056763
213.17527771
213.990982056
215.188903809
215.344909668
215.315963745
216.107299805
218.609283447
219.331924438
219.022399902
220.742538452
222.171707153
223.578598022
223.736816406
224.266708374
224.574325562
224.128372192
222.296096802
220.640319824
219.830108643
219.005462646
217.681564331
216.228927612
214.724380493
213.752349854
212.904815674
212.942672729
212.696304321
212.45135498
211.634078979
210.67124939
210.020095825
209.089447021
208.418151855
207.736999512
207.36126709
208.022613525
207.285675049
206.947113037
206.819213867
206.869857788
207.694366455
208.078781128
207.394775391
205.936477661
205.350219727
205.473770142
206.080551147
205.563796997
204.904464722
203.529541016
200.436676025
197.444824219
194.912399292
193.850112915
193.114624023
192.405349731
192.715530396
192.367874146
189.678070068
192.423324585
192.709121704
192.616592407
190.634384155
191.762695312
192.278488159
191.142990112
189.998840332
188.870895386
188.214172363
187.835739136
186.55380249
185.677932739
187.970291138
191.120315552
191.120071411
190.800476074
192.718292236
194.542297363
196.781188965
195.15852356
193.051635742
193.470565796
197.098373413
196.659469604
195.579864502
195.971130371
197.170028687
198.345535278
195.522705078
193.015853882
188.237533569
185.51449585
184.044052124
183.610076904
182.570236206
182.498001099
184.903167725
187.040206909
189.053924561
189.422332764
188.763290405
187.590148926
187.791870117
188.188537598
188.788345337
189.858383179
191.554519653
193.365280151
194.445373535
194.89503479
194.223526001
191.603317261
191.845932007
192.896316528
195.501876831
197.40234375
197.877410889
197.890350342
197.253555298
196.441436768
196.52986145
197.769302368
198.929672241
200.074066162
201.248306274
202.204467773
203.314758301
203.502761841
203.787887573
203.251052856
201.446258545
201.359313965
204.194580078
204.512512207
204.186676025
204.793777466
204.913787842
204.057418823
203.099533081
201.94392395
204.159317017
204.06086731
199.301330566
195.820343018
194.361984253
192.407150269
193.299987793
193.639083862
193.490615845
192.748245239
192.404876709
193.65296936
193.365280151
193.176605225
193.045028687
193.019683838
193.054351807
192.763458252
192.397018433
191.443695068
191.214477539
191.354400635
191.669998169
191.273864746
192.160812378
192.352249146
192.581848145
192.088699341
191.878738403
191.261672974
190.526855469
190.051559448
189.318191528
188.727386475
188.113265991
186.998123169
186.523925781
186.079330444
185.826095581
185.427932739
184.941680908
184.694396973
184.472381592
184.046356201
183.753540039
183.57321167
183.414825439
183.346954346
183.347015381
183.678741455
182.257293701
183.211486816
183.14604187
183.056549072
183.061676025
183.174331665
183.524856567
183.86265564
184.21647644
184.52432251
184.825454712
185.162902832
185.44229126
185.550094604
185.433898926
185.495910645
185.657821655
185.814453125
185.95123291
186.043884277
186.137878418
186.222167969
186.287536621
186.321060181
186.229507446
186.119430542
186.214004517
186.173095703
186.072509766
186.23979187
186.175354004
187.793518066
186.998855591
187.916397095
188.946838379
190.618118286
191.559783936
193.017211914
192.787475586
191.945892334
192.925720215
194.47618103
195.439224243
194.962982178
192.366531372
192.606719971
190.935913086
191.301437378
192.0859375
188.986938477
190.610824585
192.957702637
195.011367798
196.040893555
195.077056885
195.528701782
195.933135986
195.166397095
195.347869873
195.123001099
194.032348633
195.382049561
196.509246826
198.539596558
199.813247681
198.771682739
196.936828613
194.396438599
192.390594482
190.231613159
190.934112549
192.280899048
192.888977051
193.878829956
194.776016235
195.34475708
195.487121582
194.708114624
193.033859253
191.846099854
192.343765259
194.727874756
195.774673462
196.227218628
197.291488647
198.447494507
199.393707275
200.832351685
201.018371582
202.497512817
202.378631592
206.076156616
205.309036255
204.751037598
204.837814331
203.662612915
203.393707275
204.614700317
207.839096069
207.24786377
207.602874756
206.310592651
207.379821777
207.8618927
208.941253662
211.013198853
213.522781372
213.917129517
212.739227295
213.741989136
207.822555542
205.647857666
205.021316528
203.828948975
204.330993652
204.530807495
205.041656494
205.945556641
205.333709717
202.883346558
201.354354858
205.311553955
207.175140381
207.365127563
204.980728149
203.027053833
201.585952759
203.395431519
205.062713623
203.372573853
204.853607178
202.114028931
204.47265625
203.573928833
204.462265015
204.662414551
204.026855469
204.760955811
204.665161133
207.414306641
210.634475708
212.972717285
220.474716187
221.45980835
219.401672363
219.011993408
219.393920898
222.969665527
226.395172119
229.636016846
231.324829102
234.206298828
236.209564209
236.527069092
231.826202393
231.476821899
231.859527588
231.835678101
231.943222046
230.057647705
225.240753174
228.914428711
225.718322754
223.129837036
222.43862915
222.56199646
216.027893066
212.166900635
207.571792603
208.265304565
208.956069946
213.422927856
215.797424316
214.514343262
213.757293701
212.8724823
213.645706177
211.147842407
209.213043213
210.537994385
211.854782104
213.770584106
216.41583252
216.807174683
215.014434814
218.526947021
219.911437988
219.472564697
219.237472534
216.820571899
215.514297485
215.456878662
214.199630737
217.690856934
218.446121216
219.504501343
221.783248901
229.016662598
233.207015991
221.38482666
226.621688843
221.693359375
226.486343384
213.671569824
210.054473877
210.871231079
214.39201355
221.328491211
225.295669556
229.366485596
228.181671143
235.249588013
240.675354004
243.518951416
235.029663086
225.428039551
226.798202515
224.546203613
221.264785767
216.81288147
219.135391235
217.608276367
220.612945557
220.638702393
222.304702759
223.317321777
223.804229736
225.591644287
223.055023193
220.25718689
221.388000488
219.432098389
217.706756592
212.504211426
211.287338257
206.491775513
204.140396118
200.518173218
198.266708374
198.328964233
198.29524231
198.283554077
197.82649231
203.218048096
209.535064697
209.231307983
204.58454895
201.550262451
201.304046631
201.26751709
203.491622925
207.85925293
203.771774292
202.801528931
201.342193604
200.924087524
199.66595459
199.117416382
198.268249512
198.573745728
198.658660889
198.422042847
199.400482178
201.730926514
204.885177612
207.215560913
209.187927246
208.923751831
210.501861572
213.989151001
216.458435059
219.334671021
218.119720459
220.892196655
223.495605469
223.470046997
225.39175415
224.336029053
223.969482422
222.325790405
220.352676392
225.650024414
226.027938843
227.447280884
228.949768066
229.128875732
230.24508667
231.945480347
233.528594971
234.893463135
236.783004761
237.993209839
237.157363892
235.409835815
233.963241577
232.500213623
231.476196289
230.788482666
229.075805664
226.653610229
227.017227173
225.422592163
224.872695923
224.193466187
223.063339233
221.644088745
220.898223877
221.013656616
218.525100708
217.226928711
213.732452393
213.927383423
217.27784729
219.062973022
219.519973755
219.233932495
216.622146606
212.8097229
209.639038086
206.250564575
204.155441284
203.412368774
204.713485718
204.925003052
204.522323608
206.51953125
206.674087524
205.300415039
207.2109375
205.130126953
192.551574707
199.173950195
199.852676392
198.240234375
198.233581543
198.233108521
198.23916626
198.23979187
198.228713989
198.240570068
195.776931763
198.112564087
198.254165649
198.242034912
198.245895386
198.245513916
198.588394165
198.106185913
198.400588989
198.242965698
198.24508667
198.241317749
198.244796753
198.251113892
198.399795532
198.218734741
197.769042969
198.240066528
198.237060547
198.237594604
198.236038208
198.236038208
198.236038208
198.236038208
198.433074951
198.309616089
200.390792847
201.149841309
201.643539429
203.129745483
204.218429565
206.685897827
207.126724243
208.638320923
210.304199219
211.082183838
211.846618652
213.470153809
215.940582275
219.398635864
221.381225586
225.297439575
225.293899536
224.13444519
223.445983887
220.898864746
222.195739746
220.711456299
220.422103882
217.981216431
214.014678955
213.773376465
215.680755615
216.499908447
215.645843506
212.606399536
210.780059814
214.326873779
216.034790039
218.781478882
217.270736694
216.069763184
215.875106812
215.796325684
213.165893555
212.209976196
211.946487427
211.2840271
210.17098999
210.808166504
212.610290527
214.335205078
215.436584473
216.234207153
219.028274536
221.479095459
223.595001221
226.185791016
228.344802856
229.307189941
228.342910767
228.376342773
229.277404785
229.470397949
229.137176514
228.997146606
230.840118408
232.697738647
235.478851318
237.146347046
238.539169312
239.308105469
239.951904297
239.166091919
237.148147583
232.665374756
228.772109985
226.586425781
227.73085022
231.684371948
232.437683105
234.469787598
235.451431274
234.449966431
231.578567505
227.580368042
222.305465698
225.76322937
226.649612427
225.541778564
224.088302612
220.213668823
215.229766846
211.034332275
207.692886353
207.53527832
207.53213501
208.663192749
210.924575806
213.330444336
215.936416626
218.685562134
220.35496521
222.8828125
223.569000244
224.098800659
223.070175171
221.857727051
220.043914795
218.667526245
218.431686401
219.674636841
220.585372925
221.242156982
222.294509888
222.676101685
221.844100952
222.11138916
220.407119751
218.231567383
216.428573608
213.740142822
213.974151611
212.978103638
212.690368652
210.556686401
210.459686279
210.350189209
208.878601074
207.386260986
207.373458862
207.390884399
207.67175293
207.557723999
207.393692017
207.341537476
207.028366089
207.293334961
207.382095337
207.562469482
207.388656616
207.400726318
208.242263794
209.568496704
210.308563232
210.646209717
211.061248779
211.440750122
211.912902832
212.229125977
212.625411987
213.011962891
213.460784912
213.582077026
213.837966919
214.031784058
214.037261963
214.250427246
214.461959839
214.260696411
213.984008789
213.729293823
213.533279419
213.443481445
213.417495728
213.322357178
213.06640625
212.730194092
212.928192139
213.155151367
213.544540405
214.030029297
213.802352905
214.307098389
214.571166992
214.740844727
214.706359863
214.265319824
214.014816284
214.279937744
213.906082153
213.919906616
214.265319824
214.740814209
215.283874512
215.574584961
215.735412598
215.903335571
216.033493042
216.113861084
216.326705933
216.579025269
216.592971802
215.61579895
214.018203735
213.204925537
211.321350098
211.276779175
211.311584473
210.92350769
210.824447632
209.325897217
213.505889893
213.980300903
214.417434692
214.522567749
215.390274048
216.25289917
216.547409058
216.498382568
215.512527466
215.878112793
216.404403687
217.42276001
218.735092163
219.455627441
219.921676636
220.407012939
220.234619141
218.791976929
217.381057739
216.570709229
217.728256226
219.105682373
219.773803711
220.275360107
220.307601929
220.300735474
220.152511597
219.705474854
217.674118042
216.173019409
214.886047363
213.534347534
214.031539917
215.464538574
214.302139282
213.444976807
213.859054565
216.017333984
217.321578979
218.502182007
218.908126831
219.546417236
221.153991699
222.357208252
222.057312012
220.181182861
216.161743164
218.321578979
214.453903198
213.791320801
213.370193481
213.478134155
213.505661011
213.547164917
213.644943237
214.265029907
215.748748779
216.541641235
216.541137695
216.721389771
219.596618652
219.8931427
222.644058228
222.600265503
224.366531372
225.34967041
225.457778931
225.276657104
225.703598022
226.463653564
227.551208496
228.668167114
229.101593018
230.276062012
231.156600952
231.794403076
231.802780151
232.784622192
231.973068237
234.879547119
235.208435059
237.357070923
237.709457397
237.817016602
237.890396118
237.832519531
238.018615723
239.934158325
240.65852356
240.73387146
239.72114563
239.243972778
240.118362427
240.442398071
240.470306396
239.107574463
239.724700928
239.19770813
238.004562378
235.585083008
235.575515747
237.907577515
238.448638916
238.192703247
240.927627563
240.9324646
241.04258728
241.662826538
241.66204834
241.09803772
241.092834473
240.971878052
240.074615479
237.977005005
237.88192749
237.879119873
237.896514893
237.982940674
238.130783081
240.013427734
239.827865601
237.61680603
236.314346313
233.14352417
230.835510254
227.790374756
226.457977295
226.932403564
225.901428223
225.270584106
225.439651489
225.896179199
225.79510498
226.020874023
225.262619019
216.575042725
218.249710083
218.791107178
218.90536499
220.126022339
220.326599121
221.065048218
222.625869751
225.657363892
225.989822388
226.624389648
227.706832886
226.694946289
223.961990356
221.810684204
220.621994019
220.039718628
219.392745972
221.59866333
224.504974365
227.81791687
230.975372314
231.510467529
231.10307312
230.601547241
229.675094604
228.099182129
225.668609619
221.958618164
220.109786987
219.402267456
219.346984863
219.334350586
219.50112915
219.403137207
219.11328125
219.505752563
219.746322632
219.275466919
219.34324646
219.722961426
220.541488647
221.793655396
223.218002319
225.530487061
227.591125488
228.933990479
228.839538574
225.691268921
226.628616333
226.591156006
226.191299438
225.868362427
225.41758728
226.117004395
228.269226074
231.05581665
234.757385254
239.888137817
244.572967529
241.536987305
239.598220825
238.255081177
237.380722046
236.734924316
236.867095947
238.280975342
241.794311523
246.385131836
244.690185547
237.849212646
231.944488525
229.112747192
227.051422119
224.877792358
225.702651978
227.259109497
230.964874268
232.382522583
228.408691406
227.198394775
227.082611084
226.49597168
225.681243896
224.09072876
224.086349487
224.08821106
224.094741821
224.093948364
224.066421509
224.01713562
223.941467285
223.873886108
223.811264038
223.753219604
223.696212769
223.640563965
223.587799072
223.530899048
223.470443726
223.404556274
223.33821106
223.284210205
223.253356934
223.245574951
223.144897461
222.889266968
222.05065918
221.051879883
219.950775146
219.386672974
219.069030762
218.97038269
219.015365601
219.092514038
219.208969116
219.526092529
220.065765381
220.726547241
221.432922363
221.934890747
222.289352417
222.408172607
222.436477661
222.425674438
222.391113281
222.355545044
222.329269409
222.320953369
222.341033936
222.382232666
222.446533203
222.527435303
222.617843628
222.717987061
222.867111206
223.0284729
223.198776245
223.333450317
223.435592651
223.507598877
223.528305054
223.515609741
223.477081299
223.407363892
223.326477051
223.238296509
223.143569946
223.043624878
222.932312012
222.792999268
222.561889648
222.243331909
221.804626465
221.364883423
221.019088745
220.832794189
221.005447388
221.359664917
221.884506226
222.371871948
222.751159668
223.017333984
223.278900146
223.669143677
224.180114746
224.828720093
225.327606201
225.695083618
225.780471802
225.834487915
225.869186401
225.907852173
225.949905396
225.993804932
226.039855957
226.086975098
226.135696411
226.187805176
226.242797852
226.298324585
226.355545044
226.415420532
226.47454834
226.532104492
226.580047607
226.623199463
226.661636353
226.700393677
226.740356445
226.781463623
226.824417114
226.864074707
226.899505615
226.921707153
226.939605713
226.956558228
226.981491089
227.023010254
227.076522827
227.144683838
227.222976685
227.305862427
227.391662598
227.475891113
227.560165405
227.64515686
227.73147583
227.816970825
227.900863647
227.980209351
228.054901123
228.124694824
228.198471069
228.274093628
228.351638794
228.432632446
228.521972656
228.618713379
228.725662231
228.833053589
228.939880371
229.042861938
229.142333984
229.238540649
229.329025269
229.413131714
229.491912842
229.562789917
229.612487793
229.646560669
229.660614014
229.662017822
229.6612854
229.659988403
229.672103882
229.69090271
229.716369629
229.749542236
229.785263062
229.823120117
229.858688354
229.889389038
229.915985107
229.937194824
229.957992554
229.97958374
230.005905151
229.836502075
229.623306274
229.409408569
229.197036743
228.984771729
228.801574707
228.684387207
228.634719849
228.6302948
228.652481079
228.770355225
228.993896484
229.27281189
229.576431274
229.890533447
230.212234497
230.538757324
230.860610962
231.152557373
231.41418457
231.638336182
231.807861328
231.910446167
231.97505188
232.02671814
232.077865601
232.1328125
232.192184448
232.252822876
232.30871582
232.353256226
232.38230896
232.395401001
232.393920898
232.398406982
232.451339722
232.501419067
232.548309326
232.590560913
232.632507324
232.673278809
232.712524414
232.744918823
232.772491455
232.795166016
232.808425903
232.81729126
232.822387695
232.826507568
232.83430481
232.845458984
232.862548828
232.882705688
232.905380249
232.932250977
232.957489014
232.980819702
233.000579834
233.028884888
233.062026978
233.100631714
233.139251709
233.177017212
233.213348389
233.25453186
233.300140381
233.350784302
233.407592773
233.466461182
233.527877808
233.592422485
233.654022217
233.712860107
233.769485474
233.824127197
233.876266479
233.924667358
233.966369629
234.003204346
234.040283203
234.081542969
234.128112793
234.179077148
234.23789978
234.304229736
234.37461853
