524.2802124
524.3863525
524.2700195
524.0340576
521.3753052
518.8549194
517.4003296
519.7314453
520.934021
520.4971313
519.663269
518.296936
516.1918335
515.6452637
515.2866211
515.4464722
515.8574829
516.0916748
516.2199097
517.1390381
517.859436
519.1887817
520.7608643
521.8208618
522.6871338
523.2094727
522.7612305
522.3388672
522.0437622
521.7682495
521.8928223
522.145874
522.4497681
522.3491821
522.4194336
522.583374
522.9365234
523.4067993
524.0272827
525.0115356
526.6151733
528.4901733
528.8236694
529.2584839
529.4639282
530.1106567
532.4713745
533.7004395
534.2667847
534.864563
535.380249
535.8184204
535.9572754
535.7942505
535.3257446
533.7392578
530.9717407
529.3970337
528.9515381
526.7102661
524.0556641
522.7550659
522.8493652
522.1379395
520.7923584
519.9086914
521.8867798
523.5504761
525.513916
527.7914429
528.6540527
528.7905273
528.6729736
528.0378418
527.6148682
526.1033936
524.2769775
523.081604
523.5415039
524.0725708
525.3822021
527.0864868
528.2137451
529.0401611
529.9710083
531.071167
533.4196167
534.0641479
534.9884033
534.7703247
534.5256958
533.5930176
531.9673462
532.2562866
532.4156494
532.5488281
532.3494873
532.0454102
532.0952759
531.7315674
527.3606567
525.4857788
524.9371338
524.5985718
523.9882812
519.0773315
518.6207886
518.3569336
517.0949097
518.8361206
518.6439819
518.6749878
517.993103
519.7276611
525.0648804
530.3800049
530.8294678
531.6740112
532.940979
534.9589844
535.6685181
536.3265381
537.4267578
536.0683594
533.1292114
530.4879761
533.9006348
534.9060669
534.9945679
534.590271
534.6341553
536.0883179
538.1938477
537.057312
536.510376
537.6173706
540.4785156
542.8776245
544.104187
544.3930664
544.7480469
546.7840576
549.2926025
552.6342163
553.3568115
553.2277222
553.3880005
553.0830688
553.9805298
556.196167
555.2802734
555.0289307
555.4786987
555.7463989
556.6779175
556.1763306
556.6890869
557.6582642
556.932312
556.3151245
555.8890381
555.5054932
555.3132324
555.2409058
555.8516235
556.8301392
556.0058594
554.9822998
555.5144043
555.2384644
555.2487183
555.8130493
554.4747314
554.6254272
553.3740845
550.5238647
549.4519043
549.1617432
549.2280273
549.0405273
548.9501343
546.4848022
544.0799561
543.7693481
544.2363892
543.8060303
542.9658203
542.5605469
542.4631958
542.4317017
541.3387451
539.2780762
542.2925415
540.2312622
538.2221069
540.9783325
542.7068481
543.5184326
543.7373047
544.1036377
544.9985352
545.7158203
545.3284302
544.7866211
544.3140869
542.4106445
543.4553833
545.1276855
546.480957
546.3776245
546.2959595
546.7512207
546.8944702
545.7371826
543.8156128
542.5581665
542.680481
542.5386353
542.3953247
542.4176636
545.374939
548.8439941
549.4064941
549.0271606
551.3347168
545.013855
550.4044189
556.84729
559.7225952
560.0834961
559.4486084
558.7561035
562.2313843
561.0983276
555.0324707
552.8153076
556.8352661
563.5405884
567.678894
569.5574341
570.163269
570.4990234
570.637207
574.0773926
575.8347168
575.5626831
575.6494141
574.3707886
573.6304932
572.6082153
568.4365845
568.7175903
570.2446289
571.9916992
573.2685547
574.5072021
575.9384766
579.1751099
580.6957397
581.1171265
585.3574829
586.8185425
588.4009399
589.8286133
592.6369629
593.295166
592.7758179
592.7514038
592.4348755
592.5884399
592.5807495
592.5669556
592.4512329
591.9794312
591.348877
586.2736816
586.3029785
586.1255493
585.7261353
585.4994507
581.8261108
580.9099121
580.480835
579.3251343
579.2228394
580.3737793
582.5072632
581.3896484
581.7581787
582.600769
582.0253296
580.5048218
576.9993896
576.2475586
574.6765137
572.3413696
568.9064941
568.8427124
565.6032715
562.5169678
560.9734497
558.0557251
557.4394531
556.4212646
555.1194458
553.6998901
553.2536621
552.8929443
552.7652588
551.9747925
551.4145508
550.786499
549.0098877
548.5803833
547.6708374
547.2072754
547.3551636
547.9157104
550.892334
551.572937
552.3392944
552.5888062
551.5556641
548.9315796
548.3384399
548.2001953
546.3134155
545.1560669
545.6154175
546.6647339
542.5097046
541.9524536
539.4876709
539.460144
536.6444092
534.2124634
533.6917725
532.9802246
531.5366211
531.7710571
533.1097412
533.8087769
533.7895508
533.751709
533.6380005
536.956665
539.5622559
539.5966797
539.3599243
539.8305664
539.1119385
535.5525513
534.9316406
534.7282715
534.1332397
533.1053467
532.12323
530.4993896
528.6682739
528.2587891
527.6740723
527.5718994
527.340332
526.3153076
522.4170532
522.0588989
522.0358276
521.6415405
520.7557983
517.1439819
515.6941528
514.281311
512.9271851
510.5052795
512.0350952
514.0927124
514.9967651
515.2669067
515.1849976
514.0612183
514.5147705
514.7304077
514.914917
515.3683472
515.3206177
515.7648315
516.31427
519.3120728
520.2630615
520.1359253
517.7027588
516.9794922
516.5413208
516.9894409
516.1903687
513.0548706
507.9832764
506.3044434
507.1344299
509.2723999
509.5970154
509.7235718
509.8764648
510.1463013
509.5780945
509.7617188
509.460907
504.722168
504.3606873
503.76828
502.2365723
498.8981018
498.0069275
495.7814331
491.9948425
491.2347412
486.7180481
483.9932861
482.643219
480.7566223
480.1989441
479.7814636
478.8821716
476.4898376
477.2907104
478.4791565
479.0214233
476.6976929
474.4664917
472.9957581
471.9825745
471.0734863
467.9927673
468.4595337
471.6104126
472.2393494
472.4457397
471.4936829
471.9712219
471.945343
471.9123535
471.625824
471.2435303
471.0054626
469.1564026
465.9122009
465.5246277
464.7047424
460.1289978
459.1326599
456.4782104
454.2265015
453.1639709
449.1721497
448.4628296
443.7242432
442.2628479
441.440918
438.5563965
435.2089539
435.2723999
436.6503296
437.0795898
437.0761414
436.9965515
436.8128967
436.884491
436.4750061
435.183075
433.8363037
441.3872681
443.1239319
443.2472839
443.6835327
443.6801758
443.782074
443.2511902
442.5241699
441.9753418
441.2238159
440.8507385
439.3053589
436.4537659
436.112915
435.5360413
431.2218323
429.385376
427.4469604
423.3346252
421.540802
418.3734741
415.6598816
412.8002625
410.2965088
407.5322876
405.5668945
405.7861328
402.1142883
401.0447388
400.1976013
395.8135986
394.6920471
395.1806641
395.3825684
395.4208679
394.8791809
395.0968628
394.3000488
393.5812988
393.5922546
393.3657532
394.243042
394.5229797
394.7724915
394.00177
390.8478394
390.0637207
390.0584106
390.0617676
390.0665894
389.475647
388.7625122
388.0942383
389.3320312
389.0564575
388.0242004
387.2977295
386.6178589
385.9346008
385.4511108
385.2776794
385.0813599
384.7737732
384.6686707
384.8209839
385.2304382
385.5631409
385.5539551
385.6559143
385.7512817
386.2045593
387.3410034
388.0936584
389.0412292
388.8079224
387.0231934
385.3920593
383.9344482
385.5667725
387.5188293
389.136322
388.3238525
388.2744446
388.2808838
388.3262634
388.9203796
385.9421387
384.4605408
384.0260315
383.8711853
385.6902771
385.0586548
383.6272888
382.7521362
381.4487915
380.9700012
380.9700012
380.9700012
381.146698
381.7914734
382.0635376
381.5248108
380.9700012
380.9700623
381.0545044
381.385498
384.3854675
384.5693665
384.5731201
384.5262146
383.9377136
382.071991
381.924408
381.9385986
381.5827332
380.0076904
378.2836609
377.866333
379.7674866
382.4299316
383.0213928
382.8065186
383.0111694
383.1605835
383.1437073
383.2523804
383.5348816
383.6884155
383.6911621
383.6820374
383.2601624
381.7850342
381.5343018
381.0920715
380.3130798
378.1329651
377.8475647
377.8699341
377.8699341
377.8981018
377.8710327
377.9759827
382.6646118
383.3270874
383.6802368
384.2716064
384.7009583
378.4194641
377.9093018
377.8764954
378.8606873
382.558197
381.9161987
377.6046143
376.8925171
376.5173645
376.5061646
376.7454834
376.4519653
376.6493835
376.5456848
376.994751
377.0547485
376.3700562
376.3699951
376.3699951
376.3699951
376.3699951
376.6027527
376.8738098
376.1793213
377.8484802
377.7662354
378.25177
377.8050842
377.8145447
377.8338623
377.7991333
381.0037231
382.9284668
383.4750977
378.3505859
374.8239441
376.4205933
375.5085754
375.4315796
377.8406067
378.964386
378.0608521
377.9246521
376.665741
374.0753784
371.9438171
371.7484741
371.767334
371.7575378
371.7631226
371.76474
371.7376099
371.7174072
371.9212952
371.7898865
371.7752991
371.9396973
372.6365967
377.0760803
382.4909363
382.0766907
381.650116
385.3295593
388.5744019
387.6389465
387.4740295
383.516571
382.8068848
377.9490356
377.8327942
377.8351135
377.8414001
377.8417969
375.76651
375.4257507
375.5119934
376.3309326
373.6690369
371.8534546
371.8601379
370.878479
370.210968
370.6882019
372.7295532
373.9460144
371.7842712
372.726532
374.4701843
374.585022
374.6959534
374.428009
374.1326294
373.4480591
372.8475342
366.8128052
369.1416016
371.8591614
372.3939209
372.7078857
372.976593
372.7680664
371.8752747
371.7442322
371.741333
370.7894897
371.0353699
369.709198
369.7377319
370.9095154
370.8527527
370.7349548
370.6271362
369.6454773
366.7337646
369.9798889
369.9471436
369.9987488
370.0733032
370.6789551
370.5770264
367.3083801
366.3143921
369.7929993
370.0401306
370.2747498
374.8731384
377.4276123
379.0951233
378.0639038
378.2055969
378.1874084
379.4063721
377.6825256
377.2146912
380.5592041
382.3140564
382.4587097
381.6776733
382.1543884
382.9630127
382.40979
382.9068604
382.8557739
383.0271301
382.5846252
380.4827576
377.2361145
371.7317505
381.4693298
382.8450623
387.4598999
389.2302246
388.3813782
388.610199
389.6501465
394.1961365
394.5097046
394.5068054
396.8979492
396.9858398
396.2482605
394.6261902
393.8976135
395.4423523
399.9931641
398.333374
395.4389648
394.1931763
388.5993042
381.8111877
385.2282104
389.1921082
393.1344604
395.4176025
398.2922668
399.1138
398.7335205
402.3647766
403.3032532
405.239502
407.0272217
406.8912048
406.572998
409.9650879
410.2242432
406.4597168
406.6639404
405.4582825
402.1291504
404.9262085
406.7453613
407.4353943
406.0146179
403.4590149
403.3139954
402.232605
399.6509399
398.4871826
394.6819153
391.4732361
386.1651611
381.6159973
380.4809875
383.7154236
381.2757263
384.5325012
375.3638916
372.3008423
368.839386
367.3828735
357.5915222
355.441925
355.3885803
367.0961609
375.1019287
376.7896118
384.2045593
386.0170593
384.2249146
381.4947205
379.0557556
382.047821
383.2058105
382.5844727
381.0127563
380.6625366
381.831665
382.6459961
382.3426208
382.3391113
382.3391113
382.4454651
382.8120422
382.940979
383.6034241
384.7649841
385.550415
387.540741
388.1879272
389.3679504
390.7528381
390.8795471
391.2934265
396.3039246
398.5981445
401.1524353
398.2653503
396.8078918
394.0783081
394.5702209
397.5133972
398.024231
397.6518555
396.3077698
396.173584
395.9718018
391.7823792
390.1514282
389.2735596
382.4512634
377.3174744
377.8730774
384.212616
389.7390747
394.3590088
397.2316589
396.9394531
393.3512268
388.2028503
389.2955322
394.1151123
395.6424255
398.381897
397.6763611
396.8516541
395.3733826
393.6798401
392.4811401
392.1628723
391.7887878
390.7997742
389.2108459
388.0754089
387.6148376
386.7971497
385.1664734
383.119873
379.8163757
382.9281921
383.2270813
382.914093
383.1781616
383.9633179
384.0054626
384.9357605
386.4130249
387.0389099
389.2602844
392.5942993
394.6129456
390.4057617
386.9243469
386.1496277
388.2809448
390.4156799
383.8942261
377.4205627
376.8757629
383.6561279
385.7005005
385.0857849
384.0995483
377.6887207
381.4534302
384.4029846
384.3146667
382.3630676
378.6400146
373.4841919
379.0991821
383.1372681
382.799408
373.3247986
371.7094116
376.8045349
374.5992126
364.0487976
370.9956665
377.1148987
377.3094177
376.5264587
373.2661133
371.3804932
368.472168
367.0263062
368.473877
371.186554
371.509613
370.050354
368.1978455
367.6106873
368.1857605
370.8457336
376.4143372
380.202179
382.2286377
382.8184814
383.414856
391.8600464
396.6734924
392.0730286
390.8468323
390.6201477
394.6923828
394.8658142
391.1496582
390.4291077
393.0404968
395.9567566
397.2098694
385.7119751
372.3171692
377.4684448
383.0376587
377.4530029
372.6069031
366.135437
359.5613403
352.3833618
359.4332886
363.4649658
366.507019
369.2698975
372.3017273
374.5843506
375.2881775
370.6301575
370.5348816
373.1784363
376.7382507
378.0418701
381.7185364
377.2462463
385.423584
388.2710876
378.9389343
378.2422485
377.740387
385.3854675
383.4616089
378.4661255
384.5999146
392.3597107
391.8131409
396.002655
393.8636475
397.4815063
392.774353
388.8744507
389.701416
391.7012939
392.7436829
393.5979309
389.599762
386.5174255
381.8493958
374.5961914
361.3013611
352.0084839
350.7109985
360.914093
367.3060913
370.7246399
376.6102905
379.3067322
380.015686
377.7790222
377.4975281
376.016449
373.3120728
373.3967896
372.4520874
374.7305298
375.7236633
372.8429871
369.5581055
366.5752258
365.6385803
363.9472656
366.1713562
375.7221985
381.2882385
383.844696
384.3263245
378.5695496
375.4845581
371.5023499
370.2124023
369.8722229
370.1720886
370.7041931
370.7397766
370.8374939
370.8660889
370.5916748
371.2322693
372.4477844
374.5871582
376.380249
376.853363
379.2821045
380.9935608
382.5039673
382.6620789
382.5670776
382.4500427
382.2885437
383.3389587
387.7911072
388.9364014
389.3375549
389.8974304
389.9086609
390.0578613
386.41922
383.6282654
380.5298767
376.7814941
373.8897705
370.6184998
367.6012268
364.8309326
370.7690735
376.2796936
378.9528198
376.7301331
378.9108276
380.4750061
380.7446594
380.8500061
380.5440979
380.4013977
378.9697571
375.3956909
369.632782
367.8322144
364.0248108
367.9468994
374.9597473
376.8985291
378.0709839
380.8106079
383.0838013
383.9692688
382.1290894
382.1445007
383.9241028
381.4997864
376.6218262
374.7235718
379.1092224
381.0131226
377.7465515
374.3300171
373.5691833
376.8615723
378.1954651
380.529541
383.3041382
384.1100769
380.5900574
377.1430969
385.7795715
387.2101135
387.7084351
387.8283081
388.0653992
383.910614
390.0093689
397.0910339
397.2871704
394.705719
391.6405945
382.9334412
395.8061523
396.3518372
393.7324524
390.5331726
393.9670715
396.8806763
392.0077209
400.0856628
392.0212097
397.1889038
397.104187
399.8167114
396.3317566
386.8879395
394.1613159
393.040802
385.737915
381.968689
376.8721313
374.2693176
372.4735413
368.6830444
362.2537231
364.7090454
371.1774902
372.1657104
379.119751
383.3254089
390.1512756
389.710968
391.6291809
396.8247375
393.7857666
393.3774719
387.5419922
395.8255615
396.1834717
400.9894104
392.8841858
398.8303528
396.6625977
396.5209351
398.0717163
396.0319824
390.6676636
388.5869141
382.6321411
385.9612427
386.5122681
387.2162781
389.7408142
393.7098083
397.1711731
396.9967346
397.6449585
401.6765137
404.6508789
407.3875122
408.1463623
407.1961975
406.7601318
408.9800415
409.4607544
408.3907166
406.8872375
403.8067322
400.101593
390.8097534
389.0499268
389.0553284
391.434906
393.4776611
397.1761169
393.2550049
387.9000854
378.8463745
369.9544067
370.8988647
373.138031
368.3729248
366.0282898
367.0784607
372.2271729
377.3088989
383.1897278
381.901825
371.836792
368.558136
375.0792236
381.1937866
388.3190613
393.7817383
393.3121338
391.7297668
389.8011169
389.5988159
391.8816223
395.2355347
395.2796631
394.2411194
394.5900879
392.2899475
389.4940796
385.075531
381.5270081
377.3299561
374.538147
379.2226868
380.9802856
378.5327759
375.0420837
370.0049744
371.8259583
375.1557922
376.1980896
376.9243469
376.5560303
377.421875
382.4820557
384.8259583
389.9024353
391.2037048
391.3552551
391.3261719
393.9077148
397.4171143
398.4390869
400.0900269
402.0342407
404.4405823
407.7167358
409.381897
408.096283
415.4052429
417.4185486
420.7398071
423.4654236
421.6286926
422.4794006
416.5598755
412.0606079
407.5523987
404.8244019
403.6738586
402.997467
401.1529846
397.8635559
393.7012329
390.7360535
388.8796082
391.4471436
389.408783
390.0456238
398.8339844
398.4351196
394.7731018
397.2852478
402.4974976
406.1010132
409.0010071
407.9831543
408.0472717
413.8269043
417.2792358
422.7156067
424.4221191
424.6821594
417.9156189
415.6407776
408.0722046
416.1105347
405.6313782
400.3430481
397.3300476
399.0565491
399.8550415
407.0163574
412.8007812
418.0972595
422.9972839
423.0593567
419.9937744
419.1135559
420.2359924
418.6194763
416.057251
420.0027771
421.579834
420.8563232
418.854126
413.6752014
413.6384888
414.1640015
413.3239136
411.7315979
409.4967957
409.0336304
406.7495422
403.8589478
403.9188232
402.2966309
401.6473389
399.0168762
395.6170959
391.513855
388.2674255
383.9560547
380.8011169
379.1504822
380.032135
382.0665588
385.7668457
386.1224365
385.6413574
386.0264893
384.7214966
384.2549133
383.6789246
377.1257019
375.912262
373.4289246
369.2259521
371.8795166
376.3490906
379.4258118
381.2449646
383.1276855
386.4078979
388.7200317
389.4543457
389.2452393
390.9303589
391.0511169
389.9505615
388.3240662
388.6453247
389.1305542
389.7977905
390.0337219
389.9243774
384.7938232
383.32724
382.740509
381.7643433
381.7089539
380.5422974
378.3305054
377.249176
376.2369995
374.1546631
372.539856
371.8953247
373.6033936
378.2428589
383.7615662
387.7807007
387.3257141
383.421936
381.7639771
380.6426697
378.9310303
376.8280029
373.9312439
369.7108459
365.1981201
364.288208
363.1598206
361.5229187
362.1112976
364.8015137
366.1108704
367.6322937
369.0782166
368.7839661
369.535675
371.2545471
371.684967
371.6759338
377.050354
378.281189
380.7646484
380.9898682
383.6870422
385.3959961
386.9289246
390.4769592
393.0157471
395.0628967
400.3878479
403.95578
402.0427246
404.544342
409.6654053
406.1390381
416.01297
415.5940247
410.6864929
410.5269165
406.4558105
415.3421631
410.9824219
414.9049988
414.7007751
407.4187622
406.5974731
406.2837524
420.9815674
415.7279358
407.0350647
416.2750244
419.6391602
420.8283691
426.4397278
421.7389832
432.1734619
426.8401794
428.3220215
425.5823059
424.0127869
424.33078
419.5480652
419.7370911
414.4151001
414.205658
415.9618835
413.0066528
407.690918
399.729126
401.922699
405.4809265
408.3849792
411.3348083
412.3629761
414.6265564
412.9672546
413.8201294
413.934082
416.6762695
424.0310974
423.8996277
424.852417
424.8829956
421.710022
430.8637085
427.736145
433.4342041
438.8532104
439.6687012
429.20578
428.9300232
424.4546204
431.4632263
420.75
426.572937
420.0082092
422.7453308
429.5019226
424.1040344
426.1936035
427.5642395
430.2153015
430.6646729
430.9231873
436.3512268
437.8231201
439.4159851
438.6731873
431.9577637
438.61026
440.6539307
433.3095703
434.9983826
446.5123291
445.0463867
441.3787231
439.2678528
439.6217346
440.7752686
430.5502014
425.9715881
433.1922913
432.634552
426.7185669
416.6579895
419.8572388
424.4431763
418.0690918
420.6949463
412.3898926
415.6977234
417.1826782
413.5780029
411.8225098
411.5174561
412.4327393
414.2765198
424.4649658
419.8896484
412.5304565
402.5053101
402.3713684
402.5335999
405.9334412
403.9726562
399.0639954
393.212677
394.8551331
397.5297241
398.0966187
398.7513428
397.977478
395.9637756
395.9768982
398.3180237
399.5617676
400.2584534
398.5999451
396.6652832
389.9704895
393.280304
392.5106812
389.8857117
384.2236023
383.3398438
382.5769958
380.0348816
376.9544373
375.0670471
373.0194092
371.1649475
369.7156677
368.9563904
371.1099548
373.4952698
375.0169373
377.6754456
377.953064
380.0055542
383.6186523
383.2419739
381.9517822
378.9071045
378.930481
377.9607544
382.3069153
383.7292786
383.6930237
380.9026489
377.6655884
378.4130859
383.4580078
383.3685913
382.5227661
379.2817688
378.8189087
377.8612976
380.1771851
380.3142395
379.7011108
379.4959106
382.7216492
380.9953918
377.4039001
377.5272827
377.3896179
376.4383545
373.6419373
372.5178528
371.660553
371.7789001
370.1778259
364.4429016
363.9337463
363.7668152
366.3800659
369.6567993
369.9000244
371.3964539
375.9658508
376.9793091
371.024353
370.7351074
370.5572205
370.3558655
368.3485107
365.8002319
361.1352844
359.5055542
356.6703491
354.2862854
354.2316895
355.3608704
356.9025879
358.7366028
360.2691956
360.6402283
362.3253174
362.8955078
363.2618713
362.6016235
362.5468445
362.7208252
362.4082336
359.7825012
358.3831177
358.1095276
358.5065613
356.7320251
353.4034119
351.8761597
348.8570251
346.9087219
342.7855835
340.5487671
338.6505127
337.9067688
341.3988342
340.4580994
337.0674744
334.6296692
332.1385803
330.6119385
330.4478149
329.64151
327.7956238
335.0158997
337.069397
337.6772766
338.718689
343.4368591
347.1981506
350.1871643
355.1159973
357.1754456
356.7436829
357.0686035
358.66922
357.0649414
355.0128784
350.2333069
345.829895
341.8085632
339.1526794
338.0580139
339.9780579
346.0791321
352.341095
360.6252747
369.6030884
371.2542725
352.8303223
339.1676025
345.9968567
352.7985229
352.0889282
352.6296082
356.2857056
356.4211121
355.2889404
358.4646912
352.7631226
352.2560425
355.1007385
357.912384
360.107666
355.4603577
347.9077148
346.0881958
346.4833069
347.4430237
348.1264954
335.704834
327.9969788
326.9559937
326.9559937
326.9559937
326.9559937
327.3577271
332.1143494
331.4161987
330.4537048
331.2478638
331.0648499
332.4691772
333.5106812
334.1185608
334.4795227
336.2124634
335.8349609
334.8327026
338.8115234
343.7095337
344.6283569
344.6055298
347.8904724
343.8543396
340.6017456
340.145752
347.6209717
351.0525818
352.3441772
357.0960388
365.1267395
358.9985657
346.4947815
337.7464294
326.9681091
329.1825867
335.8711853
344.7029419
347.2579041
345.190918
342.8919067
344.4971008
346.1486511
348.0212402
348.108429
350.6764832
347.4732971
349.5352478
349.759491
348.2661133
348.2312317
348.3791504
347.9167786
350.0150757
348.2052917
348.3052673
346.4023438
344.6222839
342.8754578
342.3336182
341.9202881
344.1240845
342.3551636
339.901825
337.2023621
334.5914917
336.4028931
341.0357971
340.9138794
337.6698914
338.6357727
339.0236206
338.512146
338.1625671
339.0260925
339.2773132
339.8856201
339.1031799
340.3249817
340.9528809
345.2338562
346.6296692
347.0307922
346.9403076
348.6692505
353.0329895
355.7046814
359.094635
359.3266296
358.6660156
359.070343
359.2427673
360.8141174
358.2436523
354.3898926
351.6035156
349.580719
348.2557983
349.7836914
352.0337219
352.7040405
353.290863
352.8570251
352.6715698
351.4230957
348.767395
348.2302551
351.6783752
352.5784912
353.4859619
354.0286865
352.6840515
350.9988708
350.5748901
347.698761
347.2155457
347.2769165
346.8682251
345.4200439
344.261322
342.8910522
341.9178467
341.4605103
343.1196899
345.0761414
345.5797729
343.9639893
344.2319031
343.1056824
342.694519
340.5397644
340.9794006
343.1720581
342.1986389
341.5407715
342.1249695
344.0513306
345.4503784
344.9180603
342.5680542
340.8874512
343.2480164
341.8288269
342.7242737
346.3486938
351.1900024
347.1242371
346.2318115
345.1992188
342.4240112
340.6174316
337.5928955
335.9108276
332.3397522
330.0024719
331.240448
330.7121582
329.046051
329.0436401
329.0475769
329.585083
329.0415344
329.1680908
331.5782471
333.2271118
334.8840027
334.8678894
334.120697
331.4280396
329.9049683
329.0832825
329.050354
329.0548401
329.9000244
332.649231
333.3494873
333.8443298
334.4125977
332.2149658
329.182373
330.3385925
332.9882202
329.0682068
335.6878052
340.3065796
340.8272095
328.2676697
339.7475586
342.4559021
335.3465881
339.3891296
340.7932739
327.8224792
328.8240356
331.039093
328.3817749
326.004303
342.2201538
346.1542664
341.2884521
331.0717163
326.2209167
342.03479
349.6708374
338.3417664
328.617218
346.5744324
348.0768127
348.1971741
347.3916321
347.8536377
343.2731323
339.9031067
335.0720825
333.393219
328.912384
327.6091919
327.3985901
328.6600342
332.0888367
335.9201355
332.3435059
328.7974243
327.2286072
327.1724854
327.5576477
333.6972656
343.1184692
343.2286072
339.5860291
335.2652283
327.6066895
330.6062012
333.2436523
334.5041199
333.7160034
334.401062
334.0419922
333.2292175
332.9038696
331.0409851
328.8869629
329.4777222
327.6348572
327.2880249
327.7497559
327.2064819
327.3190308
328.2132874
328.4877319
327.7052002
327.7341614
328.260437
328.1785278
327.6460571
327.676178
327.821228
327.7250366
327.3842773
327.4831543
327.5577087
326.9490051
326.9490051
326.9490051
327.3141785
328.983551
335.8522339
337.3346558
338.3338318
338.0933228
337.4830933
336.5677795
335.5305786
335.0583191
335.9641113
337.0869751
337.7545166
337.6467896
337.6531372
338.1791382
340.2243652
341.5993958
341.5436401
340.620636
343.3393555
346.6166992
351.1969604
343.2949829
341.6434631
339.1678467
334.283783
332.747467
339.3228149
342.5462341
343.9060974
344.8985291
345.625824
345.9854126
345.2824402
343.1133728
338.6812744
335.1091309
332.9584961
335.7495728
337.9804688
338.4112244
338.6020813
338.7840271
338.9663086
339.2383728
339.9859924
340.6144714
341.2579346
341.7268677
342.1273193
342.4212952
342.7272644
342.7791138
343.2473145
343.6271057
343.9920654
344.6542664
345.5115967
345.2478638
345.0085449
344.7790833
344.625885
344.9049377
347.2523499
348.0361328
348.9513245
349.5914612
349.3796387
348.8394165
347.8382874
347.4688416
348.57724
350.1043701
351.1676331
351.302002
350.7027283
349.5759888
348.2064209
347.1903992
346.762146
346.684967
346.4035339
345.5184937
344.504364
343.4612122
342.3699951
341.1070251
339.5901489
338.762085
337.8239441
336.8371277
336.0908813
335.8857422
336.4777832
337.4180298
337.9822693
338.21521
338.4671021
338.6643066
338.7572937
338.723053
338.7472534
338.76828
338.8490906
338.9195862
338.9760742
339.0442505
339.1120605
339.1756592
339.1946411
339.2957458
339.3773804
339.4924927
339.5701904
339.745575
339.8827209
340.0663147
340.2689514
340.4837036
340.5875244
340.7238464
340.8068848
340.7972107
340.8130188
340.8221436
340.8386841
341.0136719
341.2679138
341.3447571
341.3389282
341.365448
341.5675964
342.1334229
342.703186
343.1576843
343.5149841
343.82901
344.1715698
344.1467285
344.2978821
344.4711914
344.9834595
345.4857788
345.0861206
344.9393311
344.8910522
344.8564758
344.8713684
344.8166199
344.7660522
344.7337952
344.7261047
344.7340393
344.7822876
344.8017883
344.7795105
344.7773132
344.7547913
344.6000671
344.4407349
344.1728821
344.255127
344.408905
344.5542297
344.6494446
344.7657166
344.8618774
345.0305786
345.2018433
345.2900085
345.4497681
345.5489197
345.690094
345.7779846
345.9024658
345.9772644
346.0738831
346.2173767
346.2698975
346.2809143
346.4912415
347.0358276
347.6622009
348.552063
349.3497009
349.8269653
350.2726746
350.6527405
350.9953003
351.1867981
351.2481689
351.325592
351.2802734
351.4932861
351.7590332
351.8884888
352.1932068
352.4171448
352.5328369
352.8011169
353.0757751
353.3955994
353.5376587
353.5144653
353.5313416
353.4506531
353.3596497
353.2770996
353.2397156
353.1123047
352.7503052
352.5062866
352.1062927
351.975769
352.1269531
352.163269
352.3866577
352.6839905
352.9163818
353.2148743
353.4430237
353.4530029
353.4526672
353.3796997
353.084137
353.4571838
353.7631836
354.1837463
354.2256165
354.5273438
355.2102051
355.2599182
354.7608643
354.1331787
354.454834
354.554718
354.7799683
354.5202637
353.5521851
353.6813049
353.4515076
353.3160706
352.8551331
352.6265869
352.6894836
352.6674805
352.6854553
352.2628479
352.5278625
352.7011414
352.4412537
352.1859741
351.430542
350.4032288
349.9208984
349.4324646
350.0291748
350.8031311
351.4075012
351.5046387
351.2137146
351.4067688
351.3570862
352.3526917
352.8223267
352.7794189
352.9553223
352.1769714
351.428772
350.3411865
348.4845581
348.3288879
