347.364501953
347.298736572
346.182281494
344.67098999
344.33807373
344.055114746
345.919952393
348.663543701
351.29397583
352.859039307
353.70135498
353.029998779
351.159973145
349.128753662
348.928833008
350.124542236
349.961883545
349.759521484
348.659118652
348.422210693
347.813415527
347.904388428
347.855163574
346.97366333
345.668701172
345.845184326
346.4581604
346.950042725
345.357299805
344.967498779
342.901367188
341.817199707
340.776763916
339.666748047
338.509796143
336.704193115
331.225097656
327.629211426
326.294372559
327.330169678
330.398254395
333.918365479
337.117370605
339.471466064
340.883728027
343.598144531
345.75567627
347.108062744
347.223937988
350.22277832
351.162658691
351.619781494
350.599609375
350.283233643
350.465270996
349.439727783
349.52142334
349.023101807
347.633911133
346.346160889
346.116973877
346.472473145
345.62991333
345.751403809
344.747711182
343.236968994
343.413269043
343.355041504
344.186553955
344.460449219
344.173828125
344.976165771
345.226104736
345.500732422
345.133880615
344.544921875
344.079620361
343.489807129
342.92678833
341.711212158
342.870788574
341.30682373
341.492004395
340.514709473
340.882141113
340.802612305
341.584777832
342.827026367
343.432830811
343.973846436
344.277618408
343.015167236
342.598144531
341.890228271
341.390930176
341.291625977
340.822540283
341.276245117
341.648132324
342.152069092
341.998809814
341.19833374
340.569976807
340.12286377
339.620452881
338.754333496
338.524230957
337.674468994
337.899047852
337.394897461
337.687042236
338.989471436
338.601715088
338.228393555
337.871124268
338.021697998
337.793487549
337.568725586
337.096588135
336.465240479
334.957366943
334.363220215
332.598297119
330.654388428
329.79498291
328.413604736
326.555023193
325.454650879
324.831542969
325.647705078
325.917236328
327.555847168
329.239837646
330.833526611
331.903106689
332.830078125
333.565765381
334.550231934
336.01348877
336.571685791
337.105499268
338.364898682
339.162414551
339.922454834
339.81149292
339.289306641
338.271453857
335.929931641
334.540313721
333.152282715
331.870422363
330.909881592
331.655548096
334.142059326
337.152770996
340.163116455
342.522674561
343.41003418
344.374511719
343.114837646
342.789611816
342.484619141
342.085174561
342.106842041
346.320251465
344.50088501
323.534515381
329.376434326
331.521453857
320.083099365
312.696350098
310.725189209
308.543670654
302.246459961
294.470489502
289.116546631
282.950866699
272.469970703
274.011810303
273.698425293
272.353851318
271.238464355
269.325439453
268.375396729
262.976715088
266.36328125
268.483093262
268.958435059
269.51739502
269.418182373
269.685638428
271.485290527
273.468414307
274.704650879
275.930328369
277.108062744
276.615203857
278.838867188
282.300720215
285.124816895
288.780853271
288.913574219
288.25692749
286.795074463
287.653289795
289.87322998
289.098114014
286.596130371
282.730194092
281.950134277
280.680023193
280.686279297
280.672729492
280.681793213
280.689971924
281.134857178
282.277740479
283.603912354
284.665740967
286.156829834
288.381072998
289.240600586
289.908508301
289.78527832
290.989013672
291.220275879
290.563934326
291.689178467
293.42880249
297.613891602
300.844726562
306.02154541
309.286254883
308.793395996
305.788360596
308.287109375
308.144104004
308.782531738
306.976196289
306.751464844
302.940673828
301.608551025
304.753479004
308.120666504
309.208740234
310.262359619
311.063903809
314.511535645
319.839935303
321.350524902
316.946777344
323.701049805
331.857421875
335.753295898
343.436218262
349.176727295
353.964385986
360.330688477
362.903839111
361.613586426
360.031707764
361.287139893
361.304931641
365.731231689
365.436706543
362.738586426
359.717010498
357.78338623
355.953155518
355.210021973
353.591125488
352.162384033
348.790710449
347.81161499
347.705841064
348.791290283
348.738555908
349.621948242
349.241149902
347.325775146
344.057495117
346.732666016
345.094787598
339.593688965
337.709564209
335.153625488
338.778900146
341.538513184
343.09753418
337.435333252
344.451141357
348.017456055
348.893890381
349.666870117
347.082305908
343.421875
340.945800781
341.793151855
345.96105957
351.443756104
353.702453613
354.897399902
358.02166748
354.962280273
356.334503174
354.718994141
352.7315979
347.937194824
346.887573242
344.213165283
344.115661621
343.826538086
341.981689453
347.198181152
348.984710693
350.058624268
349.15322876
348.46472168
346.868347168
345.357330322
341.735626221
341.301208496
340.167388916
336.155273438
335.359283447
335.340423584
334.520324707
333.35647583
331.581237793
330.693634033
331.336212158
329.46572876
325.789489746
322.157897949
323.517578125
328.909729004
330.116516113
330.027893066
327.348693848
331.305969238
335.599395752
333.244934082
330.767486572
332.278289795
331.745788574
332.099212646
335.784912109
335.966339111
336.294952393
337.121459961
339.042114258
340.493896484
341.438598633
342.824859619
344.461090088
346.805114746
347.747253418
346.727844238
346.791778564
346.743438721
343.525146484
340.998382568
334.259460449
338.741394043
341.874359131
343.337097168
342.781860352
342.699005127
342.954925537
342.008331299
343.719116211
342.263641357
340.498931885
338.599914551
336.172058105
333.262023926
333.735809326
335.7237854
335.742248535
335.575836182
336.266296387
338.477600098
340.582336426
341.608337402
342.5887146
343.786865234
344.254974365
345.384765625
346.437133789
347.195068359
348.125396729
348.995697021
349.647460938
350.537902832
351.92098999
353.460693359
354.249145508
354.809417725
355.57409668
356.207336426
357.491424561
358.658660889
359.812164307
362.139099121
364.720458984
366.40335083
368.781555176
370.234802246
371.659423828
375.218322754
377.36239624
376.730712891
373.695007324
371.821380615
366.929504395
367.179931641
370.011047363
373.167785645
374.277404785
375.034820557
373.419250488
368.71975708
364.595001221
361.217803955
352.562866211
354.441619873
354.205047607
356.79208374
356.551208496
354.973724365
352.116210938
348.79788208
344.572235107
340.778717041
337.383728027
335.580444336
332.231536865
330.621490479
328.541900635
324.743103027
325.209442139
323.763458252
322.166046143
321.137908936
319.604553223
317.863067627
317.086883545
315.582092285
313.205780029
311.592346191
310.726531982
310.156005859
309.682678223
308.371063232
306.660247803
305.556060791
305.399017334
304.22064209
303.568511963
303.602600098
303.012908936
302.174987793
301.107696533
301.463317871
301.087524414
300.290496826
299.733978271
299.378387451
299.129364014
298.276794434
296.383087158
294.717834473
294.216644287
293.86541748
293.001922607
292.358154297
291.487792969
289.898742676
288.980804443
291.670776367
292.065551758
288.390167236
286.373718262
283.138031006
280.59362793
278.109802246
281.115600586
284.460968018
286.143890381
284.922332764
282.499359131
281.81539917
282.341766357
282.051055908
281.504333496
279.223297119
274.221496582
272.374542236
270.42364502
268.184875488
262.596679688
260.550384521
262.219238281
265.384735107
267.466552734
270.264648438
271.733062744
272.840179443
273.576385498
274.928161621
275.298095703
276.62298584
277.848327637
278.722198486
279.282287598
279.388885498
279.141204834
278.87008667
278.553497314
278.074890137
277.847442627
278.188842773
278.477416992
277.949432373
277.631011963
278.759857178
280.769897461
281.504180908
281.993530273
282.216888428
282.323547363
282.405914307
282.527496338
282.505249023
282.221282959
282.293914795
283.103820801
283.507202148
283.264923096
283.008666992
282.889923096
282.509307861
281.8175354
281.107818604
280.940856934
281.413299561
281.856323242
282.227874756
282.487579346
282.652893066
282.681854248
282.540802002
282.265625
281.880584717
281.392456055
280.644897461
281.590393066
282.312774658
283.003814697
283.765197754
284.616668701
285.455871582
286.18081665
286.728027344
286.925445557
287.168273926
287.159515381
286.934234619
286.664550781
286.198944092
285.536193848
284.77243042
283.917572021
283.074645996
282.346923828
281.755310059
281.318115234
280.987487793
280.698455811
280.641113281
280.611083984
280.458007812
280.147644043
279.821899414
279.704437256
279.847198486
279.835479736
279.320404053
278.68862915
278.306976318
278.094940186
278.013793945
277.97177124
278.952392578
279.645050049
280.297943115
280.610290527
280.309692383
280.030548096
280.020324707
279.896514893
279.8125
279.867675781
280.614440918
280.826385498
281.064941406
281.165893555
281.531524658
282.057525635
282.584533691
283.291687012
283.249511719
282.59463501
281.299468994
280.633575439
280.539581299
280.296722412
279.967559814
279.500335693
278.569519043
277.328155518
276.215637207
275.177062988
274.427642822
274.598510742
274.84274292
275.063201904
275.031951904
274.898681641
274.804473877
274.65826416
274.511047363
274.435546875
274.45425415
274.310821533
273.985534668
273.671539307
273.211517334
272.760925293
272.759155273
273.163604736
273.548034668
273.814788818
274.014984131
274.145599365
274.181610107
274.157989502
274.097747803
273.81918335
273.56048584
273.497314453
273.477844238
273.706848145
273.909637451
274.157989502
274.451019287
275.785919189
278.342315674
279.274780273
277.650421143
274.779205322
274.313201904
274.019958496
273.715942383
273.460296631
273.213928223
273.171112061
273.305786133
273.090332031
272.621185303
272.356872559
272.264282227
272.147979736
271.825164795
271.505126953
271.297332764
271.067962646
270.949645996
271.3878479
272.31552124
273.267669678
273.671661377
273.72744751
273.633789062
273.394317627
273.09854126
272.734680176
272.240661621
271.674194336
271.135528564
270.565612793
270.118865967
269.771270752
269.451843262
269.175018311
268.877746582
268.697784424
268.397857666
267.663146973
266.846588135
265.553527832
265.171905518
264.925537109
264.556488037
264.173553467
263.971099854
263.789154053
263.313201904
262.639129639
261.289794922
259.16027832
257.411834717
256.474975586
255.085571289
254.36831665
253.745025635
251.604141235
249.934829712
249.101730347
246.256530762
243.666137695
243.576965332
242.777938843
238.585281372
237.448791504
236.494384766
236.072021484
235.709701538
235.078857422
234.43838501
233.990325928
233.90953064
233.494888306
232.797164917
231.593109131
230.553512573
230.162155151
229.662231445
229.553039551
229.541137695
229.260528564
228.317016602
226.273010254
224.28427124
223.676086426
223.475234985
223.312530518
223.386123657
223.350021362
222.827087402
220.719100952
220.248062134
219.711730957
217.962539673
217.509185791
215.192886353
214.389663696
214.360076904
214.526153564
214.791168213
214.955154419
214.832977295
214.553604126
214.234085083
213.71987915
213.550170898
213.307785034
212.911209106
212.456817627
212.042678833
211.558059692
210.797729492
210.045410156
209.800079346
209.622512817
209.302764893
208.55015564
207.479202271
207.417678833
207.127700806
206.611221313
206.39781189
206.264694214
206.063751221
205.87701416
205.609802246
205.202148438
204.618652344
203.772827148
202.789764404
201.937164307
201.591201782
201.533447266
201.550888062
201.556030273
201.532272339
201.849334717
202.179397583
202.369140625
202.125991821
201.46647644
201.264709473
200.922149658
200.378082275
199.855682373
199.538238525
199.304901123
199.048049927
200.607803345
201.580780029
202.43649292
204.567825317
205.878295898
206.288238525
205.822891235
205.846435547
206.434997559
206.681594849
206.701126099
207.112991333
207.597427368
207.718048096
207.765853882
207.689559937
207.588027954
207.461685181
207.194854736
206.84223938
206.450866699
206.045181274
205.577758789
205.117645264
204.597503662
203.982772827
203.594909668
203.482574463
203.250656128
202.97467041
202.734115601
202.371871948
202.003921509
201.673248291
201.037994385
199.842330933
198.908920288
199.029251099
199.190048218
198.872879028
198.584060669
198.370834351
198.705123901
199.242401123
199.575119019
199.446868896
198.931427002
198.406677246
197.984970093
197.579147339
200.746932983
201.849014282
202.15826416
202.446472168
202.76550293
203.244476318
203.934158325
204.899475098
205.91784668
206.579574585
206.931289673
206.984970093
206.767913818
206.452896118
206.027160645
205.534133911
204.818374634
204.149902344
204.307159424
204.90486145
205.120956421
205.126602173
205.269485474
205.639160156
206.268798828
207.020858765
207.650405884
209.033843994
209.901428223
210.666732788
211.510864258
212.257659912
212.602005005
212.14541626
211.701538086
210.572128296
207.861282349
205.520507812
205.688400269
208.008804321
210.052886963
211.909729004
212.205749512
213.442077637
214.592803955
214.749893188
214.734436035
214.575820923
214.114501953
213.107513428
212.437789917
211.033203125
208.75340271
207.381637573
206.854827881
206.366958618
206.108917236
206.213531494
206.369491577
206.007034302
205.299499512
204.376205444
202.947982788
202.221984863
201.475402832
200.239349365
198.2862854
198.235839844
200.712936401
201.96875
201.995880127
202.072677612
201.941207886
201.795471191
201.618408203
201.564300537
201.504745483
201.305297852
201.196548462
201.097946167
200.836578369
200.523696899
200.056747437
199.511978149
199.21522522
199.26159668
199.396957397
198.688491821
197.262496948
196.391067505
195.406509399
196.057479858
196.745697021
196.873062134
196.185852051
196.056777954
196.552062988
198.045349121
199.064483643
198.646011353
199.183013916
199.432907104
199.446487427
199.092178345
199.011901855
199.407791138
200.194351196
200.960708618
201.403915405
203.389068604
204.425064087
204.976516724
205.304275513
205.74369812
206.290969849
206.645706177
207.036270142
208.137664795
209.281295776
211.10697937
210.292892456
210.047439575
210.621429443
211.306610107
211.515167236
210.989547729
212.569061279
215.227020264
216.905731201
218.145782471
218.717773438
218.727523804
218.331710815
217.406433105
217.957458496
218.798095703
218.922515869
219.07673645
220.88394165
220.832260132
218.966552734
218.418014526
218.621688843
218.0362854
213.436859131
209.643295288
207.179550171
204.142105103
201.700393677
200.244171143
199.998641968
200.22303772
198.345443726
196.370285034
193.648986816
192.108978271
192.128967285
191.207046509
188.536834717
186.666809082
185.618972778
185.597259521
184.226089478
184.421951294
185.634002686
187.499862671
186.930679321
185.335083008
183.267776489
182.941711426
182.745376587
181.892776489
180.043258667
179.960830688
179.668258667
179.57862854
179.41607666
179.114578247
177.010467529
177.039428711
176.835189819
176.571395874
176.196807861
176.119400024
176.145111084
175.944854736
174.834350586
174.825164795
174.738937378
174.597015381
174.524398804
172.932647705
168.972000122
168.972000122
168.972000122
173.039794922
175.885742188
176.532791138
177.846435547
179.481140137
179.99269104
180.046203613
180.574401855
180.483917236
179.625473022
178.625595093
177.326065063
180.154220581
182.6822052
183.212539673
181.275360107
180.045181274
180.435623169
180.955963135
180.903793335
180.925292969
180.96105957
180.66506958
179.84274292
177.084213257
177.95664978
181.035232544
177.612915039
178.293533325
177.02671814
176.430603027
177.114089966
178.187698364
177.79776001
177.681106567
177.708557129
177.496551514
177.150756836
176.570022583
176.454650879
177.019439697
176.324249268
175.014694214
173.64289856
170.895248413
170.841903687
170.832427979
170.920028687
178.632049561
180.541793823
177.070587158
187.642349243
191.419937134
191.429519653
192.259719849
196.867706299
199.83241272
202.938964844
204.704299927
204.396774292
203.620513916
201.328308105
201.489547729
202.173446655
202.638565063
202.361663818
202.232162476
201.598526001
200.320526123
199.346725464
198.193450928
196.079421997
196.101333618
197.661254883
197.479003906
198.222412109
198.547729492
197.925109863
197.583953857
198.081298828
198.881134033
199.326141357
198.890274048
197.667419434
195.055648804
192.564300537
192.115447998
194.407531738
196.856018066
198.407745361
197.807388306
198.11428833
199.98387146
202.111251831
201.886871338
199.869094849
197.149795532
195.083190918
196.070068359
197.320953369
199.499221802
202.879989624
204.266860962
201.473999023
199.070587158
196.546508789
194.896148682
192.272094727
191.657699585
190.869171143
190.200668335
189.697891235
189.299957275
187.597106934
187.232147217
186.694168091
186.419845581
186.40284729
186.583480835
186.756240845
186.464904785
185.962310791
185.862594604
186.259460449
186.375610352
186.568267822
186.752304077
186.894302368
187.05569458
187.204177856
187.31350708
187.181243896
186.932098389
186.737304688
186.219741821
186.518463135
187.276016235
188.233459473
188.75
189.254760742
189.502700806
189.210067749
188.192810059
187.264694214
187.103912354
187.742401123
188.431121826
189.143722534
189.68800354
190.931213379
192.008514404
192.965118408
193.659957886
194.131652832
194.416564941
194.814666748
195.784408569
194.29460144
192.476226807
194.853683472
197.741699219
201.818740845
204.696090698
202.002090454
201.878356934
203.139175415
204.242721558
206.88609314
207.082092285
206.007476807
205.833572388
205.58757019
205.184280396
204.551361084
203.809799194
202.979553223
201.783843994
201.371307373
200.669891357
199.060531616
198.338470459
198.245376587
198.136123657
197.987335205
198.379211426
196.370529175
195.278442383
195.091781616
195.358215332
195.610061646
195.756790161
195.779403687
195.664123535
195.589553833
195.525924683
195.65814209
195.805130005
194.11567688
192.92250061
193.731384277
194.938339233
195.219238281
197.141693115
198.48286438
198.531768799
198.000228882
196.844802856
196.334365845
195.768234253
195.171096802
195.232711792
195.48991394
195.81137085
195.576705933
194.966430664
193.878295898
192.987518311
192.388259888
192.158203125
192.233230591
192.741638184
192.968521118
193.176025391
193.842025757
194.524871826
194.941757202
195.424972534
195.325653076
194.719009399
193.583969116
192.456817627
192.309295654
190.189941406
189.145095825
189.406784058
189.779525757
190.024688721
190.322860718
190.345474243
190.390838623
190.34375
189.88142395
189.619903564
189.665283203
189.742935181
192.43258667
193.188873291
193.832962036
193.810256958
194.133422852
194.441833496
194.250900269
194.199081421
194.522796631
195.280151367
194.728225708
191.873733521
191.884613037
190.851608276
192.353622437
192.62361145
194.022140503
195.259124756
195.64491272
195.130889893
194.245620728
195.932373047
198.615905762
201.483840942
204.195220947
202.978927612
201.265930176
200.602142334
201.281616211
200.390365601
198.328918457
198.332946777
198.441802979
198.327377319
196.681549072
196.052368164
197.345336914
199.056091309
201.684860229
206.574371338
215.247451782
217.687408447
214.70362854
211.522750854
208.140151978
205.057113647
203.17388916
200.711410522
198.256271362
195.634277344
194.987091064
195.972518921
195.935195923
196.968261719
197.837844849
199.228424072
198.960891724
197.882156372
196.038269043
194.023254395
191.804718018
190.794799805
192.160125732
192.204299927
194.043930054
195.824768066
196.536499023
198.007537842
198.837493896
201.729736328
204.747421265
207.221115112
214.801528931
220.330566406
222.242889404
223.213470459
224.533584595
225.692596436
224.173965454
223.305847168
223.131881714
222.085571289
221.235610962
219.620574951
217.755310059
213.032211304
203.135772705
197.743331909
198.093032837
196.029190063
192.855682373
191.295822144
190.513687134
190.262451172
191.754119873
192.872955322
195.514694214
199.457824707
196.398376465
191.846618652
189.039550781
188.443695068
187.377212524
187.040847778
186.69468689
186.356460571
186.174102783
186.082550049
186.125534058
184.940078735
182.797271729
183.411758423
183.927368164
184.450820923
185.157562256
186.147384644
187.419021606
188.631454468
189.97593689
191.052368164
193.014907837
196.04133606
196.836929321
196.326095581
195.143676758
195.972213745
197.40953064
198.839859009
199.412994385
200.022445679
199.961837769
199.333007812
199.117752075
199.046447754
198.317626953
197.187973022
195.052368164
195.443725586
195.623214722
195.594711304
195.475036621
195.165908813
194.619949341
192.892181396
191.647918701
190.456497192
188.992034912
190.153610229
191.704162598
192.719085693
193.648666382
194.109649658
194.000610352
193.296081543
192.67388916
191.962112427
192.53137207
192.962814331
193.155059814
193.201248169
193.410522461
194.107284546
194.738464355
195.19569397
197.449539185
198.547409058
199.067932129
200.480331421
202.120849609
204.3152771
205.085067749
204.300338745
202.557373047
201.093444824
199.371490479
198.60067749
197.242218018
196.440994263
196.522232056
196.503814697
196.000320435
195.550476074
194.660736084
193.204498291
192.006530762
190.61579895
189.229034424
188.269515991
187.158187866
186.776123047
186.744354248
186.707443237
186.25479126
185.570236206
184.882369995
184.19367981
183.682739258
183.078308105
182.447494507
181.842330933
181.121368408
180.453887939
177.207778931
177.092193604
177.444412231
177.142349243
177.050354004
177.389816284
176.662216187
174.590377808
171.983612061
171.115005493
171.676147461
172.222045898
172.946533203
173.119766235
173.45300293
173.811904907
175.217254639
175.639923096
174.939102173
173.959991455
171.017745972
170.054336548
169.878982544
173.742645264
174.780166626
174.951202393
174.235412598
172.709686279
170.853515625
167.965026855
167.926239014
157.363708496
168.039428711
167.755310059
167.730621338
167.505004883
167.505126953
167.519577026
167.505401611
167.501190186
167.503997803
167.503997803
167.754043579
167.754043579
167.754043579
167.68081665
171.502075195
188.304595947
200.90272522
190.377655029
184.436660767
181.024246216
179.321411133
182.415267944
184.548141479
186.584976196
191.586776733
201.837799072
205.691497803
200.760955811
200.572769165
197.294662476
193.118865967
201.187438965
210.646697998
214.017089844
215.249969482
210.525299072
212.450164795
210.440109253
207.390686035
203.791381836
201.413421631
198.691268921
196.113235474
194.424102783
190.013519287
187.121322632
188.616317749
185.97593689
184.360214233
182.323562622
180.648498535
181.59262085
180.894226074
180.909744263
183.794311523
182.692001343
181.810623169
183.325073242
187.099029541
188.767303467
188.523178101
190.148406982
192.681976318
192.681427002
190.307830811
189.363769531
186.670822144
188.699783325
188.753295898
188.239685059
189.290023804
188.668899536
187.323043823
185.842971802
184.824905396
184.656646729
186.707122803
188.163803101
188.770004272
190.370605469
192.020477295
192.104110718
192.204071045
194.557281494
195.556930542
195.887008667
197.97366333
198.808288574
201.256378174
204.353485107
204.557678223
204.774719238
202.848388672
201.723190308
201.328643799
200.064575195
199.109558105
198.472702026
198.811050415
198.941955566
198.716766357
200.259521484
202.64163208
205.441772461
208.35144043
210.345748901
210.632873535
210.446395874
208.118331909
208.003890991
207.589584351
207.709518433
207.108230591
205.251998901
201.449249268
198.773483276
195.565505981
196.398864746
195.74256897
195.667816162
197.644851685
197.110046387
197.718688965
195.514709473
192.318313599
188.015304565
184.649337769
180.62449646
178.33821106
174.886764526
183.51499939
185.300476074
188.122436523
189.068008423
192.063323975
192.921600342
192.076065063
189.709686279
183.534805298
186.704940796
189.31741333
188.321014404
189.176300049
189.166870117
191.360076904
192.671676636
193.652526855
194.60055542
194.61390686
195.693786621
195.482894897
194.985427856
194.703552246
194.16619873
193.491439819
192.387786865
192.393966675
193.629974365
194.142089844
193.859573364
194.030044556
194.215927124
194.255401611
194.27772522
194.503997803
194.571334839
193.869430542
194.335845947
194.67628479
195.56552124
196.173690796
196.421356201
196.11100769
195.092803955
197.594726562
199.778717041
201.342041016
201.840362549
203.195755005
202.598220825
203.074569702
204.562026978
205.337982178
205.255813599
204.301498413
203.378585815
202.058456421
204.322387695
204.585754395
204.508728027
204.556884766
203.372161865
204.841110229
207.65246582
210.183166504
214.129150391
217.430358887
220.124282837
220.534408569
217.356750488
216.538925171
219.495422363
221.812194824
221.186889648
217.155212402
223.408828735
227.22076416
232.115737915
235.016479492
235.315216064
235.083862305
235.443695068
234.328384399
230.045272827
227.509033203
221.649093628
220.940658569
220.925918579
220.925918579
221.546615601
221.75100708
221.595489502
220.764434814
219.280517578
218.126251221
216.737289429
215.98866272
216.500793457
218.329315186
219.968353271
220.631622314
220.625289917
220.164672852
218.737976074
217.767242432
216.575271606
214.985595703
213.568817139
211.758560181
210.095657349
208.930557251
207.892944336
206.845993042
205.517944336
204.375411987
202.87638855
203.496368408
204.258728027
204.551559448
204.51234436
204.500259399
204.562164307
204.579849243
204.592422485
204.580810547
204.322219849
202.821182251
202.064483643
202.255325317
203.062927246
203.60446167
203.26675415
202.7293396
202.309967041
201.896377563
201.248855591
200.168243408
200.443832397
200.506820679
201.257919312
202.186813354
202.522994995
203.698883057
204.547332764
204.880187988
205.124237061
205.346221924
205.391281128
205.105133057
204.744140625
204.390670776
203.634918213
202.961334229
202.439300537
202.545669556
203.166534424
203.270370483
202.820159912
202.154983521
201.729660034
201.391586304
201.341033936
201.183959961
200.065261841
199.204101562
198.517333984
196.732635498
194.13293457
195.305496216
195.821670532
196.085845947
196.22567749
196.367431641
196.444122314
196.315856934
196.128036499
195.896987915
195.585906982
195.230407715
194.783737183
194.558746338
194.459197998
194.256790161
193.916885376
193.441558838
192.892288208
192.403808594
192.334960938
192.370849609
192.355117798
192.284896851
192.118621826
191.187438965
189.735702515
189.448516846
189.413452148
188.310699463
187.445556641
187.465789795
187.244186401
186.924499512
186.15196228
185.351699829
184.78276062
183.488876343
183.590087891
185.346679688
186.896011353
187.066879272
187.62612915
190.191894531
191.729171753
192.599212646
193.329925537
193.840576172
194.284591675
194.749237061
195.662963867
196.818862915
197.509567261
197.668334961
196.716140747
196.232055664
194.855712891
192.792678833
190.621337891
188.35244751
186.621185303
182.799163818
188.673492432
193.83203125
196.281387329
197.190673828
196.65435791
197.346206665
197.987060547
198.862426758
200.87260437
202.420639038
203.458862305
202.318069458
204.022476196
205.289382935
205.904190063
206.779083252
207.07434082
206.81791687
206.10508728
204.527816772
202.277252197
204.108963013
205.899627686
206.920837402
207.646148682
205.738922119
205.713989258
207.246261597
208.559082031
209.157989502
208.515930176
207.176620483
206.278427124
204.430358887
204.712051392
206.211746216
207.109527588
207.729751587
208.388458252
208.56578064
209.118835449
209.709213257
209.855819702
210.318115234
211.05039978
211.720489502
211.931884766
211.016693115
209.882446289
210.891540527
210.568969727
209.995376587
210.100357056
209.546478271
209.074172974
208.350799561
207.558563232
206.510147095
205.786224365
205.142028809
204.152160645
202.155456543
201.126815796
202.368896484
203.81628418
204.317489624
204.300384521
203.814086914
202.921401978
201.139358521
197.531463623
200.274520874
200.863174438
200.760757446
201.007583618
201.607070923
202.472839355
203.27204895
203.931808472
204.306350708
204.752761841
205.615249634
206.542526245
207.305587769
208.337478638
209.158279419
209.549499512
209.874954224
210.369812012
210.623519897
210.040969849
209.417068481
209.19493103
208.166671753
207.118423462
205.973526001
205.012496948
204.8334198
203.303329468
201.637008667
202.603378296
201.423309326
198.16619873
198.818099976
202.311752319
202.396743774
202.975784302
204.010498047
204.646362305
204.63168335
201.514251709
198.850616455
197.576080322
195.577880859
196.067108154
195.981018066
195.557495117
197.396118164
197.658432007
196.689071655
197.751220703
194.708114624
192.030853271
188.551254272
186.362411499
183.20072937
180.136566162
177.807235718
174.693710327
182.614883423
185.253753662
186.6509552
188.171432495
189.943862915
192.127563477
192.91305542
192.444549561
190.780456543
188.542892456
180.628875732
186.950286865
189.273757935
188.335845947
189.129745483
189.017227173
189.668655396
191.404312134
192.56036377
193.325744629
194.596130371
193.700576782
195.243774414
195.692367554
195.523300171
195.040237427
194.843048096
194.539581299
194.024414062
193.459457397
192.515930176
192.160614014
193.058517456
193.990341187
194.084655762
193.854797363
193.998138428
194.153579712
194.273971558
194.255233765
194.314682007
194.510177612
194.60874939
194.116287231
194.026306152
194.478652954
194.82270813
195.589645386
196.112136841
196.432174683
196.24937439
195.922729492
194.092102051
197.73677063
199.507278442
201.313018799
201.459503174
202.234527588
203.29309082
202.573226929
202.88684082
204.242416382
204.992370605
205.446807861
205.089660645
204.26864624
203.539749146
202.201385498
202.659301758
204.559936523
204.57824707
204.507171631
204.545944214
203.941390991
203.408111572
205.883834839
208.041275024
210.231109619
213.593093872
216.455734253
218.573822021
220.550216675
220.283340454
217.300292969
216.213058472
218.609268188
221.111755371
221.791305542
220.877609253
217.264877319
222.725799561
225.679382324
230.294830322
234.315429688
235.307876587
235.17590332
234.167449951
232.784835815
231.626541138
235.028457642
234.922988892
233.94128418
233.244308472
231.997070312
231.419830322
231.109130859
230.607757568
229.33706665
228.687698364
228.25402832
227.060760498
225.665100098
225.252441406
222.574783325
223.639633179
223.186859131
221.88319397
220.613494873
219.677398682
218.90322876
219.153015137
219.270263672
218.979446411
218.830505371
217.833740234
215.476654053
213.691848755
213.459609985
216.714920044
217.669174194
218.002883911
218.417663574
218.222442627
218.002212524
217.747009277
217.322280884
216.619934082
215.307556152
213.48840332
212.205474854
210.667114258
210.415542603
210.365325928
211.257415771
209.79699707
209.541381836
209.261978149
208.665435791
208.317703247
207.761901855
207.16368103
206.4140625
205.469268799
204.466201782
203.351486206
201.281082153
200.184967041
199.411361694
199.104415894
198.788970947
198.214736938
195.012557983
195.573623657
195.326904297
195.822998047
195.647583008
195.920974731
196.504608154
196.342575073
196.241088867
196.005172729
195.704742432
195.356811523
195.740325928
195.83265686
195.418731689
194.599075317
193.342422485
192.640548706
192.578552246
192.275756836
191.653244019
191.040039062
190.420898438
189.8306427
189.341323853
186.908630371
190.161773682
189.287628174
189.116653442
189.186264038
189.573135376
189.854034424
190.028244019
190.989181519
192.451751709
192.753341675
193.082214355
193.211929321
193.413070679
192.886276245
193.507888794
194.457519531
195.296142578
196.073410034
196.146087646
197.80355835
199.977432251
201.237457275
205.069992065
204.286697388
204.203140259
204.812332153
204.642822266
204.251739502
206.353912354
209.555374146
212.073150635
211.341217041
215.421417236
215.804367065
214.250549316
216.387481689
218.894134521
217.440338135
217.41255188
216.170379639
215.47996521
213.611953735
212.422409058
237.386352539
237.862609863
237.994354248
238.399627686
238.419616699
238.024459839
237.859481812
237.544845581
237.283660889
237.060440063
236.053466797
235.164871216
234.72517395
234.499938965
234.021560669
233.831924438
233.385269165
232.634597778
231.923034668
231.472503662
230.821838379
229.762756348
228.767562866
228.440048218
228.132125854
227.853881836
227.616256714
227.566879272
227.589126587
227.350112915
227.269973755
228.203155518
228.850097656
229.745071411
230.531692505
231.478149414
232.248901367
232.586715698
232.812850952
232.253692627
231.315795898
230.977584839
230.672637939
230.02230835
229.361343384
228.801010132
228.414703369
228.624099731
229.503463745
230.239395142
231.17880249
231.903320312
232.993331909
233.869903564
234.750366211
235.602416992
236.291442871
236.957794189
237.534637451
237.907180786
238.142456055
238.25428772
238.473678589
238.719390869
238.725830078
238.475341797
238.206436157
237.906616211
237.361877441
236.834457397
236.239807129
235.658584595
235.041137695
234.541946411
234.809066772
235.257171631
235.865829468
236.03616333
235.749664307
235.668395996
235.40574646
235.395233154
234.968078613
234.351211548
233.730331421
233.31237793
232.529769897
231.794967651
231.195404053
230.64225769
230.026504517
229.42477417
228.817718506
228.401367188
227.968887329
227.641525269
226.981033325
226.631271362
226.258758545
225.952209473
226.002090454
226.370498657
226.227722168
225.767333984
225.307281494
224.847579956
224.315933228
223.92124939
223.051895142
222.527694702
222.698928833
223.577331543
224.174301147
224.426330566
224.609313965
224.483581543
224.287918091
223.965454102
223.436553955
223.090316772
222.779342651
221.90838623
221.572540283
221.127456665
221.331436157
221.41456604
221.583587646
222.373641968
223.547637939
223.935562134
223.953216553
223.879714966
223.570465088
222.432266235
221.790740967
221.15385437
220.535140991
219.869888306
219.219802856
218.820175171
218.325393677
217.594299316
217.229660034
216.770385742
216.278671265
215.869766235
215.364761353
214.852264404
214.082794189
213.557525635
213.253616333
212.693222046
212.924224854
213.061737061
213.216247559
213.445999146
214.080062866
215.306304932
215.878677368
216.172409058
216.175018311
216.479934692
217.097702026
218.18661499
218.526260376
218.553695679
218.751205444
218.872344971
218.929611206
218.953720093
219.446472168
220.401977539
220.447128296
220.997253418
221.544403076
221.965286255
222.325714111
223.080215454
224.34576416
222.837005615
222.062561035
220.939865112
219.68309021
219.475479126
219.357055664
219.013122559
218.529983521
217.676620483
217.159286499
216.29524231
214.860275269
213.117263794
211.274688721
210.301651001
210.115692139
210.120193481
208.762435913
209.689453125
204.360153198
201.187408447
201.427322388
201.579849243
201.344940186
200.979537964
200.580703735
202.03503418
201.859283447
200.803894043
201.369415283
202.294418335
203.455230713
203.819503784
203.890914917
204.12701416
205.422775269
207.153686523
208.151229858
209.136169434
210.026672363
211.631454468
211.992172241
212.878234863
212.927398682
212.368774414
212.116241455
211.888961792
211.722442627
211.350784302
210.812927246
210.075286865
209.619415283
209.139511108
208.325744629
207.41204834
206.90838623
205.607574463
204.582015991
202.899047852
201.000778198
201.712524414
203.916427612
205.000518799
206.728927612
207.450515747
209.189682007
209.591140747
209.419586182
209.529632568
208.97303772
207.737197876
