231.769424438
232.715866089
234.198883057
235.505218506
236.621322632
237.506317139
237.69631958
236.35017395
233.459533691
231.888168335
232.06086731
231.814361572
231.608520508
231.78918457
233.527175903
235.179214478
238.176834106
242.058303833
245.538726807
248.608200073
248.017929077
247.004577637
244.203140259
241.154953003
239.645187378
236.384262085
235.511993408
232.846862793
232.43397522
230.758392334
223.857055664
225.69519043
225.687088013
225.707992554
226.146316528
227.78036499
228.308609009
228.753677368
229.263946533
230.752487183
231.998092651
233.968078613
234.881759644
237.152999878
237.854385376
238.796844482
240.915054321
239.12677002
237.880950928
237.876983643
238.060379028
239.427093506
240.441040039
240.484329224
240.649307251
241.085617065
240.960220337
240.926986694
241.236358643
241.262481689
241.102005005
241.468902588
242.149993896
243.832336426
244.801727295
240.089202881
246.769760132
246.913238525
248.104125977
250.28503418
250.130310059
250.070617676
252.355499268
253.176818848
251.115066528
248.819061279
244.139862061
240.800720215
240.18927002
238.046417236
237.160858154
234.277450562
232.962738037
232.191192627
232.44519043
232.056106567
230.595443726
229.040466309
227.95993042
227.248840332
227.050430298
226.98828125
226.731063843
226.537414551
226.307418823
225.748672485
225.700515747
225.705505371
225.711593628
225.837554932
226.002578735
226.300216675
225.834960938
225.686981201
225.686981201
225.686981201
225.686981201
225.686981201
225.686965942
225.668121338
225.675109863
225.6746521
225.674194336
225.682434082
225.951904297
226.437896729
227.01550293
227.580932617
228.688964844
228.715209961
228.709594727
228.689056396
227.800323486
222.649703979
228.693603516
228.239974976
226.610137939
225.747589111
225.923614502
226.417251587
226.755401611
226.865325928
226.968017578
226.296859741
226.666549683
226.542755127
226.48008728
226.930526733
228.111587524
227.124038696
226.546157837
225.718795776
226.598297119
227.991622925
229.238800049
230.649398804
231.52015686
232.7240448
234.543212891
236.533294678
237.598724365
237.902008057
235.335601807
231.963500977
231.600357056
231.6456604
231.618362427
231.655044556
232.313827515
234.3203125
235.932540894
237.154159546
237.413864136
236.728851318
235.120376587
237.111434937
237.543869019
237.977981567
238.043487549
237.770217896
237.214248657
234.780654907
234.250610352
233.943023682
234.351348877
234.527084351
234.558380127
234.672012329
234.696044922
234.843963623
234.732345581
235.318984985
236.599975586
235.595367432
236.010528564
236.393295288
236.787155151
237.161010742
237.532608032
238.161102295
239.722915649
242.113555908
245.660491943
247.18031311
249.068984985
248.348571777
246.43850708
245.692932129
244.665435791
246.392501831
253.342575073
253.877746582
251.274719238
249.491409302
250.224777222
252.961364746
254.015350342
256.831634521
259.200805664
263.03012085
263.009674072
262.407287598
258.637207031
255.075180054
252.703826904
249.955978394
249.945571899
248.526809692
249.081878662
248.098495483
247.332824707
247.384368896
247.020248413
246.891571045
246.897735596
246.825271606
249.744567871
246.24861145
243.807525635
242.265975952
240.911071777
241.304321289
241.547180176
244.033920288
245.600891113
250.538070679
255.655548096
262.65222168
267.001220703
268.621795654
272.470092773
262.328826904
252.783508301
251.861465454
240.020248413
242.277389526
242.077056885
242.974273682
243.946731567
239.061676025
245.029998779
249.822998047
249.285446167
248.890960693
249.826416016
250.550613403
250.070785522
252.01600647
255.676681519
253.140640259
251.294403076
253.011734009
261.277313232
259.332946777
268.833435059
278.062347412
282.178588867
283.140258789
284.597076416
286.721008301
287.008514404
285.470733643
282.119598389
279.45211792
281.417663574
283.708709717
285.895141602
289.130432129
290.25567627
285.558410645
281.93637085
277.950622559
275.405151367
283.924957275
285.597686768
283.201080322
278.715484619
272.694702148
267.793060303
270.308074951
274.601379395
277.796417236
274.427124023
277.747253418
275.214355469
265.764923096
270.423034668
271.271606445
273.121765137
274.685699463
278.10357666
277.780212402
277.299316406
280.242736816
283.060211182
292.155181885
300.394287109
304.697875977
306.246795654
306.330444336
307.063415527
307.423461914
308.403015137
309.387878418
310.651641846
312.648986816
316.465759277
318.706298828
312.583190918
309.195800781
307.377197266
306.175354004
305.147338867
304.284179688
303.501220703
302.005950928
301.27142334
300.42880249
299.513092041
298.814056396
297.899047852
296.66418457
296.0496521
295.524658203
296.558258057
296.67098999
295.958099365
294.287506104
294.320861816
295.120300293
294.43057251
295.717773438
301.557159424
309.596832275
308.268768311
307.624664307
309.018188477
304.479003906
310.399963379
314.840637207
317.9190979
322.546417236
322.374481201
326.73626709
327.487487793
326.106170654
319.57409668
315.694976807
318.023681641
318.330596924
316.259399414
313.8253479
312.18182373
313.485290527
313.669128418
314.920776367
314.410095215
309.919433594
318.102111816
322.623901367
323.908752441
323.328826904
323.047119141
323.32901001
323.606140137
323.343078613
322.872680664
322.077941895
321.436096191
321.556732178
322.548706055
325.688873291
325.725585938
322.961425781
325.864624023
326.889373779
324.888580322
326.646453857
325.392272949
322.042236328
318.857421875
322.576141357
328.314697266
329.069824219
329.780975342
329.995239258
329.228759766
328.315887451
326.198638916
325.607391357
325.199310303
326.031402588
325.913208008
326.208496094
325.014953613
323.398651123
321.417999268
319.4246521
310.806854248
304.386993408
308.614196777
317.028839111
313.090576172
307.833435059
305.517852783
313.097564697
320.341491699
323.076568604
323.905273438
324.685852051
323.895324707
323.092285156
320.924530029
320.697875977
317.936309814
317.70501709
321.486724854
324.452880859
326.101318359
326.275604248
326.129974365
325.96395874
323.729156494
321.448883057
319.359893799
318.352874756
318.618774414
319.033508301
318.40838623
317.265594482
316.958068848
317.33190918
316.743438721
318.321868896
316.032470703
316.904754639
317.867584229
317.043243408
316.957336426
311.998504639
309.503173828
308.238128662
304.655639648
302.674682617
301.677154541
302.56048584
303.967071533
303.665374756
301.212982178
295.253662109
296.48034668
294.17010498
303.016174316
306.549133301
304.092987061
302.06338501
301.204711914
304.06451416
307.486846924
311.166931152
309.712127686
309.839447021
311.000091553
313.987121582
315.905212402
319.391876221
324.720428467
321.060150146
319.759643555
319.684082031
324.384002686
329.634399414
328.041137695
321.466461182
315.08972168
310.930877686
307.984527588
310.193206787
310.952392578
315.489654541
322.84185791
328.742523193
328.550567627
325.657745361
326.730804443
316.826293945
309.115783691
304.571105957
301.762573242
300.303070068
296.183044434
296.177093506
295.18927002
294.156280518
293.108703613
292.574401855
292.663085938
293.380981445
294.572753906
295.431671143
296.430633545
296.068115234
293.291442871
290.246124268
287.356872559
285.565032959
283.031280518
280.721374512
280.062805176
279.761566162
277.855895996
281.324981689
284.14831543
285.270446777
286.279388428
286.597015381
285.899169922
284.879852295
284.044219971
283.539031982
282.443328857
281.194610596
280.554077148
278.524414062
277.638366699
278.364715576
278.246429443
277.012390137
276.907073975
278.415557861
279.103820801
278.475128174
278.153442383
278.446289062
274.183197021
281.997070312
287.405639648
295.767578125
298.019714355
293.621429443
293.35168457
295.147644043
297.46975708
298.67376709
303.186035156
308.775390625
311.196746826
311.531921387
311.256256104
309.671020508
306.869262695
303.83770752
308.200286865
308.797943115
309.552764893
310.564056396
312.339355469
313.93548584
314.783538818
314.986541748
315.125457764
314.785491943
314.490203857
314.13973999
313.311065674
312.213348389
310.831726074
311.996704102
312.869415283
312.409332275
310.583312988
311.424072266
313.749084473
315.026855469
315.353637695
315.150817871
314.38671875
312.722167969
313.297271729
316.296295166
319.931610107
323.596893311
326.710754395
328.946289062
329.419464111
330.222198486
330.857421875
330.75302124
329.07232666
326.138366699
317.589660645
317.827880859
322.59866333
324.340087891
321.962402344
321.191864014
315.241851807
310.67578125
307.818359375
304.358276367
301.859039307
302.971160889
302.233947754
301.643218994
301.543640137
301.074707031
301.849731445
301.61807251
301.960510254
302.138336182
299.982574463
297.625274658
295.587921143
292.436340332
290.146850586
289.570861816
289.126312256
288.211090088
289.922058105
291.45010376
293.234558105
295.121368408
296.752807617
298.890228271
302.617828369
306.0597229
310.045898438
311.173736572
311.578369141
310.292602539
308.242492676
310.078552246
310.711639404
312.319854736
314.17578125
314.560150146
314.354003906
312.986358643
310.748291016
308.955566406
307.021179199
304.545562744
294.920379639
285.569763184
284.21697998
283.348266602
282.854125977
281.141845703
279.884735107
279.369018555
277.509185791
276.817779541
275.457366943
276.439575195
275.327636719
273.976104736
273.253234863
271.918273926
271.295074463
271.351776123
271.295013428
272.026885986
272.211425781
272.276885986
272.050689697
272.001434326
272.18572998
272.482574463
272.768951416
273.05078125
273.231201172
273.342041016
273.537261963
273.682006836
273.345458984
272.071228027
267.680664062
271.57232666
273.681671143
275.055541992
276.656463623
284.729156494
288.316833496
290.42880249
290.62878418
290.755096436
291.449554443
291.423980713
289.858581543
286.741424561
290.23638916
291.292572021
291.178588867
290.503143311
290.421417236
292.340393066
293.174865723
292.241546631
295.217285156
298.543609619
301.286590576
302.382049561
301.653411865
300.563690186
300.503570557
301.094818115
301.426361084
303.065032959
304.575897217
304.561401367
303.571655273
302.320343018
300.158905029
297.091796875
298.854675293
299.039733887
299.522033691
298.928344727
298.953643799
297.464630127
295.270782471
291.976074219
290.670959473
293.790100098
297.274871826
299.316345215
299.43649292
298.695465088
298.241912842
298.452514648
299.362976074
299.65133667
299.300476074
297.855285645
298.242828369
299.138214111
297.816772461
296.033752441
290.758178711
288.805725098
296.344146729
288.802307129
289.659698486
293.24017334
294.500701904
296.916625977
299.339416504
299.070587158
299.291290283
299.283660889
300.495239258
301.368347168
302.253326416
302.7265625
302.270355225
302.762786865
305.062225342
306.202941895
307.777008057
308.50567627
308.255584717
307.351409912
309.039367676
311.099395752
312.110992432
314.868621826
316.576324463
317.058898926
319.260284424
321.93359375
324.12677002
323.502960205
319.802886963
319.01083374
320.190765381
320.003723145
319.870300293
318.630706787
316.995544434
317.26361084
316.951721191
315.121948242
312.564300537
313.085296631
319.834411621
324.889587402
329.182403564
335.33895874
343.753326416
344.323516846
353.51473999
360.5496521
364.964538574
368.213684082
373.152862549
375.609954834
377.109863281
378.108642578
380.971893311
379.193847656
381.118743896
384.79888916
383.091491699
385.618652344
386.329711914
385.416381836
384.574279785
383.478668213
382.304992676
386.971130371
390.119232178
390.441589355
387.207672119
391.579681396
396.887969971
387.165557861
399.087005615
409.942840576
408.243988037
401.725769043
409.102966309
416.504638672
415.662689209
409.542602539
412.169799805
417.673553467
423.593536377
425.358581543
429.670257568
429.039733887
427.112792969
423.625671387
418.022827148
414.871307373
413.433807373
411.431915283
411.809539795
417.637268066
420.544586182
420.857940674
422.022491455
423.67678833
424.543792725
423.469482422
419.977111816
418.160614014
419.467468262
421.138549805
421.982086182
421.883605957
419.383453369
421.169586182
420.79397583
419.421081543
418.142150879
418.643127441
418.305236816
418.047912598
416.206115723
413.244873047
408.332824707
412.389129639
415.27734375
412.380462646
413.321075439
411.723480225
406.005371094
398.386810303
392.230316162
388.526580811
386.254455566
385.800323486
384.053253174
381.485412598
380.24710083
378.476074219
377.779754639
375.382843018
372.705200195
372.174835205
377.422668457
376.650970459
382.178527832
387.613311768
393.981414795
404.073730469
419.128265381
417.808929443
414.881072998
411.734161377
409.221008301
406.705291748
408.13458252
405.267333984
399.173309326
403.351745605
403.092315674
400.869842529
398.341583252
396.251861572
394.029022217
389.361022949
383.343139648
378.725769043
383.774841309
380.066375732
373.021148682
369.463378906
370.692352295
368.432434082
372.174316406
371.508026123
373.435180664
375.040008545
372.045471191
374.634429932
378.415252686
375.108276367
381.406982422
381.986236572
394.609161377
396.395477295
396.113922119
396.69708252
395.624053955
389.675994873
385.397369385
386.930480957
378.163665771
378.934783936
379.007385254
382.049743652
375.839416504
369.032104492
371.814849854
371.193481445
371.410644531
366.226959229
368.308776855
366.097412109
368.863708496
366.113677979
369.853607178
368.93069458
365.855194092
374.434967041
377.692932129
375.174041748
368.213897705
368.676940918
370.991638184
366.25567627
371.39755249
370.827850342
364.974487305
357.631378174
349.695953369
343.032928467
340.562530518
339.532501221
339.164489746
338.316009521
334.594299316
339.768951416
346.589019775
354.84274292
353.926391602
351.530761719
354.129516602
360.136627197
356.157440186
347.20791626
341.609741211
338.931304932
337.579986572
337.009063721
336.314147949
336.022369385
334.507659912
335.322387695
334.617584229
334.64730835
334.702728271
334.809082031
333.270233154
335.587615967
335.568786621
335.501617432
334.213256836
332.61038208
332.461730957
332.349822998
332.313323975
332.360870361
332.460632324
332.543762207
332.501068115
330.88470459
327.709686279
345.03503418
333.481048584
344.2265625
347.790100098
345.266876221
341.593383789
335.044647217
332.500946045
332.588531494
332.404510498
331.574523926
328.966339111
331.122497559
329.338226318
333.445617676
335.514434814
338.081451416
343.9269104
346.798919678
352.907806396
360.843994141
365.090332031
369.560180664
372.046173096
371.76663208
371.739013672
371.861022949
370.57144165
368.238128662
369.192779541
369.400909424
367.731567383
369.698913574
370.460296631
369.408935547
368.028259277
368.988983154
373.878692627
377.943237305
379.371582031
378.477478027
380.829376221
381.098571777
378.178039551
378.401245117
376.117980957
375.745941162
374.034820557
372.20489502
372.731048584
374.338470459
376.048736572
374.461608887
371.340820312
367.575469971
369.410614014
367.462982178
363.789581299
361.025146484
359.962402344
362.142028809
362.921325684
364.786834717
362.967987061
360.129699707
360.73739624
362.601776123
364.367828369
366.445129395
368.204925537
370.268981934
372.984771729
373.835662842
372.660095215
372.663604736
374.277404785
376.271881104
376.505554199
374.276916504
373.439300537
379.275268555
382.019744873
381.157348633
381.640106201
383.845581055
385.337158203
384.632873535
386.444946289
389.615386963
391.69430542
390.18661499
389.549346924
389.388061523
387.313079834
386.139129639
384.581817627
381.665283203
379.042572021
379.959777832
379.074371338
376.547393799
372.90423584
369.656158447
371.023223877
371.581878662
372.55770874
372.558288574
370.239044189
366.754455566
368.67590332
370.933044434
373.447692871
375.364471436
375.259490967
374.007385254
373.470367432
373.243621826
372.285125732
370.686401367
368.589141846
369.015686035
370.38192749
371.914672852
371.784759521
369.755310059
367.209289551
365.888519287
370.46282959
369.390075684
367.380889893
365.650695801
366.393066406
367.452697754
367.896728516
367.155822754
367.137878418
366.34487915
365.179443359
365.044647217
364.396881104
362.457122803
361.132171631
361.406524658
360.818756104
359.35043335
358.955963135
360.771942139
363.152160645
363.575500488
361.156036377
358.395751953
355.240203857
358.61920166
360.878295898
361.325439453
360.35848999
358.798553467
356.802825928
354.956298828
353.806182861
353.028625488
353.777923584
353.700073242
351.133026123
347.962341309
345.257446289
343.359008789
341.831268311
338.710754395
338.162078857
336.334503174
334.390258789
332.832092285
329.007629395
332.660186768
334.830749512
335.496765137
335.476318359
320.376281738
319.867370605
323.442230225
323.491729736
324.152923584
325.373596191
325.959655762
326.454467773
326.649536133
326.838439941
327.015869141
327.172546387
327.362609863
327.518890381
327.627441406
327.771759033
327.967712402
328.093963623
328.295501709
328.27166748
327.9715271
327.700805664
327.846313477
328.171051025
328.508728027
328.952087402
329.488525391
329.910583496
330.412536621
331.043884277
331.665527344
332.043945312
332.525970459
333.08013916
333.612792969
334.029907227
334.462310791
334.951965332
335.605010986
337.396759033
339.535858154
341.927246094
343.576782227
343.880401611
343.063842773
342.179290771
341.408966064
339.902679443
337.699554443
335.852966309
335.034240723
334.52734375
334.099975586
333.692108154
333.165710449
332.607971191
332.11340332
331.726654053
331.146881104
330.485046387
330.09286499
329.328491211
329.107879639
