681.4462891
679.3846436
692.7119141
686.9282837
675.9776001
670.0488281
665.2458496
662.4467773
651.7235718
635.8565674
632.657959
632.5625
634.7282104
633.5686035
626.211853
621.5864868
624.6467285
627.9290771
622.9616089
628.5837402
624.7975464
625.9387817
635.3469238
630.7636108
620.6394043
621.5657959
619.7000122
628.3088989
633.3206177
631.8348389
623.1954956
622.3372803
631.930603
630.3179321
619.2908325
622.9786987
618.9244995
615.2200928
617.9160767
620.0507202
612.0293579
590.1320801
594.4994507
602.5386353
591.3790283
583.5446777
614.2296753
577.1555176
585.5817261
603.550293
572.5490112
604.2281494
611.4780273
618.9798584
623.8239746
606.0689697
605.0463867
547.9330444
554.5015869
578.3401489
606.0078125
644.7614136
644.7510986
597.7060547
584.4176636
601.2527466
596.7713013
598.5879517
609.8025513
606.8685913
591.499939
596.0042725
592.0963135
580.9740601
557.3933716
582.5142822
593.5246582
597.2532349
594.3406982
528.2573853
521.8461304
528.4230347
540.6802979
556.5964355
555.8259888
559.9204712
560.4159546
573.2994995
573.2349854
574.609436
562.6795654
560.2241821
573.9407349
577.93396
574.0015869
577.0241089
581.0044556
596.7698364
599.5709839
590.2497559
596.0218506
595.4852905
582.2828979
604.645813
589.4833374
583.8010864
586.6536865
587.4971313
586.6326904
578.31073
565.0524902
580.7096558
570.7077637
569.3134155
572.9592285
585.7859497
593.850708
593.1095581
610.7651367
598.6296997
615.2460327
623.4890747
636.918335
616.8034058
613.2496948
611.8572998
614.0025635
614.6293335
616.8989258
614.6651611
611.6677856
612.4620972
630.067749
626.0963135
620.6777954
615.9885254
615.2772827
619.7115479
621.4400635
624.1187744
628.0762329
632.142395
633.4702759
639.015686
640.4249268
647.6130371
654.1049805
652.7516479
644.8640747
643.8723145
639.899292
632.4535522
629.93573
627.6611938
640.5394287
641.6160278
647.2985229
649.7185059
637.5443726
633.4675903
630.0157471
623.09198
626.6698608
619.1231079
616.0632935
621.4486084
625.9345703
618.6644287
620.3513794
610.5544434
614.6890259
621.5286255
616.8106079
595.899292
610.6314697
603.397583
596.7528687
604.505249
611.2617798
621.1413574
614.6796265
615.703186
597.5042114
608.3308105
611.3377075
615.598999
615.0136108
596.3261108
591.6531982
579.9498291
579.8208008
611.8497314
609.574646
626.0254517
633.5315552
650.4309692
637.9818115
679.5890503
691.046875
777.2426147
732.8986816
679.7426147
702.4610596
682.7307739
707.0357666
735.8406982
774.8400879
830.0394287
832.2045898
769.7421875
737.6956787
732.3805542
719.3209229
697.4754639
686.2788696
682.8781738
677.7271118
673.190979
666.5813599
658.8887329
655.9610596
658.5566406
660.5637207
655.7560425
654.0883179
657.666626
664.0262451
663.1392822
670.0175781
678.9630737
685.4266357
689.8275757
680.2495728
673.3786621
667.1477661
670.4539795
664.4349976
659.7384644
665.2070312
661.9204712
655.7302246
653.5883179
662.7261963
667.6279297
661.9470215
663.4088135
661.8265381
660.0713501
661.9763794
665.53125
669.3737793
671.0895996
675.0809326
675.4867554
677.5006104
679.6237183
680.788269
680.5723267
681.3942871
680.4619141
678.3991699
677.8776245
676.4926147
675.6393433
673.868042
671.4228516
672.8132935
674.9364624
676.1776733
675.5135498
674.69104
673.6813354
673.7942505
674.4093628
673.9087524
674.2237549
675.5258179
675.7139282
676.6077271
677.2564697
672.7965698
675.0953369
677.6434937
678.4693604
676.178833
675.7484131
674.118103
671.84729
670.0333862
667.8118896
664.7188721
663.7189331
662.4318237
661.74823
660.6395874
659.6751709
659.2318726
659.0418701
657.1965942
653.9995117
655.5831299
658.574585
658.6865845
659.6807251
660.5687866
661.9192505
662.7198486
663.6435547
665.515686
667.8873291
668.762085
669.0199585
669.1238403
669.8627319
670.28125
670.1401978
668.9196777
668.0140991
667.8513794
667.9042969
667.8424072
667.3851318
666.9349976
667.3353271
666.2441406
665.663208
666.7279053
667.6273193
666.6381836
665.6495361
666.312439
667.0455322
667.7597046
664.6448364
664.0039673
662.1697388
658.7811279
656.8480225
653.088562
651.9475708
650.2857056
648.3674927
646.5275879
647.0029297
648.0626831
649.6968994
650.2529297
650.1275024
648.6925659
646.8435059
646.0488281
644.0020752
643.4286499
643.7120361
642.8131104
642.1924438
642.6065674
644.1891479
645.1238403
644.8414307
644.0339966
643.6518555
643.2330322
639.6749268
637.7888184
634.2208862
631.8727417
629.3276978
626.5244751
624.4528198
621.8520508
618.9957886
617.6317749
615.0941162
613.8302612
613.250061
610.8098755
606.4237671
603.9024048
606.0874634
605.4850464
606.4371338
607.4690552
605.0040894
603.819458
604.7702026
609.8665771
611.0274048
613.5674438
615.2657471
616.9781494
618.9676514
617.6085205
617.0249634
614.2706909
613.5878296
614.4642334
614.5508423
614.6471558
614.4892578
614.2872314
613.2715454
611.7985229
610.8126831
608.6306763
603.4906616
603.9488525
605.9308472
608.7182617
608.8182983
608.7979736
608.2856445
607.3512573
605.9077759
604.3972168
601.7732544
604.2311401
611.5997925
614.133667
614.508606
614.4571533
614.6155396
618.9748535
620.6669922
622.0510254
625.9576416
630.4447632
635.8615723
640.15448
642.8379517
644.3609619
645.9212036
648.8816528
651.701416
654.2836304
657.1796265
657.4573975
659.3530273
659.9395142
659.6206055
657.7376099
655.6345825
654.0407715
652.3960571
652.3116455
652.7995605
653.2714844
653.5016479
652.9547729
652.6817017
653.7176514
655.0648804
655.4310303
654.4604492
653.0345459
651.2338257
648.8909302
646.7400513
642.6008301
638.3222046
634.6203003
631.034668
628.0150146
623.600708
619.1045532
615.4567871
614.9711914
616.1369019
619.0814819
620.2982788
619.9205933
619.2755127
618.8094482
618.6362915
618.4746094
618.4143066
618.623291
619.0917969
620.0490723
622.1051025
622.8217163
623.5202026
625.6140137
626.0557251
625.8556519
625.6274414
625.1419678
623.682373
622.1313477
621.9800415
621.7284546
621.7071533
621.7071533
621.7071533
621.7071533
621.7051392
621.659668
621.7206421
621.7994995
622.2983398
622.7020264
621.9643555
621.6026611
621.4675293
623.0728149
626.7591553
627.1264038
629.1102905
628.8200684
629.2356567
628.9769287
628.9459229
629.4763184
628.993103
627.7197266
627.9671021
628.2405396
628.076416
627.809082
627.9213257
628.0187988
628.1449585
628.1265259
628.4497681
629.581665
630.7988892
631.8996582
631.9992676
631.9296265
631.6938477
631.8101196
631.9606934
631.8866577
631.769165
631.5270996
631.4707031
631.5598145
631.8309937
633.180481
633.602356
633.90448
633.9071045
633.9277954
634.1230469
634.6813965
635.4846191
636.2108765
637.6162109
638.7526855
639.6062012
640.4805298
640.8794556
641.0050049
641.454895
642.3307495
642.2964478
642.2904053
642.3394165
642.6356201
643.1537476
643.758606
644.2630005
645.6348877
646.1091309
646.2615356
646.8459473
646.7667236
646.7652588
646.7648315
646.7687378
646.7567139
647.2502441
647.8357544
648.2445679
649.0420532
649.5582886
649.9686279
652.2388306
652.1749878
652.5197754
653.4492188
654.0671997
655.7614746
658.3099365
658.2730103
658.3126221
658.3251953
658.5975952
660.0551147
661.4406128
663.1149292
665.071106
666.1655273
666.4884644
666.7427368
666.7836914
667.6361084
668.468689
668.8804321
669.1151733
670.8648071
672.2398071
672.8710327
674.6766357
675.7850342
675.9567261
676.2915649
677.4959106
678.2776489
679.7401123
682.1709595
682.7070312
682.7128906
683.1956787
684.3230591
686.0299683
687.8134766
690.6775513
693.229126
695.239563
695.8885498
694.1469727
690.6157227
687.6992188
684.8305054
683.2310791
682.3909912
682.3457642
682.0333862
681.5900879
681.244751
680.9667969
680.9081421
680.7188721
680.6091309
680.6854248
681.1350098
682.0482788
682.3203125
682.1148682
682.4941406
682.1983643
680.9994507
679.6233521
678.6103516
677.5073242
675.6657715
673.6994629
672.8236084
672.0148315
671.6509399
671.743042
671.5386963
670.8076782
666.8948364
665.5460205
664.5526733
663.8137817
663.1768799
662.40448
662.0106201
661.7450562
660.9661255
659.9376831
659.2017212
658.2139893
657.5028687
657.2287598
657.2785645
657.5543213
656.9257202
655.0397339
654.0342407
653.4055176
652.7983398
652.5508423
651.9546509
651.3977661
651.0031738
650.4848022
650.6309814
649.8186035
648.2835693
645.1362915
644.9296265
644.9656372
644.9712524
645.795105
648.5015259
651.7544556
651.109436
648.9546509
644.6473999
641.9099731
643.6431885
644.7259521
643.9112549
639.7330933
634.5279541
633.4187012
633.9558716
633.9741821
631.8540649
631.3441162
628.9663086
622.0690918
622.2149658
622.5544434
621.8631592
622.2681885
623.6538696
624.291687
624.5031738
624.3517456
623.9376831
623.203125
622.09375
619.3305054
621.1318359
622.2735596
622.9100952
623.8934937
625.3015137
627.1201782
629.5693359
631.6157227
632.5321045
632.7974243
632.8845825
632.9957275
633.0263672
633.0158081
633.3366089
633.8126221
633.9091187
634.1694946
635.4900513
636.8209229
637.5932007
638.017334
638.1119995
638.53125
639.5709229
641.678833
645.1921997
645.9919434
646.0388184
645.9383545
645.9243774
646.09198
646.09198
646.0955811
646.0048828
645.9268799
646.2067871
646.8434448
647.5552979
649.0285034
651.5488892
653.7034302
655.0463257
655.8218384
656.4738159
657.0792236
657.8740234
659.09552
660.1799927
660.2271118
659.3392334
659.2330322
659.9387817
660.7025757
661.1053467
661.3617554
661.3977051
661.2751465
661.9885864
662.6970825
663.3565063
663.8452148
663.973938
663.3555298
662.0288696
661.0944214
661.8734131
662.7593384
663.2765503
663.5206909
663.4376831
663.1373901
662.5257568
662.1900635
661.0302734
660.4730225
660.1234131
659.8308716
659.6113281
659.7086182
660.0716553
660.2565308
660.1866455
659.9249268
659.5788574
659.0532837
658.2344971
657.5535278
657.1920776
657.5036621
657.8168335
658.0158691
658.0461426
658.1977539
659.2094116
660.2574463
660.7893066
663.5527344
665.8326416
667.6083374
668.9049683
669.3496094
669.4732666
669.3635864
669.3771973
669.6743164
669.875061
669.8730469
670.0390625
671.0118408
672.7974854
674.2418213
675.083313
675.3486328
675.2339478
674.708313
673.4381714
671.5933228
670.3017578
669.2450562
668.4454346
667.8703003
667.5457153
667.4579468
667.1332397
666.6036987
666.2861938
666.4784546
666.8065186
667.010376
667.2009888
667.2562256
667.427063
667.6063843
667.7689819
667.8579102
667.9666748
667.9932251
667.9276123
667.8305054
667.8077393
667.7826538
667.6670532
667.4755859
667.1975708
666.8422852
666.4909668
666.0761108
665.7585449
665.7928467
665.8982544
665.963623
665.8339233
665.8806763
666.1530762
666.4683838
666.7567749
667.0453491
667.3726807
667.7678833
668.0469971
668.3569336
668.6387329
668.9249878
669.1900635
669.449707
669.7392578
669.9459229
670.1487427
670.5443726
671.6138916
672.5783691
673.2225952
674.0318604
675.1643066
676.3671265
677.5787354
678.5262451
679.116394
679.6868896
679.6097412
678.8709106
681.7692261
682.9386597
683.0834961
683.1920776
683.3311768
683.4387817
683.5359497
683.6179199
683.4365845
683.3336182
684.0220337
686.1242676
688.1713257
689.7573242
690.8309937
691.7070923
692.3978271
692.9503784
693.449646
693.9048462
694.2891235
694.5857544
694.760498
694.9864502
695.8358154
696.4735718
696.805603
697.1049805
697.3798218
697.5878296
697.7870483
697.9128418
698.0454712
698.3720093
698.7828369
699.527832
700.4869995
701.4594116
702.5040283
703.5391235
704.5473633
705.2932739
705.8869019
706.5576172
707.5780029
709.0535278
710.3911133
711.5997925
712.7901001
714.0015259
715.3081665
716.588562
717.7452393
718.5941772
719.2104492
719.8260498
720.3352661
720.5690308
720.6235352
720.7306519
720.7299805
720.6505737
720.5628662
720.4884033
720.475647
720.4819946
720.289856
720.1934814
720.1833496
719.9699097
720.2642212
720.6450806
721.0415039
721.5165405
722.0369263
722.5072632
722.9411011
723.4502563
723.8007202
724.1306763
724.1224976
723.6917725
723.3101196
722.883667
722.4529419
722.1299438
721.8337402
721.4796753
721.1716309
720.9048462
720.6568604
720.6790771
720.6650391
720.6154785
720.5058594
720.4769287
720.4816895
720.4050903
720.1828613
720.2438965
719.6242065
719.2563477
718.8793335
718.494751
718.1266479
717.7006226
717.1695557
716.5430298
715.9271851
715.3091431
714.6899414
714.0192261
713.3586426
712.7406006
712.1043701
711.4403076
710.791748
710.1963501
709.6074829
709.1115112
708.71521
708.3496704
707.897644
707.3927612
706.9795532
706.6282349
706.2838745
706.065979
705.9506836
705.942749
705.96521
705.9766846
706.0471802
706.2803345
706.4977417
706.6374512
706.7404785
706.7749023
706.7158813
706.586853
706.3048706
705.8721313
705.4116821
704.9089966
704.3657227
703.8889771
703.4349976
702.9648438
702.4440308
701.9466553
701.4255981
700.942627
700.5143433
700.0552979
699.6044312
699.1853027
698.7191772
698.3492432
698.0058594
697.7130737
697.4720459
697.3224487
697.0340576
696.6767578
696.319519
695.9624634
695.687439
695.5961304
695.7661133
696.0036621
696.2399902
696.4851074
696.7613525
697.1055908
697.458313
697.8459473
698.315979
698.7209473
699.1504517
699.6331787
700.117981
700.5748901
701.0889893
701.5786133
702.0651245
702.4893188
702.9127197
703.3795166
703.7600098
704.0186768
704.2776489
704.5224609
704.8260498
705.0487671
705.2227783
705.449707
705.6516113
705.8812866
706.0404053
706.1985474
706.4284668
706.6855469
706.9416504
707.2589111
707.5740356
707.8490601
708.260376
708.7421875
709.1790161
709.5714111
709.909668
710.3067017
710.6762695
710.9755249
711.2294922
711.4342041
711.5626831
711.5889893
711.5371704
711.4212036
711.2333374
711.2006226
711.296936
711.4250488
711.5421753
711.7027588
711.9237671
712.1845703
712.3799438
712.661499
712.9896851
713.3449707
713.7972412
714.2253418
714.7540283
715.2679443
715.8545532
716.4923096
716.9827271
717.4512329
717.944397
718.2879639
718.5012207
718.7263794
718.87146
719.0289307
719.1380615
719.1651001
719.1330566
719.0738525
719.0721436
719.0593872
719.3302612
720.1602783
721.4943848
722.8776245
724.2348633
725.402832
726.5216064
727.4796143
728.2542114
728.8812866
729.390625
729.8253174
730.1109009
730.21875
730.3068237
730.2977295
730.3668823
730.383667
730.4543457
731.1942139
732.7412109
734.8322754
736.7955322
738.1710815
739.2885742
740.0877075
740.3343506
740.5458984
740.843811
741.1275024
741.4093628
741.7174072
742.0682983
742.5050049
742.9391479
743.8955688
746.2167358
748.7839355
750.2214966
750.8353271
750.5137329
750.5144653
751.0241089
751.9274292
753.1053467
754.152771
755.142334
756.0499878
757.0048218
758.0161133
759.0288696
760.2606812
761.539978
762.4744873
762.9192505
763.2215576
763.6445923
764.296814
765.1589966
766.1444702
767.2293701
769.447876
771.9334717
773.4182129
773.9758301
774.5620117
775.1508789
775.6876221
776.3615723
777.0744019
777.1223145
776.9891357
776.8599243
777.4066772
778.6473999
779.4190063
779.8401489
780.3413696
780.9368896
781.1829224
781.7195435
782.2502441
782.9658813
783.4015503
783.7443848
784.2184448
784.1787109
783.6903076
783.7980957
783.4051514
783.0198364
782.7952271
782.2944336
782.1516724
782.4007568
782.5500488
782.4755249
782.6604614
