84.1804352
79.6432114
84.1352463
85.3770294
86.4440536
85.6746674
85.5047302
87.5568237
85.3631134
81.7783585
78.5580521
78.7671509
77.4603271
78.8882751
79.2475967
80.1483154
81.1817093
82.9907303
85.1391907
85.8521729
88.2574921
90.7347641
92.5992126
95.9354324
98.2210922
100.6089249
100.2978287
102.2282028
102.5881882
104.2737198
104.8747482
110.075386
111.3771362
110.9925156
113.792717
115.9014893
116.1551666
116.9530716
116.6168747
115.1310272
114.8442841
113.7287216
113.4296265
117.3294907
119.0628357
116.8833237
113.883522
111.1384888
109.4060745
110.1761703
111.9961624
111.9536438
108.2093201
107.5367584
107.4292679
106.4594955
104.5378265
102.9646301
100.9620819
100.0745468
98.7993088
97.9286957
96.2974701
95.0276337
95.7019806
95.308075
96.3656845
102.4082489
101.1569672
100.923378
98.0157471
90.8371048
91.2335815
91.873497
91.0007706
90.3242722
89.4630585
88.1616058
89.9919891
89.7172699
90.8094635
90.9415512
92.039444
91.6743469
89.7663116
88.3457031
88.1952667
88.1166916
88.313591
88.4629211
88.2696381
87.8369675
87.5948639
88.0805435
87.0830002
85.627037
85.1713943
85.3779984
84.4746704
84.5404816
84.2626801
83.8851242
83.5841522
83.1295929
83.6589813
87.0446396
85.0911102
82.6921921
82.2068787
83.7603455
85.8017883
84.4614944
82.2446594
84.225563
83.7780838
82.8318939
81.9813309
81.5300903
80.9200058
80.2544174
79.6448746
79.1045837
78.3524857
77.957016
77.5720062
77.1987
76.7539215
76.2136078
75.159523
73.1021423
72.41082
73.1415024
73.1094208
72.9624252
72.6628494
73.0029984
72.758934
80.3465729
75.65271
76.0124054
76.6791077
73.9330673
78.4256821
82.1878357
85.7237473
88.3382874
88.6905899
88.4971542
85.1666412
84.9081116
84.6570206
85.2592621
85.5027847
86.5447083
88.8514938
90.5873489
93.5900879
91.2316132
89.3925171
88.4215622
88.4727249
88.922966
91.8441772
91.393158
90.4280472
87.7906342
87.1282196
87.7009354
88.6742783
88.3533173
90.0334244
88.6368256
83.1134491
82.3151855
86.57061
83.0830383
84.02285
83.6596451
85.9231491
86.2019653
86.0282516
92.6424789
93.5304871
93.9151306
89.7400742
85.5192032
87.3169861
87.4747314
87.7975159
84.7055511
81.8336182
79.6735764
79.117424
78.197197
80.103157
79.3821106
79.1935883
80.9935608
80.5866547
77.2536469
72.3810883
72.0883255
71.8408737
71.7087784
78.9987793
75.4463654
77.7935562
72.6457291
68.1609421
75.5569305
78.0105515
74.9927979
67.6171799
71.2674866
75.4572525
72.3770142
63.0443993
62.1936188
72.2673187
75.506485
61.6765022
65.1199417
63.2179909
61.8390465
60.4462624
60.8317146
60.6171951
59.7756996
58.7514076
50.3500938
46.31007
50.461647
53.1130333
51.8238297
51.0151825
50.6125908
52.1904259
57.5658646
65.030304
66.4639359
64.7904129
55.0273933
54.3505516
53.7029305
55.7163925
55.7266235
58.7212868
60.2669563
64.1889648
66.2939224
71.5512619
71.7061691
71.8903427
70.5735321
68.7543106
70.6947327
71.257988
71.9488068
73.026825
72.6566925
72.0758438
72.3753738
73.9480591
75.3456421
76.8824997
78.170372
79.709816
80.1917572
80.1496811
80.4272156
80.6529083
81.164444
81.3073959
81.8215942
81.3441467
80.6716537
80.8510284
80.26474
80.9648132
80.1843872
80.2949677
67.874588
77.5742722
80.1424408
79.6132126
78.6913757
77.614296
76.1592178
74.4185791
72.8387909
71.3906021
70.1247482
70.118988
71.3817291
72.8525314
72.9746704
71.8992767
70.6760864
70.1055298
69.777977
71.1986618
71.6371918
71.6905746
70.697258
69.9724579
70.0502243
70.5094528
70.5733261
71.3498764
72.2698212
72.6554337
71.4920807
66.2112961
63.1017151
59.9148293
57.0905495
56.9755325
49.5251846
47.2365379
53.9806213
55.32658
54.275219
54.733696
49.4222984
46.8635826
49.4885941
39.1911659
37.8798409
36.7813797
35.6633377
35.4443512
30.506937
28.1363907
26.5333767
25.5339489
25.3613777
25.1900272
24.9744911
23.2656326
22.0688286
19.807333
18.2841721
17.865799
16.5747757
13.871851
14.4514551
14.3384724
10.3652601
4.7983131
2.2710652
0.8483731
2.0660646
2.6381822
3.176111
3.5154514
3.8690217
4.3317208
5.0925364
6.01232
6.1744118
5.6311498
8.9172182
1.0261428
0.4383616
0.4031609
0.4178712
0.3798621
0.3893346
4.105803
7.0816917
4.3444433
1.0940094
0.3307014
0.2925518
0.2527168
0.2906376
0.2951022
0.3475378
0.3281677
0.365293
3.416507
6.3950605
8.5718803
8.9732428
9.7286119
10.8226538
11.8934584
12.0338202
12.376112
11.6515551
10.8614597
13.8612232
13.293107
12.4048929
14.2341471
15.0277672
15.8325119
16.3642616
16.9253998
17.5284462
16.8457069
18.1331673
18.915247
18.4702492
17.8336926
16.968174
15.5391588
13.922555
12.4531727
11.0251398
10.0823803
9.2872162
8.4015322
7.4841895
6.6359167
6.3652158
6.0451608
5.7091618
5.3497934
5.1326652
4.7182336
4.3365006
4.0343227
3.7220292
3.4757819
3.1890967
2.8991923
2.6126001
2.3001425
2.2473826
2.2208543
2.0807285
1.9864935
1.9374579
2.0195632
2.9881842
2.2330291
2.185039
2.1888173
2.1905935
2.2057917
2.1796696
2.6360991
2.2852869
2.1165535
2.1077995
2.0904124
2.1406386
2.0834529
2.0770764
2.0325646
2.030607
2.1240358
2.1997895
2.2604442
2.3644795
2.5396087
2.6861885
2.9532206
3.0409045
3.3718421
3.5360181
3.7495553
3.6866264
3.4615622
3.2882328
3.1805303
3.0791903
3.8350172
4.0665884
4.1653938
4.2924018
4.5520706
4.7048435
4.9841099
7.4198985
10.256546
13.1283112
15.7526617
18.2123775
20.7858601
22.620512
22.8653812
23.4115925
23.9995079
24.4629669
25.1320324
25.751173
26.4101658
26.9691868
26.9355335
26.8840599
26.5078049
26.3365898
25.8531132
25.5539188
25.2700253
25.501112
25.3759499
25.2149143
22.544796
24.2143764
23.1967964
24.1194038
22.8953018
22.40662
21.9501381
21.9694958
20.9254684
21.5418453
20.4079056
19.413269
18.7054749
17.5738544
16.447979
15.147027
14.2395697
13.8559027
13.4880495
13.2597437
13.7856226
14.7693043
15.8887196
17.010128
18.893034
22.1229382
25.5589733
28.4596157
31.1189957
34.2304688
37.7895279
37.5045052
32.4162025
28.1163578
24.3332176
20.6181622
17.8168087
15.9308767
13.3806124
13.8144855
17.2101936
17.1590462
16.2443085
15.2335482
15.0311718
15.6671772
18.7035561
23.9121284
29.0564537
33.5209351
33.0683823
31.9676075
29.8833942
28.344408
27.0544834
27.9933033
29.1824417
31.1849747
34.345211
37.4734039
41.360775
37.8932877
35.198082
32.0302773
30.3602905
29.8202953
29.2031956
26.750843
24.9440155
24.8634434
20.3111858
19.535183
20.26717
17.7675114
15.8475227
10.1533232
6.2429533
5.0546899
3.25
6.3642073
10.0846834
11.6432238
13.5813293
17.4820385
20.3445644
24.2991695
29.3321075
30.7517967
28.9402313
32.2826767
34.4723396
35.1682816
36.1626701
31.7488365
29.1177197
30.5298443
26.6191673
25.5585346
24.4027138
21.632864
20.0107517
18.3194599
14.6672516
12.2901402
10.0853634
6.9793587
5.4025259
3.5583229
7.3476295
10.3498688
14.2622375
17.5204334
20.1633549
20.0041924
20.7627735
21.0751877
23.3335762
25.3791542
27.9245892
29.4827614
30.0473557
31.0973663
34.1457787
37.4802361
39.8283615
43.0315132
36.4417191
32.8445625
30.1978188
28.315403
27.0293121
25.848732
24.7550964
23.8310261
22.418663
21.1746597
19.5564327
18.4082413
16.9311943
15.6561232
14.7094631
13.6305046
13.8623095
14.1416645
13.6480083
13.1393166
12.628108
12.7873783
13.2598696
13.3179464
12.729208
11.8163767
11.1345072
10.5558538
10.1148634
9.9227018
9.9720907
10.2424631
10.4501753
11.4388428
12.4096746
13.1667423
13.4020891
13.6289577
10.7331686
13.7956753
15.8368425
15.4727011
8.3700361
7.7546759
9.5396595
8.5569429
8.4644299
8.0019255
8.977829
10.9705839
13.0310431
15.9496336
16.4701805
16.1240215
16.6491051
16.792635
17.3309822
17.3543568
17.1084309
16.3007736
15.9133024
14.4121456
12.8980379
10.5628262
8.608139
7.7827549
6.3624144
5.0020566
4.59586
4.306499
4.0983109
4.0951319
3.0770962
2.7796068
2.9353235
2.7314966
2.8252985
2.8448784
3.1725895
3.4367418
3.928647
4.2151637
4.3774447
4.5089087
4.9412079
6.0771022
6.9483418
7.4410253
7.7778349
8.3189011
8.7098923
9.0986023
9.5028124
9.9380922
10.36483
10.7664738
11.1223173
11.4551105
11.4144115
9.5423012
8.5556698
6.0120087
5.4497452
3.9942234
2.7692759
1.491239
-0.0645306
-0.04
0.8316039
2.0866489
2.5618408
2.9723043
3.2439559
3.5706673
3.2952945
3.488755
3.6017568
4.119524
4.3496346
4.2105098
3.9194791
3.3152068
3.133539
0.8144217
0.3295165
0.903601
1.6326402
2.2401333
2.4760787
2.7244627
2.8790948
2.8068721
2.9081976
2.847677
2.7369192
2.821125
0.0324732
2.9723136
2.2366655
2.3593414
3.3892963
3.4807534
3.0765262
3.406096
4.8294964
6.6662183
7.920238
2.8216066
0.0624573
0.0400781
0.0483829
0.045475
0.0148804
0.0243184
0.1101194
0.027036
0.2605116
0.2999696
0.2775093
0.2730567
2.5961568
3.8646917
2.2615218
1.9708803
1.9246165
1.6085426
1.4120381
1.7449772
2.0607257
2.0246456
2.0290928
2.1319895
2.4309564
2.6634893
2.8182774
2.6811972
2.7993054
2.4495897
2.697731
2.8330579
3.007849
3.3854599
4.4773583
5.1559672
5.1198001
4.8998756
4.1616464
4.0516782
3.7137802
3.4569156
2.43697
0.6004063
0.8894307
3.9404755
3.9562471
3.3926952
3.7237351
3.9561443
3.4759293
4.7736783
6.4301014
7.7426858
9.0557814
10.4450245
11.5993805
12.2038803
12.0148096
11.550602
11.1578531
10.7508841
10.4548616
10.6429358
11.0537109
11.4237099
11.8388309
12.4078083
13.1772041
12.7874432
11.7580681
12.6147318
12.474371
11.019907
7.9774909
6.3236399
5.2529082
5.3911815
5.8195028
3.6910765
3.198514
3.030582
4.3455486
3.6428673
3.2719841
3.8671978
3.5479579
3.3608015
3.4708309
3.8793888
2.4210026
0.0624246
6.6741347
7.7018423
8.669034
7.0273666
3.700242
8.0819511
5.4968448
3.6775386
1.3548959
1.5290928
1.7488724
1.6194861
1.5710777
1.4153466
2.1656609
2.8539739
1.8700854
1.0371205
0.9987891
0.8849782
1.5538007
2.7268777
1.698904
1.4371246
1.4290832
1.5682046
2.7034388
3.3151851
3.3436875
3.0783863
2.6070609
2.6109545
2.8545558
2.4826515
3.3025475
4.6768641
4.79707
5.1724248
2.0962989
4.6976399
2.6857159
3.4321227
3.5055058
7.1527319
6.8395214
8.0548468
9.7391243
3.1668024
6.5622654
7.9683509
8.1758108
8.2011709
8.6415796
9.2700777
3.4359894
2.3048079
1.3594509
1.6468143
4.9621468
4.4266729
1.5770283
4.350616
0.9836968
1.7593287
1.1767079
1.0964017
1.5433503
3.6936922
1.8810141
1.1272159
2.8932471
2.1100569
2.487498
3.1890125
2.8032067
2.6241016
2.4931836
2.6060522
2.8595028
2.6523578
2.4046943
2.0538361
1.634315
1.6105949
1.3590778
1.1004735
1.2978145
1.8802477
2.0205581
2.7628295
3.4037049
3.624892
2.885746
2.4920037
2.5529823
3.2577708
4.7824817
3.1248646
2.4228485
1.7915772
1.6401014
1.9009554
1.5801841
1.8935006
3.0372837
4.5063539
4.4515452
3.4719455
3.1221871
2.66154
3.7431784
4.075335
2.321454
1.6711665
3.3427088
1.3956347
2.0916016
3.7028913
3.5200121
3.2755809
1.551185
7.8912845
7.6605978
6.6377869
5.3909516
4.1734309
2.4797099
6.6435857
8.4570999
8.3144016
8.1616974
8.0731716
8.4221191
0.1095252
9.5269499
5.4754863
0.0429609
1.0717109
8.8667746
3.1164095
3.3109438
2.9247942
4.1546993
4.222393
3.0579369
1.9525759
1.296176
1.6154298
3.0341711
3.551322
1.457075
1.4225672
1.6289678
2.7821584
1.6497949
1.2287339
0.8288956
0.8815002
1.0820268
2.4479418
2.351943
1.9721905
1.9686739
2.015147
2.4499195
2.7155788
4.1041851
6.1665754
7.5145698
8.5259905
8.6108513
7.6971025
2.2210162
0.1048587
3.8085723
3.3610299
3.3560345
3.1730165
2.8456328
3.1478443
3.8368828
4.1537471
3.1221044
3.7128115
4.7142191
6.1935859
6.2319164
6.7675977
8.0164042
9.2907486
10.5083103
11.6693497
12.3959122
12.4832621
12.0469255
11.5733347
11.0943499
10.642293
10.4994755
10.9119911
11.3803539
11.8513641
11.9826622
11.4828157
10.1823292
8.2760172
6.6340051
5.4584575
3.934478
3.0932646
2.8674438
2.8214819
2.3766954
2.4736435
2.8119316
3.2105966
3.461261
3.5920529
3.9869409
3.9357045
4.930367
5.2390037
4.1980419
3.8082552
3.3442414
3.1340489
3.2161224
3.1219764
3.215621
3.3774779
3.0526938
2.4606566
2.1278915
2.6569438
1.8849266
1.5796068
5.2560616
2.7449923
2.2837446
7.0251703
7.4509096
3.7642188
2.0976164
2.6614282
0.3982652
4.3826666
5.268014
4.149066
2.6636705
3.3397076
3.8940697
3.9956222
2.9567313
1.8004451
1.6309433
2.2945876
2.520788
2.5502388
3.3482478
3.8513899
4.1032691
4.7750735
5.3826098
6.3428411
5.511538
4.4047985
3.0036526
2.3289444
3.7710133
3.6964126
5.5326071
4.2746315
3.6640503
2.6544905
3.3485403
4.8133249
6.3288336
5.486176
5.8790293
3.2196586
0.4283885
1.2792903
4.4440393
4.9841819
3.8760862
3.3766663
4.2200985
5.3807635
6.1418495
5.8684793
4.7950387
3.9089732
3.4545712
3.1669991
3.1264484
3.8664234
5.9325862
14.1786127
14.7163105
16.9439106
17.9534416
18.2375088
20.6496449
22.4946918
23.7822819
23.5379295
21.3147507
29.5665836
33.2518692
39.1387062
39.1382179
45.2676468
44.1473198
50.3629379
51.1301994
52.1637115
54.8048134
55.857235
54.3359261
48.0587273
51.808876
58.9211197
55.5965004
56.6169434
55.208046
55.1446571
59.3459625
54.9648132
51.4141808
50.9679832
51.4049644
52.8460045
50.3840446
48.0982246
51.6159706
60.1409645
60.6983452
62.3092384
62.2031097
65.0258179
75.9190598
71.5325394
74.9956818
61.9171638
63.2946053
77.5059357
76.0191574
70.5016937
78.4296722
79.3724747
70.8950958
73.0484924
78.2050705
78.4163513
75.518486
72.3581848
77.6326981
76.1781311
79.823204
83.088295
79.6542053
81.6352921
81.5438461
80.249115
80.3089142
83.2341232
87.2680511
88.5145721
88.1886826
85.448555
93.1439514
93.5103455
93.4029541
88.5720901
90.2249985
89.2517471
85.9384766
84.4934616
84.6432495
82.1757889
85.9599075
90.2594604
90.0690231
89.9919968
88.111351
86.6807938
85.7502289
84.8420639
84.4123611
84.2355728
84.0009842
84.1050949
85.269455
87.883812
90.1626587
90.6391144
90.2140045
88.7333755
87.0794296
85.3177185
83.7638855
81.3934174
78.1720886
76.1307907
75.5824509
76.0481873
76.3248138
75.857254
75.6388321
78.9478455
78.9557037
73.9760742
72.8064041
72.0624161
72.1353683
71.9400635
71.8773041
70.1743164
70.1451263
71.4317322
73.4354477
74.2122116
75.6719894
75.3083572
74.9740982
73.3134003
73.6947327
73.2225647
75.6533966
73.4551926
73.348793
73.311409
74.4482803
73.8492203
76.4597015
76.8639908
77.2139359
77.3880005
77.9315033
78.2911072
78.9565735
80.461647
81.4159088
82.1226578
82.8168716
83.5059052
84.1661453
84.8113098
85.4670181
85.6633987
84.1128235
87.7685165
88.3093643
89.0465775
85.863678
83.2837982
83.5609283
84.3508377
85.5867691
86.8877106
84.3340683
85.0863571
84.4130402
84.8169785
83.9158249
84.129776
84.2576904
84.5527725
83.4076843
85.2896194
84.8029175
84.9838791
85.3865662
85.7502899
86.6886826
87.9211273
88.5497665
88.4124908
88.9895325
88.8984604
89.2663956
89.4300995
88.9378357
88.5525055
88.2976227
88.0838776
88.1450272
88.3484955
89.164711
90.0900269
91.6869888
92.2417831
91.5384064
90.9600677
90.9200974
90.444725
89.6977844
89.6463699
89.2682343
91.0046616
91.3007736
90.3036804
89.7056656
90.6975708
90.9038086
91.4246368
91.6313858
91.3399048
91.1171951
90.8392639
90.7111588
91.6099167
92.9606628
95.572525
96.5335541
97.1874771
97.0829468
97.5097656
98.6077652
99.0512085
98.2578888
97.1444473
97.0175781
97.318924
98.5211868
100.8994141
102.5497513
103.5549698
104.7265396
104.8066025
103.9229431
103.5602798
104.9720001
107.3028488
109.0568008
110.0497818
111.5502319
110.9119263
109.4582901
108.9300766
111.4227524
114.0489502
113.893013
112.5767441
111.1267395
110.4346313
110.4278717
111.3087997
113.6571198
115.4141312
116.7321777
117.866127
118.7063217
117.1887283
114.6755066
114.3214951
114.5366592
114.8991394
115.0259247
115.0731659
115.476593
116.498024
117.1774216
116.7503281
116.2919464
115.5326309
115.6700363
115.110527
114.5968399
114.3083725
113.4355392
111.7698135
109.7419434
107.9960251
106.3758087
105.7703781
105.4913483
105.0862045
103.9467316
102.2100067
100.6108398
99.9468307
98.7319107
97.2936859
95.6932297
95.0964966
93.6041031
92.5020676
92.2909088
92.2388992
92.1227341
92.132782
90.188179
87.6317978
85.2138672
82.2881393
80.5150452
81.4125443
81.7178345
81.5396271
81.5230179
81.9301758
82.947403
84.2937241
85.9093018
87.2733459
88.7143097
90.3983002
91.9722137
93.5225525
94.9142227
96.542572
97.6728058
98.4398575
99.3541489
99.6963043
99.3287201
98.7134552
98.2321396
97.7863617
97.0312042
95.484848
92.9493103
90.3548508
88.6405411
87.9986115
87.9145889
88.1630859
87.4582214
85.3028412
83.7429886
83.2998505
83.3980255
84.099884
