171.8277435
170.0438538
168.5080719
167.4711914
167.2098846
166.858429
165.9683838
165.7105255
165.7113342
165.3180237
164.7831268
164.6175385
164.804718
163.9328918
162.0042267
160.7446442
159.7813263
158.2774658
157.2685547
157.1351166
156.7605743
155.3517609
153.6142883
152.3395691
150.8700562
148.7997589
146.6340942
145.0394287
144.1225433
143.7663879
143.9136658
144.1664429
145.3497772
148.6052246
151.8802032
153.7675781
155.9363861
157.9149475
158.9331055
159.9571686
161.295639
161.9016113
162.2003174
162.3626709
162.1810455
161.2136993
160.8139343
160.8488312
161.1983948
161.9663849
162.2966156
163.271347
164.2522125
164.2703247
165.1377106
166.0014038
166.2654877
166.0193176
165.0782166
164.8267059
164.8852081
164.3846588
163.7888336
163.7596436
163.6216431
163.0436554
162.7596741
162.7736664
162.7380066
162.3273621
161.9434662
162.121994
162.6516266
162.7798462
162.9266968
164.0882416
164.1501312
162.9866791
162.9385376
162.2042389
160.9914398
160.8167114
160.4689636
159.3451538
158.1400146
156.866684
155.4319763
154.8539734
155.2848663
155.35672
154.7216187
153.1604309
151.7196503
149.8665466
146.9681854
144.7251587
143.8785706
144.3533478
145.8683624
147.3928833
148.2518921
148.4851532
147.6229095
145.8705597
144.6302795
143.8312073
144.2052612
146.0163269
148.1826477
150.3652649
152.7187805
154.5740509
155.4255219
155.8334351
155.8130951
155.7393646
155.8072662
155.2023468
154.859787
155.4593964
155.953186
155.8638153
154.6839142
153.7173309
153.9423523
154.0684967
154.0233307
154.3551025
154.5149078
154.3605347
154.147522
154.5452728
154.8634186
155.3653564
156.3703918
157.5032349
158.1290894
158.4436188
159.2629089
160.1482697
161.1713867
161.9228058
162.245224
162.7246857
163.3056946
163.3330231
163.0285797
163.0099335
163.140564
162.8862762
162.6327667
162.6748505
162.8531647
163.4404907
164.1643982
164.4370728
164.7211151
165.08992
165.0950623
165.0990906
165.3264923
165.6511841
165.6351318
166.1000977
166.7049561
166.8407745
166.1980896
165.8087311
165.8490601
164.9468842
163.4155884
162.6722565
162.6771088
163.0753632
164.0663147
164.7946625
164.5937958
164.253067
163.9094086
163.1086731
162.7863464
162.3655853
161.553421
160.7057037
159.9929352
159.0697632
158.9990845
160.2324066
161.4918518
161.989151
161.5485687
160.4422302
159.1408386
158.2353668
158.3347015
159.5194702
160.4077301
160.3996277
159.6618347
158.4555511
157.6586456
157.20578
157.3542175
157.9110107
159.117157
159.1345673
158.0546112
157.7217865
158.2543182
159.6673584
160.9834595
163.1198883
165.1258087
167.0325623
168.5432129
168.5691528
167.9130096
166.6884766
165.375885
163.0901489
161.0034943
158.865509
156.501709
155.4208527
155.7263184
156.7384338
158.8183441
159.6487885
158.3651733
157.7391357
157.750824
157.7228546
157.8449097
158.372406
159.1347656
159.4742279
159.2277222
159.0990753
158.844696
157.6524506
156.7635345
156.53862
155.0779114
153.2971954
150.8864288
147.9242401
147.2167816
149.8822632
153.2686768
155.2956085
158.5751495
157.6255951
155.0579987
151.1053467
149.3528595
146.7470398
143.2649231
141.3148804
138.6904755
136.6890106
136.4700928
136.0051727
135.484314
137.4005585
138.46521
138.6596527
139.2529144
140.4850922
139.5971832
137.4922485
133.3379211
131.8093719
135.2590637
133.8116913
133.4273529
132.1572113
134.1681519
136.3184967
136.5301514
131.891037
128.6268768
123.0651398
121.6878738
125.6068649
130.693161
131.7712097
129.7163391
128.2716827
126.6107559
125.7515335
126.2929535
125.8271332
125.4665146
126.4766846
126.8857727
128.0815125
127.6674271
127.3461761
128.5605774
130.0429993
132.6672668
134.2973328
136.478714
137.4894714
133.9134064
130.7678986
127.2008362
126.0395737
126.9804993
126.807045
134.0546417
137.8810577
139.0364075
142.3086548
140.6794281
141.4527588
141.9051361
142.7985077
146.1472321
142.7753754
143.4497375
144.2060089
139.6617584
135.2027893
130.9994507
126.6207428
125.7841339
121.1186752
120.0089722
124.1410522
122.5067978
119.0167313
120.0047379
121.4775467
120.7533493
118.0016098
120.6154099
121.0589905
121.302948
117.8938828
117.4045105
117.0955811
115.8285828
116.6821594
119.1446381
118.8072815
117.7217789
116.9823914
117.0861282
115.6757889
114.2324677
111.7237778
108.676239
106.1121902
104.0568695
101.5670853
100.9827881
102.8276672
103.5445557
104.1446991
102.5287552
100.7133713
102.5533676
101.1439972
99.9389725
98.843895
98.7336655
96.745491
94.4331818
92.8387604
92.8093414
93.4254913
92.4382858
94.1806793
98.1732788
98.3862381
94.3462067
92.9118118
93.4549561
93.1978531
91.0535202
90.90345
91.8659134
91.4887924
90.5815353
92.6493301
97.112381
101.0550537
101.025856
102.6111603
107.5577927
113.9118729
113.0600815
114.725975
112.67453
109.8241501
106.4309616
111.9982529
118.3021851
120.6991348
118.2028885
119.3643875
120.1050644
120.1753159
121.1430817
123.3298111
125.9606705
128.1231232
130.3977814
132.7665558
132.7988586
132.2907257
132.982605
133.5632019
132.5545197
129.8362122
126.2932129
123.262825
122.3137894
122.3943558
122.439415
122.8787918
122.8844986
122.0387039
120.7630539
120.5208359
119.6364517
118.244339
116.4933319
114.6463013
110.8192825
112.28228
111.3634567
106.5804825
102.8110352
101.3759995
101.8217926
102.1147614
105.5181732
107.435173
110.9864426
111.9263992
114.4757767
116.3460007
118.5436172
119.0141602
119.193222
119.644928
120.3425217
120.0690842
120.6907806
121.6349411
122.2604828
122.2410736
123.0164108
125.4614487
128.0749969
128.2777863
127.3166962
125.6600037
124.1238708
124.7500916
125.5287476
125.7213211
125.9010391
126.1644363
126.3402023
126.1264954
125.3618469
123.9449844
122.2541656
120.9908218
120.245575
119.6395493
117.5280762
116.4648514
116.1732025
115.8813019
115.6878433
113.095047
116.0269852
115.3440704
114.9152908
114.9538956
112.5470657
110.5781631
109.2754822
109.3939285
109.7217102
112.8028564
111.624382
109.7313004
107.5643768
104.2731171
101.5069199
98.3191605
96.0401993
95.6760025
97.3015518
105.656868
110.4354858
113.6283264
115.1626053
116.1937103
120.7169495
121.3855667
122.9736404
125.4872818
127.4152985
129.8681793
131.5906677
132.7616272
133.8403168
136.4659576
136.5682678
135.7515259
138.3347931
139.9322815
138.9404602
137.9320221
134.7214355
130.6965027
126.7637863
123.4375458
121.0637207
118.7658691
116.9502869
116.5568085
118.3068314
121.2228699
122.7502823
124.9968262
128.2644196
130.0866852
132.5489502
135.4727478
138.0579224
140.6523438
142.8447418
144.8449554
146.8043365
148.4034119
148.2789459
148.0406494
146.5228119
143.1262817
138.7272797
136.2130585
136.0697784
137.8503418
140.2465668
142.7429352
146.0635376
147.8391266
148.7092133
150.6799164
153.223053
153.8256989
154.0886993
155.0804138
156.6565094
157.1206665
156.0808716
153.4721527
153.1442108
156.6129303
157.2661896
156.9706116
158.4147186
159.0958557
158.5317078
157.9741211
160.0062866
163.6884155
167.2658539
168.9188538
169.3273468
167.3674774
165.4316711
164.0141296
163.5784607
162.385376
161.5748291
160.3602448
159.4578552
157.4844208
155.791214
153.8254089
151.8957977
148.7419739
146.1567078
143.6855621
142.9721069
143.6446075
144.7880859
145.0120392
144.5968018
144.0720673
145.5817261
147.2744904
148.4322662
148.3115845
147.2119446
148.0634766
148.153717
148.1094818
148.5158691
148.7926331
149.1770782
149.6606903
150.2107391
151.3097839
152.6905365
153.9403534
155.5276794
157.4263763
158.7204895
160.6142578
164.4031982
165.347702
166.0900879
166.9736938
168.2817841
170.1880341
170.8817291
173.2939148
175.7080231
175.7015686
175.0892944
173.0316162
171.9698334
171.8776093
173.1020355
174.8615875
177.0543671
178.9358978
178.9885712
179.058609
178.885437
178.5409698
178.2712708
178.6559296
179.1584778
179.8034058
179.8284149
179.592514
178.2555847
176.6472931
175.3152466
171.6595917
170.4416504
170.279892
169.8902588
168.9302368
168.3979797
167.8978577
168.0088348
167.4273834
166.5065613
166.6468964
166.467865
166.4086151
165.9456635
165.5371552
164.7887573
164.5388641
162.7353516
159.1021881
155.0496674
153.3022614
154.9269714
157.0690918
157.1993866
157.1426392
156.3874359
155.9282837
154.9295349
153.2328491
151.5459137
149.3566742
147.3619537
144.6548004
143.3289337
145.918335
146.8525238
144.4811249
140.1851501
136.259491
134.4020233
138.0762634
141.6793518
142.2186432
141.8517914
140.4997253
137.2753601
135.468399
131.9132385
130.9380646
129.6300354
130.5704956
129.7245178
126.7636108
127.8127594
129.8406982
132.9284973
137.4971161
139.8653107
139.0688171
136.6444092
135.9337921
133.9505005
134.899704
138.0136566
138.5492401
137.1450806
136.3111572
137.823288
138.1377106
139.5004578
141.5420685
142.3000641
142.0414581
140.5322571
140.0097504
138.9390869
137.396759
136.4881134
137.2395325
140.035202
142.7549896
143.9726105
144.5432587
144.9022675
142.7013092
140.2589264
138.4385834
137.2984619
136.3009644
132.0844727
130.6083069
133.8580475
136.9238586
141.1178894
144.6815338
143.3758087
141.8476562
141.5501862
140.7861481
140.3862305
140.6410217
141.2015839
142.7621155
144.1843414
145.466568
146.0719299
146.6719666
146.7470093
145.2696228
144.0522308
143.2702789
142.307724
141.2130737
140.6973877
140.8877258
142.7819214
144.6999969
145.9588013
146.0633698
145.2743988
145.2599945
145.4564819
146.8777771
148.1968231
149.3701172
150.4512787
150.4000854
150.4754639
151.3514557
153.0124817
154.0190887
154.3449097
153.4305725
151.669693
149.6884766
149.2410431
150.1692505
151.1698608
151.9207153
151.9525757
151.4055023
150.5275574
148.9495239
146.7496338
144.0899658
142.0302734
141.8379059
142.3235931
142.0573578
142.2580719
142.9283752
142.627243
140.6474152
138.6138916
138.1307678
139.7432709
141.4768829
141.9335785
140.9168091
140.6758423
140.0136871
139.2700195
138.2259979
137.362793
136.765274
135.7206726
135.9200745
137.086792
137.6272736
138.8273926
140.7370758
141.1096497
139.5473328
138.0447998
137.3651733
137.1889038
138.222702
139.1221466
138.9578094
138.0883484
137.9242401
138.7644653
138.0323029
135.839447
134.5040588
133.7605286
133.5741272
132.2160645
132.1768799
132.5337219
132.0581207
131.8369904
132.188446
132.085083
131.4863892
128.7789612
126.578476
125.3621902
124.9846725
125.3030319
124.7527008
123.9028778
123.2996292
122.2136383
121.7955933
120.8635483
120.5011978
119.8198318
119.5062714
120.548996
121.4143372
122.0647049
123.9748764
125.635582
126.9268723
129.2139282
130.1486206
130.7906342
131.6477814
132.7488556
133.9226685
134.5171356
134.5491028
134.2799225
134.0935974
133.1520538
132.1856537
131.9118805
132.7122498
133.1808472
133.2413635
132.8742371
132.3740997
132.3260651
131.6834564
130.5369873
129.4405365
128.1526489
126.3586502
124.8867493
123.8940277
122.3582153
120.9310532
119.4122314
118.6247711
116.9098511
114.8160019
113.7043457
114.1350784
114.523613
114.6002121
114.6103516
114.3753815
113.5368958
112.8350754
112.5720749
112.446785
111.7292175
111.5941696
111.0472641
111.2114792
111.8490677
112.9244766
114.3254929
114.7071457
115.1880493
114.3538742
114.2480392
115.1782837
116.8854141
118.9309769
120.4719009
121.5591812
122.0036316
123.5103989
126.4028397
128.3982239
130.2784576
132.2579346
133.8427429
133.9871216
133.7198944
133.9703064
135.290329
135.4120941
134.1279602
134.3090668
132.8625793
131.6646881
131.7523651
131.918808
132.8744202
132.4650879
131.7503357
131.7626953
131.8339386
131.7472382
130.1157532
128.4894714
128.14888
128.461792
129.4214172
131.4887238
133.4171448
134.335144
134.141861
134.2024384
133.922287
133.7412872
135.3228302
138.1942139
140.336319
139.7637329
137.5974121
135.3961487
133.0621185
131.596405
130.5080566
129.7670288
129.9905396
130.9646759
130.9543304
131.1847229
132.1712341
132.8838043
132.2701874
131.2350769
131.4787445
131.7315979
131.707962
131.8975372
132.0535583
132.9340668
132.917984
132.7376556
132.7191315
133.1564178
133.4501495
133.4551392
133.4680023
134.0571594
135.2454376
136.556839
137.3588257
138.114624
139.0532684
140.3832703
141.417099
141.6867981
142.3886566
142.6004486
142.4878998
141.8204193
140.5930634
139.7799988
140.0093994
141.368988
143.8341217
146.4480438
148.6850128
149.8846588
149.6780548
149.9828339
151.3481903
151.8021088
150.4726257
148.8014374
147.4804535
145.7881927
144.2416229
145.0371552
145.5382385
145.1776733
144.4962311
143.4070282
141.9728088
139.9838867
137.4182129
135.2061005
135.1523743
134.6277618
134.5400085
134.1653595
134.5621338
134.8110962
135.1660767
135.387085
134.7637634
134.0274506
133.0679932
131.8279266
130.7377167
129.741806
128.8442078
128.1454773
127.9487915
127.2244186
127.0942841
126.8870239
126.7246628
127.8156586
127.7373581
127.2492447
128.1188507
128.6074066
129.7614899
129.5815277
128.6193542
128.6853027
129.3984833
130.3716736
132.2317963
134.0402222
135.2953186
136.8920746
138.1307983
139.7949677
140.8347778
140.9519958
140.8104553
139.0460358
136.9905548
134.921524
133.8351593
132.9307404
131.96492
131.5379639
131.8347321
131.8717499
132.229248
132.7557068
131.8920288
131.6369629
132.2913208
133.661911
134.9157715
135.9697571
136.4980316
136.4992065
136.3931274
136.3602295
136.8395081
137.6773529
138.1440582
138.8254395
139.6443787
140.8910217
142.1170502
142.9147339
143.1706543
142.8263855
142.1749573
141.3520966
140.2808685
139.1895142
139.3886414
139.4315643
139.4228668
139.4395752
138.9209595
138.4403381
138.1447754
137.8262177
138.0441895
138.7011871
139.585083
141.0940094
142.668335
143.8623199
144.2597046
144.7452698
144.9986115
145.0953979
145.5719757
145.9688416
146.2723694
146.7517853
146.6361237
146.2683563
147.2977753
148.2437744
148.3598938
148.0714569
146.1108704
143.6723938
142.9440613
144.3442993
146.5697479
148.0786591
147.4606628
145.8102417
144.3676758
143.1844482
142.623764
142.626709
142.7317505
142.8334198
142.7860107
142.7624054
141.9906158
142.2445068
143.601944
145.7131348
147.2648926
148.9668732
149.3733826
147.9113617
145.7108154
143.7752228
142.6378937
142.0501556
142.7063141
143.3539429
143.9954987
144.9098053
145.234848
146.1262207
146.8815155
146.1141052
145.7886963
146.1801147
146.0215607
146.5091248
146.098114
145.7846375
146.3522339
147.6252289
148.3969879
149.0832825
147.8866272
146.6098633
146.4902344
147.8038635
148.3795929
147.9252472
146.5765228
144.5807953
142.7372589
140.3960114
139.4236603
140.9724579
143.9070129
144.8880157
142.2672272
137.046463
136.0945435
140.8983917
144.3625793
144.1326141
144.2122192
145.2393951
145.0631409
144.8315125
143.8736267
142.263382
140.6617432
141.9729919
145.5051422
147.3758698
146.7902222
145.4497681
146.364502
147.9108276
148.5919037
148.1458282
147.1558838
147.0283356
146.6500092
146.2389069
146.0995331
147.2833099
144.8665619
140.787262
141.686554
145.7769775
148.3212128
149.8742218
150.699707
151.2526245
151.902359
152.2091217
151.888916
151.9968872
152.6581116
153.2783508
153.1287079
153.5483704
153.5023804
153.1281433
151.7133026
150.7835236
149.4309998
149.0634308
151.1483154
153.2714539
153.6317596
152.8777008
152.0340881
152.4216003
152.9161072
153.8265991
156.045517
158.0085144
159.2791748
159.3222351
158.7321625
158.7841187
158.7443085
159.2827454
159.5465393
159.6387177
159.7610931
159.7645569
159.8963928
160.0892487
159.9950714
159.7973785
159.7585144
159.7514954
159.7203064
159.7107391
159.9295349
160.8720551
161.9616852
160.1687469
157.8997955
157.3343353
158.9624329
161.0001068
162.3666229
162.7738495
162.2937622
162.3907928
162.7588959
162.9949951
163.64888
163.792572
163.7780762
164.2836304
165.5204926
166.4257965
167.3402405
168.2218323
168.9172668
168.8783417
168.7814789
168.7781982
168.4750214
167.6951752
167.4037476
167.0291595
166.7501526
165.9693756
165.5331421
164.7551422
163.348053
162.7594299
162.7384949
162.3463135
162.9430847
164.3508453
164.9967651
165.3430786
164.8641968
164.3100281
163.5649872
161.3780365
157.0421295
154.380722
155.6890717
158.9957123
161.7834015
163.4980927
165.2213287
165.8083649
165.8512573
165.41922
165.1452942
166.4116974
168.8326416
170.7433624
170.7251892
171.1928711
171.2022705
170.7213287
169.3964996
168.6305389
168.3423462
167.5155182
166.4797058
165.814682
165.5413208
165.2253418
164.4821167
164.6131439
165.9637146
168.1839294
170.1186829
171.0536041
171.5287476
172.8339844
174.4265137
175.5505829
176.3536835
176.167923
175.9277039
174.8223572
173.8700714
173.4659882
173.5823212
174.718811
174.9497681
174.4895172
173.7085114
173.2168884
173.4610748
173.3673096
173.133728
172.9562836
174.2952728
175.9720917
176.7852478
176.8526917
174.7931061
172.8527374
172.1143494
171.7578888
171.3482513
170.2879944
168.5898743
166.1773834
164.5719757
163.7102814
162.7368774
160.9508667
160.7448425
160.5362854
159.4264069
158.7080536
158.6738281
158.238205
158.1760864
158.4346771
158.8294678
159.135849
159.0834198
157.9555511
156.3675079
155.750412
154.7956543
154.717926
154.7424164
154.96138
154.6237335
153.5846863
152.9031677
152.2176514
150.7555695
149.6279297
150.1676331
151.0871887
152.4606018
153.6656189
155.4655151
156.9403229
157.9655914
157.8318176
157.4298706
155.9425812
154.7649078
153.9133453
153.5139618
154.1258087
154.8306427
155.5414581
156.0022125
156.2843781
156.0859528
154.7782135
153.1167297
151.8093567
149.9820557
147.0668488
144.8371735
143.7889404
143.2957001
144.0987244
145.2644501
147.8329468
153.3134155
156.2033386
156.0623627
154.9652405
155.0162201
156.6100769
158.6788635
159.8302307
160.250885
160.1611481
159.7482147
160.0750275
159.95047
159.6931152
159.8586578
160.4353027
160.7792206
160.8075256
160.7989807
160.9875031
161.8644562
162.0431519
162.6354828
161.839447
160.6066132
158.8435974
157.4443207
158.2340393
159.333374
160.6030884
161.5290527
162.8184967
164.8510437
166.5222626
167.744873
168.744873
169.8970947
170.6300659
169.4375458
166.5307922
164.7454529
165.0187988
167.118576
169.2730103
169.5330658
168.1520386
166.8414001
165.5316315
164.26474
163.6399231
164.0216522
165.5796814
167.0505981
168.0074768
168.07901
168.0743713
168.7364197
169.2279816
169.5576477
170.3386993
170.755127
170.2647858
164.8970642
163.2792053
161.6864166
160.6808167
159.9657288
159.2450562
158.2834625
157.0837708
156.1035919
155.4997253
154.8722229
154.5947113
154.2149658
153.4464264
152.4381409
150.8985443
149.4952698
150.2315674
150.9677429
152.3842468
154.2403107
154.5376587
152.6668549
149.5822601
148.2431641
150.3856049
152.388504
153.2532196
154.1100922
153.6160736
150.8430634
147.8622284
147.5092163
149.2001495
150.6376801
151.3986664
151.8083954
150.7376556
149.686676
149.7215729
150.3625031
151.8053589
153.9519196
156.2361755
158.3253174
159.3974457
159.7329865
159.4989777
158.5332489
156.9864044
154.1945801
150.9821167
149.2617035
147.6019745
145.0143738
141.9055176
138.0618439
134.8853607
135.3988647
137.8472595
138.2401123
137.7471619
138.0083313
139.7363434
142.7615967
145.5413666
147.0289612
146.5488892
144.2953796
142.4945831
142.7178802
143.3704681
142.4218903
140.7733612
140.0627899
139.6807861
139.6101227
139.1745758
138.0206757
136.4645996
134.964035
133.7642212
132.7199554
131.9499359
132.7559967
135.0418701
137.8071289
140.1950836
142.403717
144.8660126
147.3847656
149.5129242
149.8787537
148.9143066
147.5952606
146.1303253
144.9732819
143.9127502
142.3789673
140.4029846
138.2955933
136.7968292
136.7012482
136.4696045
134.4829102
131.1423492
128.7243805
128.4763336
129.8658752
131.8226471
133.6737823
134.2166748
133.0331726
131.0632477
130.3723297
131.4397888
132.6223145
132.7088318
131.5185242
129.3569946
125.9751511
122.0289841
119.6560364
119.7450943
122.2675323
125.786438
128.1875916
130.6052246
133.6928406
136.6789703
137.9949188
137.4908752
136.2832947
136.2389526
137.3067322
138.8240204
140.3644867
141.8455048
142.6923523
143.065155
143.5496063
143.5628052
144.1103058
144.8727875
146.4245758
149.3884277
152.6400452
154.6544495
154.8066101
153.658905
152.1552124
151.5220032
150.7311554
148.9501648
146.7954102
145.0882721
143.4409485
143.3713684
145.0058289
145.8485718
145.1860809
144.6773376
145.0593109
146.0297546
147.4336853
148.5317841
149.1753387
149.5719604
148.769043
146.858902
145.1363373
144.7714386
145.6117554
146.5105286
146.7213135
146.1302643
145.5541687
144.7773438
143.8089294
142.5108185
141.1248169
140.0647888
138.8726044
137.330246
135.9016113
134.4147491
134.0995483
133.7031708
133.6112366
134.5063629
135.7512665
136.7492065
137.2037659
137.5344543
138.4367065
139.7854614
141.3463745
142.0130005
142.7120361
144.0563965
145.0371704
145.4714355
145.4617157
145.301712
144.982666
146.9130554
148.6215973
149.1689911
148.7843933
148.7067871
148.6498108
148.1499176
147.0824127
145.9954529
145.7838593
145.5662079
145.4494629
145.3856354
145.4485016
145.4816742
145.2843933
144.8180237
142.1902161
139.3875275
139.7342072
138.5031128
136.9556122
135.6236877
133.9196167
133.9435577
133.6215973
133.6346893
132.8360596
130.2641449
128.237854
125.6949387
123.100029
121.214035
120.8197174
120.5124817
119.9021759
119.2839508
118.6762238
117.7048492
115.9558029
114.6395645
113.7349854
113.0112457
112.7462006
113.2065125
116.075676
116.6040726
115.4655228
113.5504532
112.5687027
112.3850403
112.9858246
114.2196426
115.9845505
117.9827652
119.6635056
121.2156372
123.646759
125.2856522
125.7199783
126.2579727
127.8490219
130.5292053
132.1766663
132.8916931
133.2515259
133.4234314
134.0027771
135.4604034
136.4899445
137.1432495
138.10466
139.0440521
139.8895111
140.1696167
140.9407349
142.9124603
144.6810303
145.4423828
146.3533478
147.3781281
147.8285828
147.7004089
147.3012848
146.8553925
146.6665497
146.5493011
146.6417847
146.9050446
147.2247009
147.5400696
147.6346893
147.3636169
146.4332275
145.4656677
143.3328247
141.8739471
141.7225952
141.7301636
141.8961792
142.2038727
142.5033264
142.6510773
142.8547821
143.162674
143.2983551
143.1418915
143.1292267
143.2232971
143.4197083
143.5986176
142.4927673
140.3227692
139.1238708
137.9702759
136.2952728
135.3251495
134.9194946
133.9203033
132.0466919
130.3938599
129.0778503
127.220665
125.5142365
123.4893417
121.9251785
121.4319
121.2835236
121.3847885
121.9546356
122.2228622
121.9751053
121.155098
120.0459671
119.0422745
118.0134964
117.4233627
117.5217285
117.8649139
118.205658
118.5769348
119.0344467
119.5386276
120.120079
120.7738037
121.3217316
121.8908997
122.7120514
123.6812592
125.2256851
126.6463776
127.7506027
128.6268311
129.1492157
129.8831024
131.5992584
132.6467133
132.6966248
132.2680054
132.1035309
132.2565613
132.2327881
132.0374908
131.5040741
130.8709412
130.2757721
129.6208038
129.031311
128.3120422
127.5921173
127.1692657
126.7796249
126.3231277
125.8195496
125.3273773
124.8389587
124.4411926
124.1157303
123.7839279
123.4236603
123.2999115
123.4785995
124.2357178
125.6803207
126.8631287
127.0768204
126.9941635
127.1014862
127.7022095
129.4471436
130.2821503
130.6950836
131.5912018
132.4438934
132.6476898
133.0375061
133.2574158
133.4291382
133.7576599
134.6690216
136.4777222
137.2736969
137.8827362
138.3112488
138.3574524
138.7318268
139.3740997
139.4284058
138.7359009
137.6874084
135.9280853
134.825882
134.1791992
133.5954895
132.7852783
131.9860229
131.2953949
130.8847504
130.6172333
130.3526764
129.9034882
129.1850739
128.226593
127.5567856
127.3297195
127.1949997
127.0152283
126.5423279
126.0188522
125.3872528
124.8297882
124.449791
124.1730423
123.9263458
123.5274887
123.5491333
123.9580917
124.3453979
124.6316986
124.8694382
125.0683975
125.3277893
125.6421509
126.0059814
126.069397
125.8048706
125.3467941
124.9817581
124.5620346
123.8580856
122.9680939
121.8457947
120.9360504
120.3542862
119.3230972
118.2640915
117.4544983
117.5606842
118.2718506
119.0564041
119.6416321
119.9072952
120.0710373
120.274231
120.2951431
120.3605347
120.3413391
120.3259125
120.3893967
120.4899826
120.5522308
120.7277527
121.7742386
124.5157928
125.4664688
125.7188339
125.9897156
125.9839783
126.3033676
126.5428009
126.776268
127.5068588
128.9020081
129.8762512
130.3343201
130.8912201
132.3080139
133.790451
134.1535797
134.3159027
134.653656
135.243988
136.3891449
137.8714752
138.9624329
142.9628754
145.0184631
146.6239471
147.4081879
148.1767731
149.9030762
151.0325165
151.6317596
152.5832367
153.2355957
153.1830139
152.9469757
152.2660675
149.4780121
147.1467438
146.6786652
146.4961243
146.134903
144.7234192
143.1156616
141.4787598
140.7702026
139.5666351
139.0565186
138.6483154
138.4887543
138.5109406
138.5964203
138.0419312
137.1017456
135.7883606
133.5679779
132.1030731
130.5057831
128.9369049
128.0116577
126.4116287
125.2609711
125.4822769
125.9319
126.7278366
125.9639969
125.0634384
123.9006348
125.3174438
127.6061859
128.0373077
129.6043701
130.7430725
131.585495
132.9147034
134.0969238
136.2286224
139.0913849
139.8718414
139.9856873
140.1152802
142.2973785
143.3847656
143.6705322
143.9426575
144.8812714
145.627655
146.6409912
147.3305969
146.854126
146.2016754
145.519165
142.2979736
139.4957886
138.7566833
137.5451508
135.814621
134.8903809
134.1206512
131.7527313
131.1654053
133.0291443
135.5899963
138.5614777
139.2619019
139.1023865
138.624527
137.7989807
137.0761108
136.6595154
136.2925415
136.1121979
136.1058197
136.0814972
135.8410034
133.9868469
132.2367401
132.1164551
132.2107697
131.5349426
128.3300323
127.1490936
126.3620758
124.8948135
123.4912338
124.6009064
125.5765152
126.7581711
128.0461426
129.4793854
131.1574554
132.0379944
132.7518311
133.9631653
134.3688812
134.7633972
135.3965912
137.3449554
139.7414551
141.2113647
142.5503693
143.6275787
144.2817688
144.6768188
145.1992645
145.9456177
147.8371887
148.4756012
148.4956512
146.6557312
145.8942719
145.5368652
145.0770111
144.5585327
144.0962677
143.6832428
143.1843414
142.4391479
141.6741791
140.977356
140.5249634
140.3786011
140.2663116
139.7259674
138.8862762
138.0292664
137.2301788
136.6313171
136.1003265
135.6368713
135.0910645
135.7591248
137.0602417
138.2780304
139.2290649
140.854538
142.5481262
143.9215546
145.0390472
145.4234314
144.97229
144.4177551
143.3543701
142.004425
141.1911011
140.4891357
140.301239
140.1280212
138.9396515
137.4758148
136.3137817
135.5026093
134.6550751
132.3986664
130.7206116
129.6154633
128.4826202
125.6451111
124.3662186
123.6979065
122.5838852
120.8888474
120.4736404
119.9371719
118.7562561
117.7422562
116.1354904
114.4638672
113.1234055
112.5749893
112.9825668
113.4788589
114.6055679
116.9157028
118.7490921
119.1723709
119.2984848
119.536644
119.9054794
121.7070618
122.9936371
123.4615479
124.3133316
125.5519257
127.8223343
130.3850098
130.7362518
131.9582062
134.5386658
136.9392853
139.7778778
142.419342
144.1456146
144.2786255
144.1948853
144.5894012
144.5347443
144.0597839
144.6503448
146.4694214
147.4904175
147.026947
147.0588226
147.1768036
147.2949982
147.5025635
147.488678
145.5331879
144.0494995
144.042038
144.00383
141.2021942
138.6019745
137.5236206
134.1327515
133.5024872
132.4438782
128.3123932
127.0245209
125.3998566
122.9744339
120.9284744
119.7276688
118.0119476
116.0768738
114.3400726
113.1663284
111.2841797
109.6526718
106.9895401
103.7473984
103.5126648
103.5955048
104.2248459
110.9090881
111.0466461
111.2652359
111.7048798
112.780777
113.597641
114.0930786
114.7231445
115.1212158
115.4075241
115.7160339
116.792572
117.491272
117.6461945
117.9057159
118.3498154
118.7677155
119.2578125
119.6533432
119.6996613
119.0234909
117.5186386
115.7129364
115.3719559
115.2749939
115.0827179
114.3624496
112.0887909
109.7061005
109.0891724
108.6294022
107.9983292
107.2274551
106.1746979
105.0463791
104.146843
103.6223068
103.5159454
103.4319305
103.436348
103.6612549
105.2988663
106.649353
105.8691711
106.2809067
107.0868149
107.7501526
107.7532272
107.6688538
107.1338043
105.8646774
104.6926727
105.6168823
108.5349884
109.7016907
109.6904373
109.7067947
109.7570267
109.8511887
110.3978271
110.9478455
111.1010361
111.5568314
111.8262329
111.3193741
109.7177811
109.3507996
108.9921646
108.1254425
106.4068451
104.3037796
102.6675186
101.0851135
99.5453491
98.1910172
97.1996841
96.9682465
96.9680634
96.9949417
97.1585236
97.7420425
98.8299332
100.0663986
101.2978439
102.2716675
102.7516098
102.9733429
103.1146851
103.1203384
104.3357849
107.2666168
109.4526672
110.4638138
111.0245667
111.067688
111.4089508
113.2108078
115.6195145
116.5710907
116.8744812
117.3122101
118.4313126
120.7986603
122.3790894
123.1409836
124.1429596
125.8034973
126.8113251
127.9144287
128.9139862
131.6296844
133.6626282
133.8817444
133.9596558
133.9497986
133.9811249
134.004364
133.9189301
133.8199158
130.6975098
127.7627487
126.9332809
125.2994614
124.2144089
123.5044327
122.513298
120.156662
117.2866745
116.5661087
116.2282257
116.3106918
116.9965057
117.2997971
118.412941
119.944725
120.6629639
121.0180054
121.9489517
122.9666672
124.0859909
124.8442764
125.3793335
125.900238
126.2970734
126.657608
127.2895126
127.8714828
127.9037552
127.8270721
127.873291
127.863472
127.5245132
126.4403229
125.7518463
125.1027985
124.4055252
123.6789551
123.1146469
122.5944366
122.1380234
121.5771866
119.6755753
117.5159225
115.781723
115.3338852
115.8451157
116.1496124
117.0694199
117.2431641
118.1504288
118.8245392
119.1910629
119.3371887
119.3472366
119.3737793
119.3450165
119.3263626
119.3288422
119.4571762
119.5049286
119.4405899
119.4374237
119.3872452
119.3200226
119.707077
120.5011597
120.9889908
120.9471741
120.8998947
120.8615341
120.8611755
120.85849
120.8570938
120.8613892
120.8614655
120.9586029
121.8673096
122.6224442
122.9333115
123.3075562
123.6969376
124.0115128
124.1956329
124.1358719
124.5072861
124.8351746
125.1170502
125.4720459
125.3879242
125.4741516
125.7484741
126.1443558
126.365036
126.578743
126.779213
126.4493637
125.7525711
125.6907883
125.7600861
126.203186
126.469368
126.5858002
126.8143845
127.1527481
127.3155594
127.4788361
127.4946899
129.0484009
130.7767181
130.8722076
130.797226
130.6478577
130.578537
130.6512756
130.8988953
131.1499329
131.3521118
131.5322113
131.6854095
131.712265
131.7548065
131.849411
131.8704681
132.0584106
132.4165802
132.8903351
133.744278
135.1479797
137.0246735
138.9180756
147.6451111
147.3188934
146.7220459
146.3271179
146.2764587
146.5419006
147.0571899
147.2685699
147.3230591
147.3181458
147.4566803
147.563858
147.8868256
147.8859406
147.5672913
147.1098633
146.8655548
147.2427673
147.6164703
147.8622437
148.28302
148.5608063
148.9010925
149.3494263
150.1707916
151.0697021
151.3394012
151.4579773
151.9277649
151.7189178
151.5872803
151.6036835
151.442337
151.3621063
151.1083984
150.2765503
149.3071136
149.768692
151.4499512
152.3786316
152.508194
152.3319702
152.2505035
152.2601471
152.3450012
152.4999084
152.7601929
152.8480682
152.3520813
152.2489166
152.484024
152.6835785
153.3061981
153.7206421
153.8626556
154.0572968
154.4719849
155.431839
157.8621216
159.0818329
159.8514252
160.4039764
161.1817017
162.043335
162.9081879
163.804718
164.9710083
165.4875793
166.3254852
167.6502838
168.7963409
169.3601074
169.498764
169.3825073
168.512207
167.1298065
165.7785492
164.3954468
163.1542969
161.8244934
160.9637604
159.8282623
157.4914856
155.6470337
154.9785614
154.166153
152.2871399
151.4342499
151.0204773
150.5093842
150.5291443
150.8509979
151.4950867
152.0787964
154.5320282
155.934082
156.2120056
155.7731934
155.0877533
154.6467743
154.7297668
154.78479
154.7494354
155.5485992
157.6311646
159.331955
160.9842072
162.3799286
163.6443634
164.8200226
165.169342
165.4416656
165.9520874
166.4827576
167.0439301
167.7232666
168.2206268
168.4550629
168.1907654
167.4343262
166.7396393
166.3186035
165.4830475
163.8262482
161.8115387
162.3483582
162.7324524
162.559906
163.6371155
164.8725281
166.1226654
167.0936279
167.6676331
168.1215668
168.9013672
169.3937988
169.766571
169.783432
169.9046021
171.9126587
174.5937805
175.2025452
175.0535431
174.6952515
174.3753357
173.9607391
173.4920197
173.0756836
172.7019806
172.202301
171.6726227
171.2919464
170.5255127
169.8023071
169.3851624
169.7045898
170.9440765
171.6935577
172.4079132
172.8913269
173.2349854
173.4339294
173.2995453
172.596817
171.8883057
170.9626007
169.2980499
165.6500092
164.1445923
164.2597656
164.727829
165.3181763
165.6997986
165.7426605
165.7120056
165.628418
166.0089264
166.5169373
167.1878204
167.9562988
168.8020935
169.4841766
170.3606873
170.9389343
170.938324
171.0328827
171.9303894
173.0908356
174.1694489
174.9947968
175.8353424
176.862442
177.8964539
178.065918
178.0036621
177.9042816
178.1452637
178.9694061
179.5749512
179.8483582
180.6343536
181.5114441
182.8171997
183.8553925
184.2466583
185.5972748
187.6633911
189.5319977
190.4101105
190.5315247
190.5490112
190.6140289
190.8393555
191.4000092
192.9645844
193.6476746
193.7197266
193.6077423
193.493454
193.2189941
192.9686279
191.9147339
189.5539246
187.9719696
187.5637207
187.4896088
187.501236
187.7641754
187.2957611
187.47612
188.1115875
187.5675964
186.6645813
185.6457367
184.2601471
183.8482208
183.0805359
182.0155487
181.6929626
181.3771057
181.1131592
180.6482239
180.405304
180.2635345
180.1680756
179.9117432
179.5252991
179.0296021
177.9431152
176.9038544
179.5099792
182.7999725
185.2513428
188.1883087
191.3210754
193.9049683
196.4674835
199.6787872
202.7432861
204.9408112
203.947052
204.1694489
204.0706329
205.6581573
207.2107697
207.2686005
206.4594574
201.7772369
197.7471924
196.4726105
194.0108185
193.1171722
188.3364563
186.6741028
182.058197
178.9125977
174.8849487
172.5261383
169.3121033
168.6033783
168.3657837
168.1139374
166.7411499
165.6612854
164.8478699
165.5768433
165.8586426
161.9550171
160.7502747
159.1287689
158.2315826
158.6047516
159.5570984
160.2510834
162.4288025
165.6090088
167.4063416
167.1346893
168.4589386
173.4862213
174.7357788
174.8260345
175.3779449
174.5562439
173.062973
172.1109619
168.7361145
165.4635162
163.359436
159.2740479
153.1040497
153.71875
149.3696442
148.4731903
146.1564789
145.0845947
145.8749237
146.1223907
146.6709747
147.4270782
150.9893341
151.2853088
153.9393311
157.9038544
161.5778046
163.8272095
167.3105164
171.661026
173.6187744
177.2327271
178.6186523
178.9931183
178.5591431
178.7374878
180.7874603
181.7065582
181.0938568
176.6005249
176.2642365
174.9256287
169.6083069
168.5889282
163.560379
159.2934418
154.8249054
156.0118713
156.733429
157.2769012
158.4747772
159.9947052
160.97966
161.1717224
160.0267944
160.1719971
160.5298004
162.9045258
164.5572968
165.6669922
168.6207733
172.8312378
174.084549
177.1171417
177.1230621
177.2546539
177.7304382
177.871994
177.6803284
176.7228088
173.5183258
173.3406067
174.5000916
173.082489
171.9505157
173.3580933
174.4712982
177.1269836
178.3523712
180.5167694
183.1358795
186.5311127
188.5184937
190.9363098
193.4172516
199.6784363
203.2034149
198.3552246
196.4103851
197.1266785
199.1591492
199.1603241
200.0348053
201.8658295
205.0727386
206.2646484
205.9044495
204.9675446
202.9607849
202.9560852
203.0630646
202.1514282
198.3750305
194.1055908
193.5442505
193.5273132
193.0911102
195.868103
196.2744598
196.0618134
192.580246
187.1179657
183.8493958
183.08992
180.9740906
179.9427948
180.5573425
181.1535645
187.4678955
188.5814362
188.6343384
192.1765747
190.9701233
187.7603607
186.3254242
183.2330322
176.4293213
170.8670197
166.8439636
165.080368
161.1538696
157.823349
156.8512878
156.8236389
157.403183
154.2860413
154.2342072
154.8559418
154.5134125
151.3985138
150.8205719
150.7836151
151.5990295
151.9570312
152.1308289
154.9884949
156.4655151
156.7558594
158.5960693
156.7415924
146.5605011
152.7799835
153.5856934
153.4450684
153.4226074
153.2856598
153.068573
153.48703
154.2891846
156.1899261
158.443924
158.822113
159.4538727
165.4806824
169.897522
170.4612732
174.1509094
174.7139587
174.6025391
175.0357208
174.4260864
174.5452423
174.580719
173.7639313
176.9534912
177.780899
178.2280579
183.7350311
184.6338959
186.9568634
188.2076721
190.7209167
189.4405365
189.9644165
196.5887756
200.4546509
200.4154968
200.46698
200.4811096
199.952713
196.8102875
195.0674591
195.166153
193.0485687
193.4697113
194.3105621
194.6341858
193.992218
191.930954
189.6819763
194.4545288
191.6377258
192.6509705
192.8064728
192.7942047
192.6594238
192.4941864
192.3803253
192.2503967
192.1799164
192.0975342
192.1540375
192.2490845
192.6811066
193.3276672
193.2433167
192.8048859
192.8457947
193.0914612
193.3664856
193.7059784
194.0667572
194.4443359
195.2097931
196.4457703
197.3774567
197.6994629
198.0160828
198.7315826
199.5199127
199.8723755
200.0231171
200.0656738
199.9573822
199.7155609
199.3413239
198.9691162
198.3855743
197.3542786
196.2928772
195.3604431
195.0051422
194.8311157
194.5947571
194.1181488
193.7128448
193.6771698
193.8549347
194.1775818
194.4121857
194.5705566
194.6786041
194.8047791
194.938446
195.0235596
195.0372467
195.0327759
194.7580566
193.6012421
191.620224
189.9419556
189.2454529
189.0011597
188.9220581
188.9961395
189.3814392
190.1490631
191.0059052
191.7689819
192.4560547
193.0035858
193.3282623
193.4454498
193.5066071
193.5117798
193.4237823
193.3273468
193.216507
192.9837189
192.7173004
192.4269714
192.215271
192.1730652
192.3221893
192.5379486
192.7234344
192.9172058
193.0219269
192.9939423
192.9091644
192.7707367
192.541275
192.175705
191.7635956
191.3372345
190.8614349
190.3292694
189.8170166
189.4626007
189.2483978
189.140274
189.0084686
188.8483887
189.0004425
189.2657318
189.5463867
189.8128204
190.0896454
190.6060638
191.4285736
192.5126801
193.5763855
194.7962341
196.3460236
197.9523163
199.0826721
199.6109619
199.8901978
200.0052185
200.1256714
200.3818665
200.5875549
200.7232361
200.9235229
201.558548
202.609726
202.7723236
202.5586548
202.2105865
201.9420776
201.752655
201.5206146
201.2749023
201.0104675
200.8265839
200.3603821
199.9188843
199.5823517
199.5081177
199.2009583
198.8733826
198.5774078
197.9681244
197.2758636
196.6845703
196.0702209
195.6248627
195.3769989
195.1941223
195.0147552
194.287323
193.1949005
192.5656281
192.1502075
191.7265472
191.3484192
191.0947571
191.0505676
191.5634155
192.3560791
193.4927368
194.8189697
195.8568268
196.4171143
196.5978241
196.690567
196.8406067
197.010376
197.145874
197.3600616
197.8182068
198.424942
199.0990753
199.7540436
200.3652344
201.0022583
201.5333557
201.8158875
201.9555511
202.2226562
203.1054077
204.3304443
205.0482941
205.6677094
206.1089935
206.4092865
206.5713654
206.6686249
206.7916412
206.8849487
206.8832855
206.9284363
206.7985687
206.7341309
206.6123657
206.2907867
205.8443298
204.6983948
203.0874329
202.3330994
202.1432343
202.1614838
202.1992493
202.1825714
202.2018738
202.190506
202.1521912
202.0836792
202.2902069
202.8811798
203.2742004
202.6160431
202.5706329
202.8820801
203.1009216
203.1904297
203.1553802
202.9460297
202.6261902
202.2814941
202.5712128
203.8838348
205.2097778
205.9992676
206.4783783
206.8567047
207.1205597
207.3235779
207.5736389
207.8048248
208.0467682
208.3110046
208.5693207
208.7120514
208.8147736
208.7898254
208.673172
208.4794922
208.223175
207.8767853
208.0060425
208.3381958
208.4972839
208.5469818
208.6150513
208.5292664
208.3981781
208.3559113
208.213501
208.0934753
208.1063843
208.2156372
