2351.42578125
2351.26318359
2350.97119141
2350.69970703
2350.41308594
2350.14013672
2349.82788086
2349.51733398
2349.17114258
2348.85717773
2348.49536133
2347.97363281
2347.47802734
2347.04077148
2346.67578125
2346.73461914
2346.72363281
2346.69458008
2346.609375
2346.51293945
2346.35302734
2346.22729492
2346.14379883
2345.9152832
2345.56469727
2345.35498047
2344.90185547
2344.5793457
2344.12280273
2343.55004883
2343.07592773
2342.70629883
2342.44360352
2342.17724609
2341.94921875
2341.70629883
2341.29711914
2340.99194336
2340.63452148
2340.31152344
2339.9621582
2339.68969727
2339.33203125
2338.89501953
2338.39990234
2337.82421875
2337.15454102
2336.5480957
2335.92700195
2335.29077148
2334.78076172
2334.21728516
2333.5703125
2333.59960938
2335.00805664
2335.68457031
2336.24633789
2336.22900391
2336.16992188
2335.85791016
2335.3762207
2334.86816406
2334.30322266
2333.72363281
2333.21630859
2332.64331055
2332.23388672
2332.01464844
2331.9543457
2331.83764648
2331.90917969
2331.77612305
2331.85473633
2332.14624023
2331.74267578
2330.58007812
2330.19018555
2332.09008789
2332.72070312
2333.93969727
2334.02685547
2333.66210938
2332.23217773
2332.29272461
2332.27514648
2330.953125
2330.24853516
2329.6171875
2329.14306641
2328.83203125
2328.54272461
2328.18676758
2328.02441406
2327.99072266
2328.11914062
2328.0625
2328.08911133
2327.79663086
2327.23925781
2326.63037109
2326.25219727
2325.77832031
2325.31762695
2324.88916016
2324.51318359
2324.76098633
2324.55444336
2324.13427734
2324.07788086
2323.125
2322.34545898
2321.76074219
2321.22802734
2320.79736328
2320.38842773
2319.78198242
2319.3828125
2318.88061523
2318.53027344
2318.27905273
2318.21728516
2318.01879883
2317.8371582
2317.42895508
2316.89135742
2316.4230957
2316.11425781
2315.81005859
2315.53759766
2315.29882812
2315.10644531
2314.88891602
2314.70825195
2314.43945312
2314.2578125
2314.15283203
2313.95703125
2313.83203125
2313.7043457
2313.61523438
2313.48583984
2313.39111328
2313.21582031
2313.12597656
2313.09350586
2312.93066406
2312.69897461
2312.47802734
2312.33813477
2312.21801758
2312.08129883
2311.90014648
2311.62768555
2311.42993164
2311.18115234
2310.87207031
2310.48730469
2310.24682617
2309.94775391
2309.53417969
2309.05932617
2308.62768555
2308.22021484
2307.65722656
2307.0324707
2307.02709961
2307.03710938
2307.02099609
2306.87231445
2306.67089844
2306.50439453
2306.30395508
2306.15649414
2305.98144531
2305.92236328
2305.92260742
2305.92260742
2305.92260742
2305.92260742
2305.92260742
2305.92260742
2305.83081055
2304.94335938
2304.39355469
2303.92333984
2303.56616211
2303.16503906
2302.85766602
2302.59887695
2302.25732422
2302.07104492
2301.85302734
2301.65209961
2301.67211914
2301.78442383
2301.96459961
2302.09814453
2302.16967773
2302.1340332
2301.85913086
2301.73974609
2303.69116211
2305.03344727
2304.77685547
2304.15478516
2303.96655273
2302.73071289
2303.59350586
2307.00976562
2312.77709961
2305.45898438
2300.84399414
2299.80615234
2300.3515625
2301.77050781
2302.90893555
2305.64575195
2305.58154297
2305.66455078
2305.43164062
2305.39355469
2305.6652832
2307.51171875
2310.45898438
2311.70605469
2312.09692383
2310.67260742
2309.37817383
2308.59960938
2305.27124023
2305.36157227
2304.22241211
2302.31420898
2302.28173828
2302.48779297
2302.72705078
2303.06274414
2303.8449707
2304.49047852
2305.13330078
2303.5065918
2299.88818359
2296.82666016
2293.37451172
2294.13720703
2294.32666016
2293.60083008
2293.79418945
2293.69824219
2293.42797852
2293.29125977
2293.29858398
2293.31176758
2293.30297852
2293.30297852
2293.30297852
2293.30297852
2293.30297852
2293.30297852
2293.30297852
2293.30297852
2293.29589844
2293.38256836
2294.08569336
2295.42114258
2296.03466797
2296.5949707
2296.98852539
2297.64526367
2296.31665039
2295.02026367
2294.02246094
2293.66503906
2293.45776367
2293.30297852
2293.30297852
2293.30297852
2293.34277344
2293.61816406
2293.8918457
2293.85888672
2293.7722168
2293.72387695
2293.60742188
2293.46679688
2293.46313477
2293.48876953
2293.85375977
2294.21069336
2294.61230469
2295.48193359
2297.01318359
2297.24267578
2296.85107422
2296.03393555
2295.84790039
2296.27929688
2296.8972168
2296.97680664
2296.13891602
2295.75463867
2296.12011719
2295.69042969
2296.34814453
2296.15112305
2295.15673828
2294.89941406
2295.14941406
2296.14453125
2296.79052734
2297.41699219
2296.90478516
2296.76538086
2296.20361328
2295.68383789
2294.93774414
2294.33105469
2293.55932617
2294.33789062
2295.89233398
2296.10864258
2297.38964844
2301.22705078
2302.07592773
2304.41015625
2306.19042969
2307.27197266
2308.81347656
2309.40161133
2307.32983398
2303.69433594
2300.13720703
2298.0012207
2296.91772461
2296.37695312
2296.20800781
2296.12475586
2296.03491211
2296.04272461
2296.00610352
2295.99072266
2296.03466797
2295.78710938
2295.28442383
2295.30639648
2295.66552734
2296.34619141
2297.0
2297.44238281
2297.54394531
2297.53320312
2297.88037109
2297.34936523
2295.71655273
2294.62304688
2294.86572266
2294.21264648
2294.16503906
2293.90380859
2293.9230957
2293.64648438
2293.4074707
2293.30786133
2293.31542969
2293.35375977
2293.36376953
2293.34887695
2293.38793945
2293.37084961
2293.40234375
2293.38330078
2293.40039062
2293.39404297
2293.39916992
2293.39208984
2293.39990234
2293.39160156
2293.30249023
2293.90942383
2297.01049805
2301.64379883
2307.15039062
2314.39404297
2321.76782227
2323.39306641
2319.74560547
2312.85644531
2304.49658203
2298.67993164
2296.52612305
2295.41577148
2295.02734375
2294.73071289
2294.58642578
2294.65136719
2294.87939453
2294.92211914
2294.86352539
2294.72119141
2294.30175781
2293.89379883
2294.01538086
2294.04370117
2293.90722656
2294.18481445
2294.7824707
2295.69921875
2296.76269531
2296.84594727
2296.26586914
2296.58007812
2297.06591797
2297.99975586
2299.00097656
2298.23242188
2298.04003906
2298.28735352
2297.49951172
2296.7668457
2297.83398438
2297.99975586
2298.31176758
2298.8190918
2298.38330078
2298.49560547
2298.03588867
2299.27905273
2305.55419922
2315.53173828
2325.32080078
2326.35449219
2316.95922852
2308.20629883
2305.2421875
2304.59082031
2304.30761719
2303.45068359
2300.93774414
2300.22045898
2299.71411133
2298.328125
2297.80102539
2297.85107422
2298.11669922
2298.1159668
2298.61035156
2299.85302734
2300.3503418
2300.34326172
2300.14770508
2299.83203125
2299.38964844
2298.78955078
2298.13305664
2297.36010742
2296.59008789
2295.48046875
2294.59643555
2293.82446289
2293.49121094
2295.03686523
2296.90600586
2297.79296875
2298.2409668
2299.05664062
2299.51635742
2298.16821289
2297.6159668
2297.875
2298.45947266
2298.93041992
2298.3659668
2297.90405273
2297.88012695
2297.7746582
2297.13647461
2296.38208008
2295.91625977
2295.02954102
2294.03857422
2293.59667969
2293.34399414
2293.30297852
2293.30297852
2293.30297852
2293.30297852
2293.30297852
2295.81420898
2302.01879883
2308.14819336
2309.35131836
2308.56860352
2305.41455078
2302.03344727
2299.07958984
2295.81030273
2293.44482422
2293.30297852
2293.30297852
2293.30297852
2293.30297852
2293.78955078
2305.53491211
2311.6105957
2310.55737305
2313.09912109
2302.55419922
2293.78198242
2293.30297852
2293.30297852
2293.30297852
2293.30297852
2293.30297852
2298.73901367
2309.21435547
2311.26196289
2305.13891602
2302.70361328
2298.58862305
2302.53271484
2301.56323242
2299.66870117
2302.72631836
2305.3840332
2303.36328125
2304.43481445
2306.98144531
2303.52539062
2305.00268555
2307.62988281
2309.92480469
2310.15063477
2306.00341797
2306.79541016
2306.89868164
2307.30371094
2304.60595703
2300.15112305
2300.52075195
2303.64770508
2304.26538086
2303.15991211
2300.36132812
2296.47509766
2294.03393555
2293.53637695
2293.56420898
2295.21606445
2298.41870117
2301.38452148
2304.07543945
2305.04492188
2305.18066406
2304.91967773
2304.15649414
2303.68066406
2303.84985352
2304.05859375
2304.18774414
2303.87719727
2303.09716797
2302.28417969
2301.65795898
2301.40405273
2300.53393555
2299.8659668
2300.71679688
2300.52734375
2300.44897461
2300.44165039
2301.04931641
2301.73632812
2301.81005859
2301.45874023
2300.70996094
2299.6887207
2294.04882812
2293.75268555
2296.56494141
2300.36962891
2301.06713867
2300.89916992
2300.58227539
2300.88745117
2300.9621582
2301.16796875
2301.20410156
2299.625
2299.60620117
2298.04589844
2296.97363281
2296.94042969
2297.30200195
2297.44970703
2298.42333984
2298.94848633
2299.56567383
2300.90478516
2301.91186523
2303.07592773
2303.31738281
2302.96875
2303.19213867
2304.32641602
2304.66503906
2304.59399414
2304.27587891
2303.95922852
2305.17431641
2303.9440918
2303.42504883
2304.01660156
2304.23413086
2304.40136719
2304.40698242
2305.3425293
2307.78637695
2308.36108398
2308.41552734
2307.046875
2300.2878418
2298.38867188
2298.87646484
2301.46142578
2303.68530273
2305.75537109
2307.30029297
2309.36254883
2310.98681641
2312.04248047
2313.36035156
2314.25463867
2315.79174805
2317.14013672
2318.58374023
2319.55126953
2320.69628906
2322.12280273
2322.62597656
2322.77416992
2323.8828125
2326.47851562
2330.26708984
2333.33227539
2335.77441406
2335.76879883
2335.0144043
2334.39160156
2333.31982422
2331.61035156
2330.01098633
2329.13745117
2328.78637695
2328.31469727
2327.57275391
2327.3659668
2327.21411133
2326.95214844
2326.7175293
2326.37207031
2326.14160156
2325.73242188
2324.18554688
2324.09179688
2323.25097656
2321.73925781
2319.76416016
2318.73193359
2317.43066406
2316.359375
2315.45043945
2314.38476562
2313.62207031
2312.73974609
2310.98022461
2310.03613281
2309.82055664
2310.37841797
2310.75073242
2311.11645508
2310.43286133
2309.0480957
2307.34594727
2306.15893555
2301.57763672
2297.23193359
2295.09082031
2294.04858398
2294.16967773
2297.05810547
2298.70996094
2297.55249023
2295.06176758
2294.97021484
2293.71728516
2295.93652344
2300.61279297
2304.72387695
2308.09765625
2312.17993164
2315.55322266
2318.80297852
2322.45996094
2325.29516602
2326.9375
2327.97924805
2328.18920898
2327.91748047
2327.83227539
2328.27124023
2329.23095703
2330.92138672
2331.99951172
2331.07739258
2329.06713867
2326.62353516
2324.68139648
2323.26855469
2322.61694336
2322.56445312
2321.90649414
2319.17919922
2317.04882812
2318.56323242
2318.53710938
2317.69262695
2316.78369141
2316.32885742
2316.46118164
2317.40234375
2318.55786133
2320.61157227
2322.13696289
2323.16259766
2323.7421875
2323.91967773
2323.84399414
2323.30908203
2322.23950195
2320.34619141
2319.06591797
2317.1171875
2316.2019043
2315.71386719
2315.50756836
2315.63818359
2315.78393555
2315.97827148
2316.11279297
2316.44628906
2317.40209961
2317.62084961
2318.12670898
2318.84130859
2319.87426758
2320.47192383
2320.92260742
2321.16625977
2320.88867188
2319.91723633
2319.03344727
2318.10083008
2316.68237305
2315.13208008
2313.80297852
2312.47680664
2310.70385742
2309.52709961
2308.30688477
2306.85742188
2304.21948242
2301.62768555
2301.35522461
2299.12475586
2296.4206543
2294.69116211
2293.67041016
2293.28198242
2293.28198242
2293.28198242
2293.28198242
2293.28198242
2293.28198242
2293.28198242
2293.28198242
2293.28198242
2293.28198242
2293.28027344
2295.54003906
2299.39404297
2301.17431641
2303.23706055
2304.55908203
2305.20825195
2305.52441406
2305.60742188
2305.85913086
2306.12182617
2306.10205078
2305.89208984
2305.55737305
2305.21435547
2305.84936523
2306.49072266
2307.02124023
2307.3046875
2307.07617188
2306.16162109
2302.42944336
2298.90161133
2301.90136719
2303.52563477
2299.99121094
2295.28369141
2299.26464844
2301.17211914
2301.37524414
2300.05004883
2301.39257812
2305.66699219
2307.21655273
2306.81591797
2304.72241211
2307.09643555
2308.78540039
2309.0480957
2307.65771484
2306.5144043
2306.81713867
2305.72998047
2302.35009766
2297.30029297
2293.49853516
2293.28198242
2293.28198242
2293.28198242
2293.52929688
2298.17504883
2301.07568359
2299.05493164
2296.32592773
2296.796875
2296.88720703
2297.51147461
2298.73657227
2299.19189453
2299.00634766
2301.0793457
2301.97900391
2303.96264648
2304.11523438
2305.95117188
2306.79003906
2306.57641602
2307.84057617
2309.8215332
2313.42041016
2315.72998047
2316.28076172
2317.12524414
2317.60229492
2311.50512695
2307.81469727
2310.26855469
2309.5612793
2303.61816406
2299.23339844
2307.24951172
2313.04736328
2315.94165039
2314.54150391
2309.54418945
2305.99682617
2310.54418945
2319.79980469
2323.84838867
2317.95385742
2309.25683594
2302.29003906
2303.88525391
2309.1875
2314.17358398
2317.66479492
2319.54101562
2320.6730957
2320.73754883
2320.04003906
2319.59057617
2319.24462891
2316.38134766
2312.26147461
2308.66772461
2304.07836914
2297.60107422
2294.4206543
2294.80932617
2309.07299805
2313.86523438
2317.89746094
2319.57397461
2318.45532227
2315.5402832
2313.49389648
2311.23925781
2308.07958984
2303.21850586
2300.23925781
2302.4375
2307.57104492
2311.63085938
2313.10571289
2312.26416016
2311.90649414
2311.44848633
2310.3996582
2310.16186523
2309.68212891
2308.625
2305.84545898
2300.04638672
2301.16870117
2304.04882812
2302.50537109
2299.22070312
2294.55932617
2293.27905273
2294.83032227
2303.10644531
2309.58300781
2313.54370117
2315.96508789
2314.9855957
2310.44458008
2306.27392578
2309.22631836
2310.35424805
2309.32788086
2308.2253418
2305.32592773
2301.18115234
2297.57104492
2294.50415039
2297.46166992
2304.09106445
2309.53442383
2311.20019531
2312.17382812
2313.15698242
2312.6496582
2309.02807617
2300.00610352
2298.21362305
2297.85595703
2297.19702148
2296.35180664
2295.31201172
2295.14086914
2296.52734375
2298.72070312
2303.42749023
2306.2331543
2305.05883789
2303.58813477
2300.16577148
2295.97460938
2299.078125
2303.3918457
2304.15405273
2302.39135742
2303.60229492
2305.23852539
2306.8581543
2308.32666016
2309.6027832
2310.02172852
2309.28491211
2307.29248047
2304.25
2302.12451172
2300.78930664
2296.82983398
2295.99414062
2298.97143555
2301.98022461
2302.42895508
2304.91186523
2309.70532227
2312.96386719
2313.40966797
2314.06469727
2314.0703125
2312.50073242
2311.53173828
2309.84082031
2306.43383789
2298.70922852
2293.50634766
2293.28198242
2293.28198242
2293.28198242
2293.36230469
2293.99145508
2295.18554688
2297.57983398
2299.63989258
2302.1484375
2305.16674805
2306.47680664
2305.02392578
2306.16064453
2306.55517578
2305.40991211
2305.40258789
2304.21606445
2299.98168945
2295.82128906
2294.09521484
2295.44970703
2298.54150391
2301.04638672
2302.69873047
2303.57373047
2303.10742188
2300.32177734
2299.55175781
2298.65966797
2298.48193359
2297.29150391
2296.39477539
2298.45166016
2301.10449219
2300.7746582
2302.35253906
2304.0871582
2302.79638672
2301.38256836
2300.85766602
2300.83129883
2301.51464844
2300.91699219
2299.7097168
2298.41699219
2297.96948242
2296.77294922
2296.11157227
2300.22460938
2300.26635742
2299.66772461
2300.41088867
2302.8046875
2306.37011719
2308.69140625
2307.19238281
2302.96411133
2301.53466797
2303.37426758
2307.78979492
2311.64526367
2307.50170898
2301.76879883
2295.35620117
2293.28955078
2294.61816406
2301.57641602
2306.44189453
2308.76757812
2309.10717773
2306.06005859
2300.37109375
2301.83422852
2303.51928711
2302.52172852
2302.75463867
2301.94311523
2304.03271484
2304.65600586
2305.32006836
2305.30761719
2304.70239258
2302.81860352
2298.72143555
2296.35546875
2298.02807617
2297.81494141
2295.44726562
2295.56762695
2294.41503906
2293.46875
2293.29296875
2293.29296875
2293.29296875
2293.29296875
2293.29296875
2293.29296875
2293.29296875
2293.29296875
2293.29296875
2293.29296875
2293.29296875
2293.29296875
2293.29296875
2293.29296875
2293.29296875
2293.29296875
2293.41601562
2293.68969727
2293.47338867
2293.29296875
2293.29296875
2293.29394531
2293.30712891
2293.47460938
2298.60107422
2305.79614258
2309.76757812
2313.03808594
2315.68896484
2318.75244141
2318.29296875
2317.06665039
2316.39941406
2315.6640625
2315.04443359
2314.59716797
2314.01220703
2313.23999023
2312.75952148
2313.00366211
2312.53076172
2312.22338867
2311.35253906
2309.89013672
2306.62719727
2306.93310547
2310.98950195
2313.8269043
2314.96972656
2315.51586914
2317.20629883
2318.58496094
2319.03173828
2319.22729492
2319.41821289
2319.38378906
2321.03125
2323.68286133
2324.5168457
2324.0690918
2322.46582031
2320.11962891
2318.85253906
2317.17626953
2315.02441406
2312.94262695
2310.74853516
2307.51293945
2302.6796875
2299.53076172
2303.984375
2306.40917969
2306.8972168
2309.36499023
2311.22094727
2311.87890625
2313.04052734
2314.50610352
2315.94799805
2317.71020508
2319.66186523
2320.55444336
2321.27099609
2321.44921875
2320.84985352
2320.22949219
2319.77172852
2318.35913086
2318.28466797
2317.75952148
2316.50146484
2315.52832031
2314.87304688
2314.4765625
2313.84057617
2314.08984375
2315.48510742
2316.73413086
2318.35668945
2318.74633789
2318.0703125
2317.06958008
2316.23803711
2315.69360352
2316.69921875
2318.93286133
2319.18432617
2318.26806641
2318.10400391
2317.71606445
2317.11181641
2317.66796875
2320.56811523
2323.8737793
2324.03466797
2322.9362793
2321.84179688
2320.39892578
2318.00512695
2314.80126953
2310.89526367
2309.91015625
2309.03051758
2308.06762695
2307.79785156
2306.8894043
2307.55761719
2310.39819336
2311.67700195
2312.28588867
2305.80615234
2310.42480469
2317.09277344
2318.98291016
2320.02807617
2320.74731445
2321.11547852
2320.89404297
2320.42407227
2320.34033203
2319.99658203
2318.91040039
2317.30322266
2315.421875
2313.1628418
2311.71801758
2311.67041016
2312.0871582
2312.82470703
2313.35351562
2313.71435547
2313.97192383
2313.46142578
2312.43432617
2312.08007812
2311.89501953
2312.25634766
2313.03710938
2313.20239258
2312.58325195
2310.99121094
2310.75024414
2309.63061523
2309.16601562
2308.89526367
2308.40283203
2307.81884766
2306.82861328
2306.05883789
2306.18188477
2306.59106445
2306.43139648
2307.40161133
2308.13476562
2308.7421875
2309.62817383
2310.65869141
2312.15673828
2313.24951172
2314.29394531
2315.3190918
2316.0234375
2316.63452148
2318.31762695
2320.05908203
2322.16723633
2323.15673828
2322.04882812
2319.46655273
2316.58764648
2312.89428711
2310.31201172
2308.37207031
2308.15820312
2308.3059082
2307.51928711
2305.51782227
2303.23657227
2301.05126953
2298.70361328
2299.09301758
2301.83300781
2304.58984375
2306.86669922
2308.22973633
2308.88183594
2309.7956543
2311.75708008
2314.20019531
2316.51367188
2318.42211914
2318.39013672
2317.19702148
2313.64746094
2308.41088867
2303.2199707
2304.43383789
2307.85205078
2310.34106445
2313.26391602
2316.84765625
2320.43505859
2323.72192383
2325.13110352
2323.61010742
2322.92919922
2323.18115234
2324.74902344
2327.59936523
2330.10131836
2329.95922852
2327.57958984
2326.07885742
2323.55834961
2321.8059082
2320.1574707
2319.70605469
2319.81591797
2318.68725586
2318.63452148
2318.40551758
2315.1875
2311.23095703
2307.79956055
2304.94213867
2302.58911133
2299.80688477
2299.65942383
2299.61572266
2300.0480957
2300.8425293
2299.78637695
2299.67089844
2299.31030273
2298.52392578
2297.03442383
2295.54101562
2295.09521484
2295.09350586
2295.09399414
2295.09277344
2295.09399414
2295.09350586
2295.09375
2295.09326172
2295.09350586
2295.09350586
2295.09350586
2295.09350586
2295.09350586
2295.09350586
2295.09350586
2295.09350586
2295.09350586
2295.09350586
2295.09350586
2295.09350586
2295.09350586
2295.03759766
2293.47827148
2293.29296875
2293.29296875
2293.29296875
2293.29296875
2293.29296875
2293.29296875
2293.29296875
2293.29296875
2293.29296875
2293.29296875
2293.29296875
2293.29296875
2293.29296875
2293.29296875
2293.29296875
2293.29296875
2294.52905273
2297.36914062
2299.63647461
2300.76586914
2302.08544922
2307.07543945
2313.27441406
2313.26269531
2312.9050293
2312.04882812
2313.73901367
2312.71142578
2312.33886719
2313.34204102
2313.70678711
2313.44360352
2313.78833008
2314.80981445
2316.11010742
2317.43334961
2319.58496094
2320.86474609
2320.60229492
2320.76342773
2319.91772461
2317.18530273
2317.45141602
2319.99829102
2319.06567383
2320.05981445
2322.66186523
2325.2668457
2326.85864258
2327.14746094
2325.79833984
2323.53979492
2322.5925293
2322.23144531
2321.63085938
2320.84741211
2318.94946289
2318.47753906
2320.23242188
2323.36206055
2325.55810547
2326.11938477
2325.75146484
2327.64282227
2330.35351562
2331.83764648
2333.06982422
2334.74731445
2337.54199219
2339.17211914
2340.24902344
2341.08374023
2341.63037109
2342.07348633
2342.44995117
2344.57519531
2346.12402344
2347.00073242
2348.10766602
2349.57299805
2351.10791016
2348.953125
2346.83251953
2345.05664062
2345.75927734
2346.23901367
2345.89819336
2345.2421875
2344.85839844
2345.35253906
2345.83032227
2345.02587891
2343.38574219
2342.17797852
2341.07836914
2339.24780273
2337.70922852
2337.73242188
2338.40039062
2338.51391602
2337.63549805
2336.63623047
2335.93261719
2335.50878906
2334.81152344
2333.35375977
2331.01586914
2330.34667969
2330.08959961
2330.20581055
2331.82226562
2332.98681641
2335.95581055
2337.95678711
2340.33081055
2342.02368164
2340.30712891
2340.3828125
2341.77026367
2343.66967773
2345.45166016
2346.07958984
2346.09765625
2346.63525391
2348.30639648
2351.32714844
2355.09179688
2359.21435547
2362.27099609
2364.16088867
2364.02832031
2361.99951172
2368.44824219
2371.69360352
2372.27514648
2371.13476562
2369.21728516
2366.62524414
2364.7121582
2364.84594727
2367.19165039
2368.37890625
2368.42675781
2368.66210938
2369.65722656
2373.29077148
2374.57861328
2374.85668945
2375.35913086
2379.9519043
2382.08081055
2382.77270508
2383.91699219
2385.22924805
2389.29077148
2394.12036133
2397.43286133
2398.34765625
2397.5168457
2395.59594727
2393.36865234
2390.98876953
2388.04541016
2389.12304688
2393.5625
2396.38598633
2395.25634766
2388.96655273
2378.09814453
2384.33422852
2392.25927734
2396.13012695
2401.10424805
2405.69995117
2408.92358398
2410.98632812
2414.39916992
2418.60644531
2421.76611328
2424.29907227
2424.20361328
2421.18603516
2420.81738281
2421.39160156
2420.68261719
2424.31225586
2435.27099609
2440.55786133
2441.07421875
2439.25195312
2437.94506836
2437.81689453
2438.00512695
2438.21679688
2438.21557617
2438.27148438
2439.3659668
2441.30200195
2443.95605469
2444.98681641
2445.43774414
2445.15332031
2443.94897461
2440.76757812
2438.86499023
2437.98461914
2438.00854492
2439.14160156
2440.29614258
2440.74316406
2440.2824707
2437.36938477
2434.17944336
2432.98925781
2432.74316406
2438.22827148
2448.73291016
2457.14453125
2463.63769531
2465.7109375
2464.88745117
2463.55664062
2463.42773438
2465.55810547
2469.43652344
2472.05273438
2472.65405273
2472.18579102
2471.21704102
2470.85449219
2472.43774414
2474.81420898
2476.90820312
2477.73754883
2475.65576172
2473.35351562
2474.04760742
2474.90087891
2475.50561523
2477.19873047
2478.81860352
2479.21044922
2480.43457031
2486.70849609
2495.48803711
2498.90649414
2501.41357422
2502.03369141
2502.1496582
2504.1171875
2503.65673828
2502.11523438
2500.70385742
2500.05126953
2500.01367188
2499.72143555
2499.77905273
2499.66748047
2499.14331055
2497.99267578
2496.20019531
2494.36425781
2492.63378906
2491.04003906
2489.92749023
2489.61303711
2490.33813477
2490.94750977
2491.21533203
2491.88891602
2492.82910156
2494.19848633
2496.21557617
2498.22143555
2500.15795898
2501.1184082
2501.38696289
2501.2512207
2500.56030273
2499.77758789
2499.03515625
2498.69042969
2498.42285156
2497.08813477
2495.45581055
2494.45141602
2494.41308594
2494.20874023
2494.3605957
2494.62207031
2495.23095703
2495.62866211
2495.99365234
2496.20092773
2496.63037109
2496.98486328
2497.25366211
2497.85717773
2498.43334961
2499.37182617
2500.62109375
2501.45849609
2502.72387695
2503.60083008
2504.23608398
2504.65380859
2505.02026367
2505.32373047
2505.45751953
2505.83300781
2506.01123047
2506.51098633
2506.83276367
2507.34765625
2507.96435547
2508.53686523
2509.05371094
2509.61279297
2510.44042969
2511.50561523
2512.6081543
2513.80004883
2515.03051758
2516.15332031
2517.36743164
2518.42358398
2519.44067383
2520.5559082
2521.64282227
2522.99511719
2524.43823242
2525.70239258
2526.69873047
2527.25390625
2527.55615234
2527.90991211
2528.45336914
2529.06787109
2529.91333008
2530.64453125
2531.37792969
2532.1730957
2533.15258789
2534.48999023
2536.18261719
2537.78564453
2539.93701172
2541.40112305
2544.35522461
2548.52709961
2552.71337891
2557.02758789
2561.3046875
2567.00439453
2572.8972168
2579.12524414
2585.51855469
2591.83325195
2595.77075195
2595.35205078
2591.70361328
2587.56640625
2582.1171875
2576.54638672
2573.19311523
2571.47802734
2571.32910156
2575.53100586
2577.5378418
2577.32104492
2576.3918457
2575.46411133
2575.22485352
2574.35131836
2571.71899414
2571.87109375
2572.02612305
2571.75390625
2571.60107422
2571.68823242
2571.74658203
2571.98022461
2572.32470703
2572.21508789
2572.203125
2572.2175293
2572.11889648
2572.36987305
2573.54223633
2575.09741211
2576.37011719
2577.80566406
2579.70483398
2581.72436523
2583.0378418
2583.61694336
2584.09057617
2585.14013672
2587.12182617
2587.90966797
2588.32592773
2588.81591797
2589.35571289
2590.11181641
2590.6796875
2591.02099609
2591.41967773
2591.88330078
2592.10766602
2592.28100586
2592.33520508
2592.54589844
2592.98681641
2593.67089844
2594.13305664
2594.16210938
2593.84741211
2593.48730469
2593.1965332
2592.76953125
2592.18603516
2591.56518555
2590.97973633
2590.7019043
2590.5
2590.65625
2590.91894531
2591.23681641
2591.52587891
2591.51318359
2591.42529297
2591.09301758
2590.69970703
2590.55102539
2590.50610352
2591.11108398
2591.54467773
2592.13720703
2593.48022461
2594.43188477
2595.06445312
2595.24023438
2595.07373047
2594.68920898
2593.4855957
2591.34863281
2589.44067383
2588.39941406
2587.140625
2585.70776367
2585.01049805
2584.44604492
2583.64233398
2582.82397461
2582.1262207
2581.46484375
2581.13720703
2580.79785156
2580.37768555
2579.89135742
2579.44458008
2578.91625977
2578.42895508
2578.046875
2577.88525391
2577.78027344
2577.60668945
2577.4050293
2577.01879883
2576.46826172
2575.45751953
2573.57055664
2570.93286133
2569.51806641
2568.56689453
2567.83374023
2567.45654297
2566.0703125
2564.18774414
2562.74243164
2562.34106445
2562.28564453
2562.81420898
2563.78173828
2562.27441406
2560.89990234
2560.63964844
2560.41455078
2559.91235352
2559.3425293
2559.22290039
2559.67114258
2559.3527832
2558.13671875
2556.25292969
2554.06054688
2551.42602539
2548.92944336
2547.28125
2545.80444336
2544.04980469
2542.44677734
2542.42285156
2543.16162109
2543.84960938
2544.3684082
2543.89916992
2543.62597656
2543.83300781
2540.99707031
2541.45166016
2544.22558594
2544.24316406
2544.20996094
2544.15991211
2542.34594727
2539.04394531
2532.83618164
2529.00268555
2527.07446289
2526.75463867
2528.52539062
2529.25415039
2530.25561523
2529.87426758
2529.31713867
2529.02416992
2528.71191406
2528.66015625
2528.84228516
2528.27661133
2524.81079102
2521.83056641
2519.80834961
2519.4765625
2519.75952148
2519.13256836
2517.39526367
2517.82885742
2517.18139648
2513.46899414
2509.72851562
2508.16577148
2507.63134766
2506.99194336
2506.06420898
2505.20996094
2504.95288086
2505.15722656
2505.89160156
2506.85595703
2507.56103516
2507.61791992
2506.52172852
2503.62939453
2499.06567383
2497.30493164
2497.2121582
2498.87451172
2504.64819336
2505.0012207
2506.35693359
2508.44091797
2510.03027344
2499.4284668
2493.65112305
2492.93969727
2493.40893555
2493.44824219
2493.31445312
2492.9440918
2493.43969727
2493.89355469
2494.24755859
2494.59985352
2494.59985352
2494.51635742
2494.22094727
2495.28100586
2495.75048828
2495.10864258
2495.70776367
2496.17700195
2496.05859375
2495.81005859
2495.90112305
2495.54003906
2495.39624023
2495.18334961
2495.20654297
2495.26025391
2495.33642578
2495.28564453
2494.93969727
2494.52929688
2494.71166992
2495.88793945
2495.66943359
2495.90063477
2496.79956055
2498.16894531
2498.73779297
2498.60522461
2497.90844727
2497.21508789
2497.40551758
2497.76660156
2497.94580078
2497.34008789
2496.54248047
2496.01464844
2495.59228516
2495.18212891
2495.29443359
2495.15893555
2494.43847656
2494.31225586
2495.07470703
2495.74951172
2495.75976562
2495.57299805
2495.39257812
2495.08032227
2494.84594727
2494.77246094
2494.55541992
2494.14599609
2493.11352539
2492.03833008
2492.18652344
2496.5925293
2502.1706543
2507.58789062
2506.61108398
2507.44213867
2508.47949219
2507.6809082
2506.58398438
2506.65185547
2507.83569336
2510.3359375
2512.40844727
2512.99829102
2512.54003906
2511.31445312
2511.16699219
2510.41430664
2519.86962891
2538.78369141
2534.12231445
2514.83520508
2512.0456543
2511.76098633
2511.86547852
2513.29223633
2523.38671875
2527.97021484
2517.77050781
2518.43481445
2519.2644043
2519.97998047
2520.62548828
2521.28100586
2521.15527344
2521.66259766
2521.99560547
2522.3359375
2522.66503906
2522.23901367
2521.43017578
2521.56835938
2521.81347656
2522.02490234
2522.44238281
2523.19018555
2524.35400391
2527.05200195
2529.32104492
2529.83544922
2529.80712891
2529.91796875
2530.25366211
2530.68334961
2530.95581055
2531.22607422
2531.41113281
2531.71264648
2532.35913086
2533.5703125
2534.75244141
2535.15136719
2534.921875
2534.79931641
2535.46777344
2537.4543457
2540.29150391
2542.0246582
2543.78173828
2545.12451172
2545.29467773
2545.38647461
2546.02197266
2546.65649414
2547.78881836
2548.61181641
2548.47436523
2548.08764648
2548.06323242
2548.04370117
2549.35571289
2552.31640625
2554.0480957
2555.02587891
2555.58911133
2555.39404297
2555.1328125
2555.57299805
2556.88354492
2557.86474609
2558.39526367
2558.62011719
2558.88085938
2559.82006836
2562.43188477
2564.95922852
2565.97412109
2566.41308594
2567.72753906
2569.16479492
2570.13549805
2570.79199219
2571.64428711
2572.37597656
2572.81469727
2573.16772461
2574.98950195
2577.48681641
2578.80859375
2579.96069336
2580.62451172
2580.80688477
2580.57275391
2580.63598633
2582.046875
2583.73999023
2585.24707031
2585.77246094
2587.51635742
2593.50585938
2595.86230469
2595.35009766
2595.62988281
2595.86816406
2595.96459961
2596.9050293
2598.79858398
2601.52685547
2604.03173828
2605.04931641
2605.71630859
2606.87426758
2608.93847656
2610.27880859
2610.93164062
2613.01928711
2614.86816406
2615.49926758
2615.99145508
2616.76708984
2617.72558594
2618.46289062
2619.44287109
2620.28759766
2621.02758789
2621.76464844
2624.53198242
2626.8046875
2627.20654297
2627.36035156
2627.51196289
2627.92871094
2628.56811523
2629.61572266
2630.94946289
2631.51855469
2632.26904297
2633.6730957
2635.42871094
2636.57958984
2637.05566406
2637.12280273
2637.28637695
2638.22558594
2639.08496094
2639.63916016
2640.25756836
2640.75610352
2641.20263672
2641.81860352
2642.71801758
2644.18383789
2646.09716797
2647.05688477
2647.85742188
2648.76293945
2649.82226562
2650.70117188
2651.63037109
2652.90600586
2654.13305664
2654.54711914
2654.40332031
2653.42529297
2652.34204102
2651.45849609
2650.91943359
2650.42358398
2649.79516602
2649.23950195
2648.84106445
2648.44458008
2648.10375977
2647.36694336
2644.99438477
2642.29174805
2640.52832031
2639.25170898
2638.58154297
2637.80273438
2636.9206543
2635.98388672
2633.80200195
2632.06030273
2631.02783203
2629.92163086
2628.41235352
2626.69042969
2625.20727539
2624.28051758
2623.703125
2622.41772461
2620.77441406
2620.13452148
2619.64916992
2618.57373047
2616.67504883
2614.28515625
2612.34716797
2611.12353516
2610.21386719
2608.97705078
2607.96850586
2606.62915039
2605.17797852
2603.64331055
2602.39819336
2601.59643555
2600.83764648
2600.05834961
2599.50219727
2599.12524414
2598.75756836
2597.20385742
2596.24829102
2595.79907227
2595.04589844
2593.3684082
2591.27172852
2589.76733398
2588.57788086
2587.63891602
2587.04199219
2585.19067383
2581.62353516
2579.03833008
2577.27026367
2576.40429688
2576.14794922
2576.16650391
2576.25317383
2575.67626953
2575.45336914
2571.98291016
2571.63500977
2571.45263672
2571.28588867
2570.19091797
2567.75830078
2565.6171875
2564.14160156
2563.27490234
2562.45068359
2561.93139648
2561.38525391
2560.10083008
2558.73193359
2557.81445312
2557.12963867
2556.65356445
2556.37329102
2555.58276367
2554.71240234
2553.97265625
2553.31201172
2552.68310547
2552.0090332
2551.40698242
2550.77514648
2549.01733398
2547.45410156
2546.78662109
2546.12255859
2545.27978516
2544.21411133
2542.55834961
2540.89306641
2539.64379883
2538.79638672
2538.38989258
2537.03466797
2535.46655273
2534.96337891
2534.77978516
2534.26196289
2533.63842773
2532.66259766
2530.9921875
2529.1887207
2528.07104492
2527.53320312
2526.79956055
2525.35986328
2524.42651367
2523.29418945
2521.53076172
2519.59375
2518.14526367
2516.86645508
2515.58300781
2514.53149414
2514.09228516
2514.11962891
2514.43579102
2514.59863281
2514.64331055
2514.40673828
2513.9921875
2513.55664062
2513.13427734
2512.40258789
2511.26293945
2510.54882812
2509.23071289
2506.91821289
2504.46679688
2502.95629883
2502.54663086
2502.26391602
2501.60302734
2501.44677734
2501.65917969
2501.71875
2501.625
2501.70678711
2501.70019531
2501.78295898
2501.86328125
2501.46337891
2500.27368164
2497.34057617
2494.38623047
2492.171875
2491.44946289
2491.46801758
2491.37451172
2491.11254883
2490.61523438
2490.3503418
2489.85131836
2489.64428711
2489.31298828
2489.28100586
2488.27490234
2486.28857422
2484.4909668
2483.14648438
2482.08154297
2481.14526367
2480.19067383
2479.15014648
2478.16967773
2477.25585938
2475.72509766
2474.31079102
2473.00366211
2471.73852539
2470.36889648
2469.13256836
2468.07177734
2467.30932617
2466.80126953
2466.5246582
2466.22973633
2466.0847168
2466.00537109
2465.78100586
2465.50805664
2465.29296875
2464.8918457
2464.1340332
2463.09838867
2462.47583008
2461.59692383
2460.66357422
2459.76538086
2458.84448242
2457.78637695
2457.06933594
2456.41772461
2455.73364258
2455.02880859
2454.34155273
2453.83154297
2453.40454102
2452.66796875
2451.69165039
2450.09765625
2448.65429688
2447.56420898
2446.78222656
2446.1081543
2445.55395508
2445.07275391
2444.58544922
2443.95043945
2443.27197266
2442.34741211
2441.25341797
2439.57202148
2437.57836914
2436.11132812
2435.42456055
2434.98046875
2434.90429688
2435.07519531
2435.24780273
2435.13134766
2434.71826172
2434.00854492
2433.15795898
2432.28588867
2431.21142578
2430.03149414
2428.17431641
2426.28833008
2424.76831055
2423.49707031
2422.44042969
2421.98632812
2421.69604492
2421.31762695
2421.04443359
2420.46704102
2419.54711914
2418.29492188
2417.18579102
2416.63623047
2416.46972656
2416.31738281
2415.45263672
2414.77441406
2414.48803711
2414.02270508
2413.43920898
2412.79467773
2412.31542969
2411.77954102
2411.13769531
2410.32592773
2409.07324219
2407.3737793
2405.45214844
2404.04492188
2403.3527832
2403.23657227
2403.22119141
2403.18676758
2403.05053711
2402.91479492
2402.84936523
2402.59350586
2402.19897461
2401.62304688
2401.17382812
2400.82519531
2400.25708008
2399.64550781
2398.88647461
2398.07202148
2397.14526367
2396.14233398
2394.98461914
2394.02514648
2393.2175293
2392.50292969
2391.77685547
2391.00878906
2389.96606445
2388.88427734
2388.02856445
2387.1875
2386.14379883
2384.68823242
2383.12255859
2381.9296875
2381.54711914
2381.22143555
2381.9230957
2380.8190918
2379.04541016
2377.37792969
2376.13818359
2374.55322266
2373.49462891
2372.73706055
2372.04663086
2371.44799805
2370.86206055
2370.015625
2369.15136719
2367.46435547
2365.87719727
2364.00610352
2361.52050781
2358.73779297
2357.54711914
2356.62207031
2356.31811523
2355.63232422
2352.06860352
2351.70922852
2350.17236328
2347.40893555
2345.48510742
2344.42138672
2339.82275391
2338.21362305
2338.00585938
2336.90185547
2334.62817383
2333.83911133
2335.73413086
2333.74389648
2331.0546875
2328.33349609
2324.6484375
2319.62792969
2316.23754883
2314.56689453
2313.36914062
2312.54174805
2310.9128418
2309.43457031
2306.14135742
2302.88061523
2300.43457031
2298.8059082
2297.17041016
2294.00439453
2291.32397461
2289.89428711
2288.3046875
2286.4140625
2284.74755859
2281.8359375
2280.44360352
2279.26757812
2278.16772461
2277.1862793
2276.07495117
2274.95263672
2273.68603516
2272.45947266
2271.48291016
2269.87304688
2267.90209961
2265.50805664
2262.82421875
2260.53271484
2258.91479492
2258.1796875
2256.61816406
2256.51025391
2256.08129883
2253.54980469
2249.33227539
2246.91113281
2244.68212891
2242.6262207
2241.29443359
2240.02954102
2239.29833984
2238.6796875
2237.18652344
2236.16796875
2234.46850586
2233.58886719
2233.14160156
2232.13525391
2230.89672852
2230.16870117
2229.39477539
2228.5871582
2227.92382812
2226.66235352
2225.16992188
2223.73022461
2222.79541016
2222.09008789
2221.91870117
2221.57470703
2220.72241211
2217.83325195
2218.71289062
2221.18212891
2224.16259766
2224.8125
2224.62695312
2223.76123047
2221.28076172
2217.3605957
2215.24951172
2213.98046875
2213.26342773
2213.04638672
2213.02612305
2212.06225586
2210.51928711
2209.07568359
2206.86547852
2205.52050781
2203.61987305
2201.46777344
2199.5559082
2197.83935547
2195.69067383
2193.82104492
2193.60644531
2193.45019531
2192.81762695
2190.81958008
2188.68579102
2187.50976562
2184.87841797
2182.18481445
2180.70776367
2178.95727539
2177.0949707
2175.30517578
2173.48168945
2171.09667969
2169.65600586
2169.04052734
2168.54443359
2168.41210938
2167.88061523
2166.82250977
2165.58911133
2164.91601562
2164.62866211
2164.41503906
2164.40771484
2164.5949707
2164.45922852
2163.60058594
2161.08276367
2158.26757812
2157.14794922
2156.80493164
2156.71777344
2156.25561523
2155.90185547
2155.92700195
2155.89111328
2156.19677734
2156.12231445
2156.08105469
2155.50195312
2154.89257812
2154.57666016
2154.59228516
2154.40844727
2153.87646484
2153.21508789
2152.71801758
2152.36108398
2152.02270508
2151.09399414
2149.73999023
2148.77246094
2148.50610352
2149.82202148
2150.10839844
2149.73046875
2148.31738281
2144.38110352
2142.8918457
2142.55419922
2142.80981445
2143.30297852
2143.85693359
2144.39379883
2144.19238281
2144.99584961
2145.36645508
2144.71337891
2143.37841797
2142.00976562
2141.81518555
2142.39477539
2142.78271484
2142.67675781
2142.54931641
2142.22729492
2141.91015625
2142.86938477
2143.58544922
2143.2980957
2142.74780273
2142.82788086
2142.54614258
2143.5871582
2145.05444336
2143.6730957
2141.20361328
2138.38085938
2136.46630859
2136.01074219
2135.79101562
2135.35351562
2134.578125
2133.93408203
2135.62573242
2136.80517578
2137.25854492
2136.75048828
2135.77075195
2135.921875
2136.16113281
2135.42236328
2133.27197266
2132.19433594
2131.75976562
2131.27954102
2130.52416992
2130.06420898
2129.83813477
2130.06274414
2129.65039062
2128.14477539
2126.36962891
2125.61938477
2124.82763672
2122.77807617
2121.42456055
2121.34057617
2121.64624023
2121.57202148
2121.4621582
2120.85107422
2119.99169922
2119.59887695
2120.11816406
2122.58984375
2128.07128906
2130.22387695
2130.41943359
2130.83691406
2126.70385742
2121.76904297
2122.0480957
2121.65527344
2121.05419922
2120.40625
2119.22119141
2118.33666992
2118.3503418
2118.33959961
2118.48144531
2118.30273438
2118.88330078
2120.28466797
2119.93164062
2117.08227539
2113.22338867
2111.07861328
2109.75708008
2109.23046875
2108.90917969
2108.58813477
2108.40185547
2108.32226562
2108.22192383
2107.68652344
2107.22802734
2106.95068359
2106.5078125
2106.00732422
2105.38916016
2104.40771484
2104.546875
2104.47387695
2104.39038086
2104.31591797
2104.36547852
2104.68774414
2104.80151367
2104.62597656
2104.40576172
2104.47094727
2104.74389648
2104.421875
2103.38134766
2101.34350586
2100.67529297
2102.0769043
2103.56787109
2105.14404297
2106.59863281
2107.9519043
2109.05029297
2109.92626953
2113.46972656
2117.41162109
2119.2121582
2119.99682617
2120.09399414
2119.42358398
2119.27807617
2119.01098633
2118.92114258
2118.90942383
2119.46411133
2119.91748047
2120.02099609
2120.10205078
2120.4765625
2121.65893555
2124.95532227
2127.69482422
2129.54003906
2130.31079102
2130.4309082
2131.0065918
2131.50805664
2131.39501953
2131.50585938
2132.17871094
2132.74804688
2135.21508789
2142.06567383
2142.94018555
2142.39208984
2142.64208984
2142.75830078
2142.75390625
2143.49731445
2144.46289062
2144.6706543
2144.54492188
2145.0378418
2145.4765625
2145.76660156
2145.99389648
2145.7019043
2146.10253906
2148.73657227
2153.73754883
2154.98901367
2154.85791016
2155.20117188
2157.06274414
2157.98632812
2158.13623047
2160.62548828
2165.12524414
2166.17993164
2166.32641602
2165.33618164
2163.07055664
2163.23413086
2164.95751953
2166.78833008
2169.2043457
2170.70532227
2171.3371582
2174.3203125
2176.9152832
2177.70654297
2178.25439453
2178.85668945
2179.41625977
2179.40600586
2179.72729492
2179.83178711
2179.82495117
2179.50708008
2179.31347656
2179.66674805
2180.8918457
2183.11425781
2186.0637207
2188.41430664
2190.64990234
2191.59667969
2194.53149414
2198.08422852
2199.55664062
2200.73608398
2202.00292969
2203.6706543
2207.30810547
2209.71850586
2210.42919922
2211.39550781
2212.89794922
2214.47680664
2213.98168945
2214.00097656
2213.80273438
2214.97729492
2221.51586914
2223.88745117
2223.45092773
2223.10424805
2223.06640625
2223.76513672
2224.62304688
2225.11791992
2226.2109375
2227.76025391
2229.17602539
2234.82226562
2236.22509766
2236.46899414
2236.74560547
2237.54418945
2239.23510742
2241.13989258
2241.12402344
2240.99682617
2241.24804688
2242.02661133
2243.82910156
2245.92871094
2246.49072266
2246.37573242
2246.95751953
2248.05322266
2249.0847168
2250.23242188
2251.56445312
2253.00415039
2254.7824707
2259.1484375
2263.66381836
2265.46166992
2266.09985352
2266.57714844
2266.90820312
2267.2043457
2267.37133789
2267.52099609
2267.95898438
2271.57250977
2274.03295898
2274.68798828
2274.78662109
2275.67651367
2276.64257812
2276.5534668
2276.52490234
2277.42944336
2280.6472168
2282.50024414
2282.84960938
2283.83813477
2285.78759766
2287.80151367
2290.36425781
2294.48022461
2297.17749023
2298.68579102
2300.13842773
2301.24121094
2301.83520508
2303.14038086
2305.78320312
2306.76660156
2306.94433594
2306.6340332
2306.3984375
2307.86499023
2309.71801758
2311.73242188
2314.12426758
2317.26269531
2318.73120117
2319.88891602
2321.89990234
2323.80810547
2324.82983398
2325.01977539
2325.20581055
2325.04150391
2323.89770508
2322.70263672
2321.36328125
2326.87695312
2330.89550781
2332.90258789
2336.4831543
2339.48388672
2343.35400391
2346.02416992
2349.22412109
2350.82348633
2351.68603516
2352.17602539
2352.78662109
2354.27832031
2357.39477539
2362.16943359
2365.22412109
2367.64672852
2368.68725586
2369.19946289
2369.45092773
2369.7409668
2370.00585938
2370.48852539
2371.13916016
2371.78979492
2372.17236328
2372.44897461
2372.37304688
2372.07739258
2371.78588867
2371.37280273
2370.76904297
2370.03930664
2369.13208008
2367.83081055
2366.23291016
2364.58984375
2363.32299805
2362.22900391
2361.33129883
2360.25219727
2359.50927734
2358.66918945
2358.05834961
2357.10693359
2355.77929688
2352.67626953
2349.93017578
2350.37329102
2352.67285156
2355.74975586
2358.71484375
2361.3659668
2363.50488281
2364.9855957
2365.67236328
2366.33666992
2367.04638672
2366.71313477
2365.90771484
2366.34106445
2366.51318359
2366.66992188
2368.82397461
2370.00415039
2370.94067383
2371.26538086
2371.58862305
2371.78808594
2372.00830078
2372.43945312
2372.74389648
2372.828125
2373.10986328
2373.79589844
2374.58642578
2375.3137207
2376.19580078
2376.60620117
2376.8684082
2377.55786133
2378.94799805
2381.32836914
2382.04321289
2381.90258789
2381.81860352
2382.09301758
2382.57080078
2383.24829102
2384.34765625
2385.84106445
2387.23071289
2388.41186523
2390.31347656
2393.14868164
2394.9074707
2396.33081055
2397.93017578
2399.15771484
2399.82250977
2400.15576172
2400.46508789
2400.57641602
2400.78149414
2401.30859375
2402.43920898
2406.18945312
2408.90039062
2410.11035156
2410.77050781
2411.03857422
2411.41333008
2412.16601562
2413.12963867
2414.18847656
2414.84130859
2414.97460938
2414.85424805
2415.85595703
2418.73413086
2418.9309082
2418.52758789
2417.24780273
2415.39990234
2414.07495117
2412.99780273
2412.22167969
2411.97583008
2411.64892578
2411.29980469
2410.88891602
2410.70874023
2410.82714844
2411.2253418
2411.89672852
2412.84228516
2414.14111328
2415.83642578
2418.0480957
2420.27148438
2422.66113281
2425.04907227
2427.02172852
2427.34692383
2427.38500977
2427.40917969
2427.3996582
2427.39526367
2426.97583008
2426.70629883
2426.10571289
2426.04882812
2425.78076172
2424.86669922
2424.17260742
2423.29418945
2422.0703125
2420.18408203
2417.58203125
2415.80175781
2415.29980469
2413.02539062
2407.82543945
2404.58349609
2405.18676758
2405.93432617
2406.50195312
2406.93139648
2406.97753906
2407.36694336
2407.26831055
2406.31762695
2404.63305664
2402.21508789
2401.20092773
2400.92578125
2400.52783203
2400.40893555
2399.62646484
2398.90014648
2398.54541016
2398.00024414
2396.96704102
2395.24975586
2393.10522461
2389.6315918
2385.76782227
2383.8581543
2382.07226562
2381.15991211
2380.64648438
2380.30029297
2379.72973633
2379.09106445
2377.23339844
2374.79443359
2373.67382812
2373.20605469
2372.66577148
2372.17553711
2371.93505859
2371.86865234
2371.98852539
2372.11938477
2372.08642578
2371.82324219
2371.10888672
2369.51831055
2365.83544922
2363.33764648
2361.80102539
2359.83813477
2358.04345703
2356.52563477
2355.15625
2352.23046875
2349.61621094
2348.98706055
2349.07885742
2349.30273438
2349.20458984
2348.92236328
2348.82250977
2348.88305664
2349.54321289
2349.76831055
2349.31787109
2348.7265625
2346.53442383
2342.64477539
2339.11621094
2336.83618164
2335.22949219
2333.72998047
2331.72436523
2329.61181641
2328.68066406
2328.84350586
2330.19458008
2331.22314453
2329.06323242
2326.88647461
2326.08642578
2325.85644531
2325.84863281
2325.68188477
2324.63989258
2323.61303711
2322.72680664
2322.06005859
2321.73095703
2321.01806641
2318.55395508
2316.38183594
2315.23071289
2314.13867188
2313.65136719
2313.71948242
2313.63037109
2312.96166992
2311.92407227
2311.38745117
2309.71435547
2306.08178711
2302.66479492
2303.54736328
2299.14868164
2283.28051758
2275.70166016
2270.0612793
2268.3034668
2270.55615234
2271.6328125
2268.10449219
2262.91845703
2262.55786133
2258.14160156
2250.73632812
2250.92138672
2248.63964844
2240.97143555
2236.11791992
2236.46777344
2236.81201172
2229.13208008
2227.70166016
2227.05932617
2219.92236328
2216.7746582
2215.70922852
2213.11181641
2213.74829102
2213.10961914
2205.61206055
2201.88232422
2199.67578125
2195.31079102
2188.39575195
2188.94824219
2188.7355957
2183.39501953
2176.9074707
2174.48022461
2172.66137695
2167.79199219
2166.71337891
2162.72875977
2153.37011719
2152.265625
2152.75732422
2145.82495117
2142.91821289
2139.96118164
2135.86938477
2129.28051758
2129.47021484
2127.19775391
2124.37939453
2121.61230469
2114.94897461
2108.23779297
2106.85253906
2108.15332031
2109.65722656
2110.45947266
2107.52441406
2105.34130859
2103.66015625
2103.68408203
2098.65014648
2090.74951172
2088.16796875
2086.32958984
2086.31616211
2087.89819336
2088.08251953
2086.84936523
2087.34082031
2086.67602539
2085.71484375
2085.56176758
2087.62036133
2089.23901367
2089.41552734
2087.93383789
2084.14794922
2079.95922852
2079.04150391
2078.18554688
2075.00195312
2071.72412109
2070.41064453
2068.65063477
2068.359375
2067.07177734
2065.82568359
2064.55273438
2064.71386719
2064.10180664
2062.62304688
2061.07617188
2057.13134766
2054.26977539
2051.67651367
2049.12329102
2047.6776123
2046.21264648
2043.36022949
2040.3371582
2037.32678223
2033.03759766
2033.39501953
2035.51403809
2035.15356445
2031.42626953
2030.23083496
2029.19445801
2028.3157959
2027.27392578
2025.12145996
2023.14135742
2021.96276855
2020.00061035
2018.42150879
2018.0144043
2018.90673828
2019.6784668
2019.61853027
2019.21557617
2018.21594238
2016.85119629
2014.73388672
2012.53747559
2009.77868652
2008.74609375
2008.09069824
2007.15441895
2005.35864258
2003.45422363
2001.54711914
1998.41638184
1997.93615723
1995.19616699
1991.79858398
1988.12268066
1986.60974121
1984.2935791
1981.97277832
1979.66638184
1977.90063477
1975.09924316
1971.71777344
1970.28686523
1968.4395752
1966.71069336
1965.69519043
1964.91210938
1964.20874023
1964.14929199
1965.19970703
1965.09558105
1969.12036133
1970.26257324
1969.54577637
1965.93347168
1968.31518555
1962.7923584
1957.98144531
1952.65551758
1952.0567627
1946.65344238
1945.85705566
1945.80517578
1943.6953125
1942.92736816
1943.35058594
1940.05822754
1937.60546875
1934.0859375
1933.74450684
1929.74743652
1927.65234375
1927.65332031
1925.18603516
1923.67944336
1923.05554199
1922.90258789
1922.39611816
1922.00793457
1922.11730957
1925.63574219
1926.55432129
1925.9543457
1922.0222168
1920.31872559
1917.28686523
1915.41845703
1913.60302734
1909.71911621
1909.27526855
1907.44543457
1904.82458496
1903.43591309
1902.54992676
1902.89086914
1900.5802002
1898.14099121
1897.75256348
1897.08837891
1896.27685547
1891.68835449
1890.80957031
1886.18835449
1884.95373535
1884.14709473
1882.15002441
1880.98461914
1878.98474121
1878.8380127
1878.15234375
1875.6932373
1873.90332031
1872.94091797
1872.65002441
1870.75280762
1869.2635498
1868.11401367
1866.90368652
1866.5390625
1864.26977539
1863.06469727
1861.04736328
1859.80236816
1859.69641113
1860.73144531
1856.46594238
1855.25842285
1854.27282715
1853.75158691
1854.28588867
1854.43774414
1850.70874023
1849.01843262
1848.68676758
1848.35021973
1848.0177002
1846.23754883
1844.27050781
1842.88415527
1842.15478516
1839.9942627
1838.07385254
1836.19042969
1835.34887695
1798.23718262
1797.96691895
1797.69799805
1797.39306641
1797.12390137
1796.82519531
1796.53759766
1796.22338867
1795.94616699
1795.71362305
1795.4432373
1795.17492676
1794.90722656
1794.62451172
1794.35241699
1794.05883789
1793.78796387
1793.57739258
1793.46801758
1793.46850586
1793.47680664
1793.39550781
1793.0501709
1792.53918457
1792.03759766
1791.5859375
1791.27905273
1790.9576416
1790.60827637
1790.31176758
1789.94836426
1789.61169434
1789.36486816
1789.06787109
1788.78015137
1788.4630127
1788.18945312
1787.90698242
1787.58740234
1787.42675781
1787.36901855
1787.2902832
1787.01757812
1786.60021973
1786.29504395
1785.92041016
1785.5177002
1784.96606445
1784.31567383
1783.49121094
1782.83215332
1782.47387695
1782.22827148
1782.08850098
1782.05395508
1782.06518555
1782.00537109
1781.92541504
1781.85949707
1781.82629395
1781.79748535
1781.80529785
1781.83447266
1781.80407715
1781.8605957
1781.8215332
1781.62939453
1781.51013184
1781.45275879
1781.45629883
1781.29663086
1780.8380127
1780.32336426
1779.69177246
1779.05334473
1778.30456543
1777.80163574
1777.38769531
1777.09545898
1776.76794434
1776.55200195
1776.38647461
1776.32189941
1776.29309082
1776.19458008
1776.06884766
1775.8918457
1775.68640137
1775.51135254
1775.4519043
1775.43054199
1775.3963623
1775.32519531
1775.00610352
1773.67993164
1771.73034668
1770.18249512
1769.50073242
1769.38659668
1769.44763184
1769.56640625
1769.70617676
1769.8885498
1770.08056641
1770.28283691
1770.40808105
1770.46594238
1770.52636719
1770.6151123
1770.62573242
1770.64147949
1770.55566406
1770.47167969
1770.3380127
1770.22814941
1770.11364746
1770.07543945
1770.05688477
1770.05981445
1770.06262207
1770.00292969
1769.94189453
1769.83874512
1769.71044922
1769.59753418
1769.39770508
1769.24658203
1769.19787598
1769.23400879
1769.32055664
1769.38964844
1769.45788574
1769.42053223
1769.36425781
1769.27600098
1769.39331055
1769.44372559
1769.4420166
1769.43762207
1769.46472168
1769.46166992
1769.46704102
1769.47607422
1769.4630127
1769.42590332
1769.28381348
1769.06958008
1768.96252441
1768.89111328
1768.88708496
1768.94152832
1768.93762207
1768.94873047
1769.00708008
1768.98291016
1768.92553711
1768.94140625
1769.01953125
1769.0760498
1769.16967773
1769.31738281
1769.39624023
1769.4967041
1769.47473145
1769.49865723
1769.3885498
1769.19067383
1769.03491211
1768.859375
1768.68908691
1768.63049316
1768.54882812
1768.38977051
1768.27880859
1768.13220215
1768.04626465
1767.93432617
1767.7890625
1767.62561035
1767.54394531
1767.4708252
1767.33557129
1767.15185547
1767.02416992
1766.94787598
1766.85009766
1766.71484375
1766.58740234
1766.53308105
1766.47924805
1766.3223877
1766.22998047
1766.06542969
1765.92980957
1765.8729248
1765.75610352
1765.6081543
1765.51220703
1765.37231445
1765.25378418
1765.12963867
1764.9855957
1764.83276367
1764.70288086
1764.60449219
1764.47045898
1764.26184082
1764.14343262
1764.05517578
1763.91442871
1763.76733398
1763.67736816
1763.60803223
1763.48962402
1763.46057129
1763.3963623
1763.27978516
1763.25
1763.13452148
1763.08129883
1762.96533203
1762.83898926
1762.83337402
1762.95715332
1763.10083008
1763.17333984
1763.16650391
1763.23828125
1763.33435059
1763.4074707
1763.5501709
1763.63916016
1763.65881348
1763.61218262
1763.5057373
1763.51245117
1763.50012207
1763.53479004
1763.52722168
1763.45275879
1763.41931152
1763.35668945
1763.37207031
1763.37695312
1763.35754395
1763.44555664
1763.51708984
1763.40332031
1763.15942383
1762.91137695
