329.496246338
332.605499268
330.175384521
334.088806152
347.983642578
352.283172607
357.49520874
350.347381592
351.832702637
352.622497559
348.721343994
348.824279785
356.318786621
356.213043213
360.780609131
364.372467041
365.389678955
361.053710938
360.166137695
357.75604248
355.41027832
353.954193115
352.218841553
352.402893066
351.359710693
349.910430908
350.000457764
350.713806152
350.681213379
351.981658936
352.617950439
350.663726807
353.71673584
355.309631348
358.029602051
361.442840576
365.021911621
367.51385498
368.664825439
373.630249023
377.409942627
371.331512451
366.554016113
360.759338379
360.199523926
362.22668457
357.491851807
349.616363525
340.165710449
335.800689697
335.624694824
343.237182617
338.059112549
341.51083374
341.791107178
342.007568359
342.38848877
344.906005859
346.258911133
348.959106445
364.19934082
365.718261719
358.094726562
359.855438232
358.767791748
367.76071167
359.147705078
363.103302002
369.662811279
362.654388428
367.601409912
365.750823975
362.752868652
354.636657715
364.007507324
376.077789307
372.991546631
362.077545166
356.421630859
373.543151855
355.517700195
353.395446777
349.588745117
352.195709229
353.823699951
354.480499268
353.88470459
355.579711914
355.623565674
355.539855957
354.342987061
353.417633057
352.872131348
352.81048584
351.868560791
351.951263428
351.389526367
367.492919922
367.542419434
369.782440186
363.09463501
366.247680664
379.097808838
380.544830322
381.897583008
375.93572998
381.885803223
384.770965576
380.299560547
373.641326904
375.466278076
380.479614258
387.169647217
385.758087158
385.381774902
387.847839355
390.373413086
387.74005127
388.278503418
387.868408203
387.313995361
387.777709961
390.266662598
387.108612061
385.339416504
387.507141113
386.961853027
384.58807373
390.931121826
387.669403076
392.315246582
397.810913086
393.58883667
394.859924316
395.377990723
390.66229248
384.378997803
390.189025879
390.866821289
394.829437256
400.329040527
393.378295898
389.612487793
389.360656738
392.923187256
392.466308594
383.607818604
379.446655273
377.910491943
380.170227051
391.850769043
385.344482422
382.860473633
383.009338379
386.886383057
391.598144531
397.569000244
392.313201904
386.291442871
396.382598877
396.055908203
389.884338379
386.618408203
393.787536621
398.773803711
393.422912598
389.490325928
389.641693115
385.380889893
383.725524902
387.605529785
389.848419189
390.300048828
393.080627441
397.363739014
400.995178223
403.394683838
405.04486084
398.949859619
398.391571045
399.200195312
397.504486084
397.665222168
393.993713379
394.163452148
395.661071777
392.209503174
391.274353027
390.956512451
391.27633667
388.151000977
387.89630127
387.837432861
387.54284668
386.663146973
382.58895874
387.486175537
387.760375977
386.93057251
393.959625244
387.079040527
388.848876953
390.413269043
390.82232666
391.008544922
390.765380859
391.487060547
392.296295166
392.819030762
393.10369873
392.682922363
393.243804932
393.451507568
393.473937988
394.913024902
394.531005859
391.868438721
395.255828857
395.63949585
396.072723389
396.357025146
396.739349365
396.792999268
394.835296631
397.456542969
397.26651001
398.092376709
398.711853027
398.552764893
398.858886719
399.435546875
398.910400391
399.715484619
399.67401123
399.36807251
399.709197998
400.137359619
398.97756958
401.015838623
407.832244873
408.79776001
408.673950195
408.788970947
407.882751465
405.731933594
410.739532471
408.308990479
407.561828613
409.254333496
409.56741333
