865.897094727
866.022583008
866.050048828
866.074890137
866.159667969
866.098999023
865.942749023
865.766784668
865.633850098
865.623901367
865.606140137
865.769287109
866.82598877
867.163513184
867.163696289
867.155029297
867.157165527
867.156982422
867.158752441
867.158325195
868.72857666
871.724182129
875.033874512
877.344909668
877.684143066
877.609313965
877.426391602
877.294128418
877.112854004
877.69140625
877.447692871
877.789794922
877.894470215
878.130554199
878.331054688
879.358825684
879.419921875
879.406860352
879.390930176
879.401489258
879.46661377
880.819213867
880.725524902
880.9140625
880.8984375
880.903320312
880.871826172
880.88104248
880.876708984
879.523132324
878.003662109
876.040649414
875.970214844
875.946899414
874.66619873
873.186157227
872.752563477
872.593444824
872.64630127
872.841125488
873.237854004
872.782287598
872.46673584
872.243591309
872.069824219
871.879211426
872.979064941
873.042541504
873.347290039
873.53125
873.698364258
873.840026855
874.226318359
874.650817871
874.906860352
875.104370117
875.113891602
875.206848145
875.29284668
875.287414551
875.433288574
875.675964355
875.99822998
876.178588867
876.364135742
876.599914551
876.699401855
876.797790527
876.938842773
877.267272949
877.579223633
877.904968262
878.046325684
878.066711426
878.134216309
878.079772949
878.149536133
878.278930664
878.455505371
878.554138184
878.678588867
878.95715332
879.187744141
879.350524902
879.349975586
879.592407227
880.063415527
880.275390625
880.548583984
880.90032959
881.016418457
881.120178223
881.835327148
881.967163086
882.404052734
883.014404297
883.929260254
884.702575684
886.424438477
889.618225098
893.430114746
894.823425293
894.58996582
896.126403809
897.235290527
898.165893555
895.141845703
894.13470459
897.578979492
899.146484375
899.296447754
899.265319824
899.297058105
899.1484375
899.277099609
899.439697266
899.432617188
899.410095215
899.400695801
899.381896973
899.408691406
899.477111816
899.544799805
899.649353027
899.751525879
899.99810791
900.689697266
900.719787598
900.822937012
900.842712402
902.311096191
903.043457031
903.511352539
903.647277832
904.128356934
904.916809082
904.382751465
904.824584961
904.280944824
904.127746582
904.282775879
904.155883789
904.389099121
904.129638672
904.602478027
904.798583984
904.87121582
905.162109375
905.268920898
905.318054199
905.434509277
905.543151855
905.673522949
905.859313965
905.921630859
906.288208008
906.590698242
906.757202148
906.784179688
906.779968262
906.779968262
906.790344238
908.300048828
908.31048584
908.353027344
909.852844238
911.373840332
911.352050781
911.34765625
911.36328125
911.339538574
911.335205078
911.343078613
911.344726562
911.348571777
911.348693848
911.348693848
911.349182129
911.348449707
911.34942627
911.183837891
910.956542969
910.886474609
911.351196289
911.37097168
911.36895752
911.349975586
911.16229248
910.322998047
909.260253906
908.350952148
904.972167969
904.389404297
904.019287109
902.788269043
901.50592041
900.972412109
900.397155762
900.203430176
900.352050781
900.487243652
900.550415039
900.616577148
900.751586914
901.0625
901.363647461
901.932373047
904.996826172
908.295227051
908.832519531
908.958679199
909.39642334
910.831665039
911.660461426
911.965515137
912.958251953
913.757446289
914.399902344
914.399963379
914.770263672
914.321655273
911.910583496
908.097961426
908.29083252
908.719482422
913.579467773
913.24987793
912.165893555
914.324035645
916.536682129
917.808532715
917.364807129
918.050048828
918.91619873
918.200683594
917.80267334
917.485351562
917.347106934
917.494812012
917.748657227
919.222106934
920.227539062
919.067932129
920.337463379
920.016540527
920.735961914
920.919189453
923.036010742
925.057067871
925.854736328
926.201843262
924.792602539
923.364624023
922.835205078
918.035461426
917.821289062
917.457397461
917.398864746
917.369995117
918.647033691
920.02130127
921.177185059
923.572753906
925.009643555
926.443237305
929.152587891
932.527160645
934.381103516
939.133483887
943.006896973
943.864624023
943.15625
940.872253418
939.323120117
943.384643555
947.411376953
948.106994629
951.952880859
955.117675781
955.158508301
951.520141602
951.862976074
955.489929199
959.604431152
965.862060547
966.351135254
963.295410156
965.186523438
968.258911133
968.351501465
963.875671387
960.617004395
965.656494141
972.277709961
977.653625488
981.216125488
980.743164062
978.528076172
977.515258789
984.516418457
989.293884277
992.012145996
993.788208008
994.815368652
995.148132324
995.584228516
996.521606445
997.061645508
997.475646973
998.033752441
998.201171875
998.363952637
998.895568848
999.728271484
999.717285156
997.809265137
994.798339844
995.26373291
998.180480957
995.611816406
987.958740234
990.156494141
986.631774902
979.125793457
987.817993164
987.937133789
981.490722656
980.504760742
983.345947266
978.274291992
976.654785156
983.63293457
987.778015137
988.551696777
992.925598145
996.99987793
998.021911621
998.213256836
998.184875488
999.667419434
999.697570801
999.722045898
999.75
998.738830566
997.462341309
996.372009277
993.812744141
987.718994141
980.915710449
982.834655762
986.664428711
981.302124023
972.522583008
968.903137207
974.284423828
982.96697998
989.088439941
990.594909668
987.691101074
981.311950684
975.451721191
981.189941406
987.18560791
984.645202637
978.564147949
982.844726562
985.779602051
987.661743164
989.574279785
982.938293457
972.025939941
965.053222656
961.621520996
963.83392334
964.149780273
964.460754395
962.721984863
960.310974121
957.633483887
957.06048584
958.477111816
958.789001465
959.027587891
959.182556152
960.005065918
960.039855957
960.10925293
960.272888184
963.031188965
963.733520508
964.81628418
965.010009766
963.840942383
963.950927734
964.477539062
965.741149902
966.288085938
968.03338623
969.241333008
969.199462891
969.33807373
968.443725586
969.132629395
969.603088379
970.837524414
969.276855469
969.271179199
970.844787598
972.151489258
971.258056641
970.848266602
971.818908691
970.875854492
972.265686035
973.487304688
974.688354492
975.447814941
976.916564941
978.39276123
978.300109863
978.146911621
977.442016602
975.880126953
975.308898926
975.389465332
975.577514648
974.678649902
975.325134277
974.976745605
975.398132324
977.105957031
977.583740234
978.412780762
978.044067383
977.538330078
978.424682617
979.628295898
978.641845703
979.116027832
979.420166016
978.935424805
980.66809082
979.813598633
981.317260742
981.341308594
982.161804199
981.556213379
982.161437988
982.973937988
983.190368652
983.648986816
984.625183105
985.36920166
985.958190918
987.136413574
987.994140625
987.87298584
988.106140137
987.897460938
987.492675781
987.557250977
987.218566895
987.546813965
987.110839844
988.332275391
988.700439453
988.997375488
989.015014648
989.043823242
989.766723633
990.434814453
990.527648926
990.454528809
991.925354004
992.045654297
993.025695801
993.417663574
996.785766602
994.879211426
995.803405762
995.119140625
995.899353027
995.861816406
996.360229492
996.399536133
996.13659668
996.64831543
996.692932129
996.692260742
996.690612793
996.699707031
996.70526123
997.416442871
998.646606445
998.700500488
999.690063477
1000.67596436
1001.1519165
1001.24829102
1001.23376465
1001.25360107
1001.26538086
1001.2699585
1001.2699585
1001.27044678
1001.47290039
1002.33636475
1002.61535645
1002.769104
1002.78881836
1003.3314209
1004.43609619
1005.03985596
1005.80255127
1006.81561279
1006.60705566
1007.11022949
1007.44903564
1008.86968994
1008.88592529
1008.88140869
1008.88970947
1008.88977051
1008.96124268
1009.20758057
1009.2590332
1009.44934082
1010.10070801
1010.74285889
1008.96002197
1011.90350342
1011.98944092
1011.93304443
1011.9329834
1013.09417725
1011.51898193
1010.65258789
1010.66516113
1009.86322021
1009.57202148
1010.29223633
1010.1706543
1011.92010498
1011.97363281
1012.34954834
1011.93994141
1011.93768311
1011.93829346
1011.93841553
1011.9375
1011.93688965
1011.93786621
1011.93585205
1012.32250977
1012.86859131
1014.95526123
1014.98413086
1014.98693848
1015.0904541
1017.81329346
1018.01647949
1018.47973633
1018.63684082
1019.10491943
1019.66595459
1019.93804932
1019.11676025
1018.61254883
1018.61309814
1018.48046875
1018.37432861
1018.28033447
1018.21643066
1018.0357666
1018.02941895
1018.02886963
1018.02880859
1018.02563477
1018.04797363
1018.14172363
1018.14581299
1018.45605469
1019.80578613
1020.50463867
1020.74047852
1021.64141846
1022.35308838
1022.89404297
1023.58209229
1024.40136719
1024.97485352
1025.56103516
1026.09570312
1027.54711914
1027.58178711
1027.6204834
1027.62109375
1027.64025879
1027.65930176
1027.60974121
1026.87878418
1027.63122559
1027.62304688
1027.69226074
1027.73266602
1027.61804199
1027.62158203
1027.88781738
1028.5255127
1028.46411133
1028.51782227
1031.94677734
1030.77209473
1032.29711914
1031.67687988
1030.43823242
1029.47998047
1028.95727539
1028.77746582
1031.5123291
1036.82189941
1033.88476562
1038.80419922
1035.67553711
1033.4888916
1035.61486816
1036.17407227
1035.09094238
1036.75756836
1033.46813965
1030.30126953
1029.9777832
1030.14660645
1030.74377441
1031.84570312
1030.5246582
1030.38952637
1030.30883789
1030.19311523
1030.61499023
1031.43713379
1031.90026855
1032.19836426
1032.35803223
1032.73657227
1033.18920898
1033.14648438
1033.07995605
1033.14123535
1033.2980957
1033.42199707
1033.7244873
1034.21203613
1034.7644043
1035.06591797
1035.28479004
1035.54821777
1035.73083496
1035.96813965
1036.17077637
1036.38244629
1036.54199219
1036.50354004
1036.16845703
1035.88049316
1035.8918457
1036.08288574
1036.4230957
1036.75280762
1036.75292969
1036.75292969
1036.75390625
1036.76733398
1036.75744629
1036.77050781
1037.16711426
1037.96582031
1038.50476074
1038.79858398
1038.92956543
1039.15063477
1039.77990723
1039.79602051
1039.7956543
1039.79711914
1039.80126953
1040.02783203
1040.42614746
1040.83557129
1041.22351074
1041.59594727
1042.00378418
1042.33435059
1042.83959961
1042.85266113
1042.85314941
1042.92700195
1043.01318359
1043.29748535
1043.8951416
1044.92553711
1045.6315918
1045.92077637
1046.01708984
1046.06982422
1046.10778809
1046.07678223
1045.97399902
1045.95532227
1045.96716309
1046.01879883
1046.0703125
1045.8314209
1045.64648438
1045.7677002
1048.70080566
1048.84985352
1048.93554688
1048.92199707
1049.40893555
1051.11279297
1052.09643555
1052.91638184
1053.91125488
1054.95751953
1055.04931641
1056.06481934
1060.4354248
1063.69458008
1060.64355469
1058.48864746
1059.22021484
1058.17419434
1058.32104492
1057.10693359
1057.32275391
1056.91931152
1055.56225586
1056.46716309
1057.03625488
1056.85681152
1056.2208252
1055.91650391
1056.27258301
1057.00146484
1058.04907227
1059.01977539
1058.59033203
1057.98718262
1057.87402344
1058.11816406
1058.99963379
1059.84094238
1059.2980957
1058.57312012
1058.93383789
1059.3515625
1059.52319336
1059.74169922
1060.02612305
1060.17565918
1060.24853516
1060.25036621
1060.24267578
1060.3046875
1060.43188477
1060.66625977
1060.93823242
1061.0760498
1061.18347168
1061.78015137
1062.31274414
1062.83911133
1063.68432617
1064.22521973
1064.23303223
1064.22802734
1064.22058105
1064.66845703
1065.53015137
1066.3638916
1067.35620117
1067.8380127
1068.17956543
1068.52856445
1068.88891602
1069.14733887
1069.34863281
1069.40600586
1067.96691895
1070.61083984
1070.82763672
1071.04858398
1071.41943359
1072.04370117
1072.93395996
1073.4140625
1073.38391113
1072.55029297
1071.98095703
1071.62023926
1071.34777832
1071.05737305
1070.88586426
1070.81774902
1070.73913574
1070.4744873
1070.8572998
1070.86767578
1070.98486328
1071.90844727
1071.94055176
1071.64343262
1071.29553223
1070.84179688
1070.48937988
1070.07067871
1069.76989746
1069.66711426
1069.58349609
1069.45214844
1068.76843262
1068.92590332
1069.31274414
1069.40576172
1069.35522461
1069.35437012
1069.46154785
1069.76501465
1070.34423828
1070.58154297
1071.05322266
1071.48132324
1071.84484863
1072.15441895
1072.34094238
1072.53747559
1072.76818848
1072.9597168
1073.0970459
1073.19689941
1073.39746094
1073.5736084
1073.61889648
1073.76159668
1073.93066406
1074.03344727
1074.29101562
1074.64416504
1075.14978027
1075.70983887
1076.29821777
1076.60998535
1077.05969238
1077.20153809
1077.17785645
1077.18127441
1076.76318359
1076.9720459
1078.17382812
1078.93164062
1078.56738281
1078.46691895
1078.98657227
1079.14575195
1079.19396973
1079.18725586
1079.33679199
1079.65283203
1079.72753906
1079.80529785
1079.77368164
1079.87524414
1080.06665039
1079.9387207
1079.58154297
1079.88110352
1080.4777832
1081.46887207
1082.13549805
1080.8470459
1080.36010742
1080.13549805
1080.3737793
1080.86462402
1081.39929199
1081.93591309
1082.50427246
1082.69824219
1082.9552002
1082.97338867
1083.04333496
1083.3034668
1083.5892334
1083.82910156
1084.02832031
1084.2722168
1084.49230957
1084.65856934
1084.875
1085.22167969
1085.55664062
1086.16711426
1086.87780762
1087.4901123
1087.91064453
1088.13891602
1088.42883301
1088.71240234
1088.72521973
1088.74865723
1089.17077637
1091.40710449
1091.64672852
1089.56176758
1088.7277832
1088.73217773
1088.734375
1088.73205566
1088.73205566
1088.73205566
1088.73205566
1088.73205566
1088.73205566
1088.73205566
1088.73205566
1088.73205566
1088.73388672
1088.73205566
1088.73205566
1088.73205566
1088.75146484
1088.7878418
1088.79211426
1088.83630371
1090.02990723
1091.34594727
1092.27099609
1093.33374023
1092.53942871
1092.52209473
1092.73913574
1093.29675293
1093.74829102
1093.29370117
1093.14086914
1093.18383789
1093.28967285
1093.41516113
1093.57556152
1094.76843262
1094.78735352
1094.78857422
1094.78735352
1094.78991699
1094.78540039
1094.78210449
1094.78295898
1094.78320312
1094.78198242
1094.78198242
1094.78234863
1094.81567383
1094.93847656
1096.00488281
1096.70605469
1097.13049316
1097.81640625
1097.82312012
1097.83215332
1097.83215332
1097.83215332
1097.83215332
1097.83215332
1097.83215332
1097.84997559
1098.16674805
1098.58459473
1099.02111816
1099.41845703
1099.59973145
1099.62878418
1099.66394043
1099.69396973
1099.72387695
1099.74963379
1099.77648926
1099.80334473
1099.8260498
1099.8482666
1099.86901855
1099.88671875
1099.90527344
1099.92016602
1099.93896484
1099.95605469
1099.96875
1099.98693848
1100.00268555
1100.0168457
1100.0279541
1100.03991699
1100.05090332
1100.06237793
1100.07531738
1100.08618164
1100.09606934
1100.11071777
1100.12243652
1100.1340332
1100.15039062
1100.16210938
1100.17102051
1100.18249512
1100.19140625
1100.19799805
1100.21166992
1100.22302246
1100.23474121
1100.24731445
1100.2644043
1100.27282715
1100.28833008
1100.30053711
1100.31921387
1100.33898926
1100.35461426
1100.3717041
1100.3951416
1100.41186523
1100.42980957
1100.45483398
1100.47827148
1100.50244141
1100.52770996
1100.55285645
1100.578125
1100.60339355
1100.63061523
1100.65869141
1100.68530273
1100.71813965
1100.74536133
1100.77197266
1100.80090332
1100.82873535
1100.85339355
1100.87463379
1100.88696289
1100.90600586
1100.93041992
1100.97033691
1101.0111084
1101.03271484
1101.05395508
1101.06420898
1101.06750488
1101.06433105
1101.07019043
1101.07946777
1101.09155273
1101.11254883
1101.13244629
1101.15881348
1101.18493652
1101.21643066
1101.25561523
1101.29467773
1101.33178711
1101.37207031
1101.40881348
1101.45129395
1101.48779297
1101.52685547
1101.56298828
1101.60009766
1101.63781738
1101.67041016
1101.69799805
1101.73474121
1101.76647949
1101.79553223
1101.81604004
1101.83703613
1101.86010742
1101.88439941
1101.90478516
1101.92687988
1101.94226074
1101.95874023
1101.97216797
1101.9822998
1101.9967041
1102.0078125
1102.02185059
1102.03979492
1102.05627441
1102.07727051
1102.09350586
1102.10791016
1102.13049316
1102.15161133
1102.17211914
1102.20666504
1102.23742676
1102.26245117
1102.28820801
1102.3203125
1102.35302734
1102.38745117
1102.41577148
1102.44189453
1102.46594238
1102.49633789
1102.52819824
1102.55786133
1102.58349609
1102.60510254
1102.6237793
1102.64489746
1102.67492676
1102.69641113
1102.71569824
1102.73254395
1102.75305176
1102.7689209
1102.78259277
1102.79150391
1102.80688477
1102.81738281
1102.82434082
1102.82788086
1102.8293457
1102.83044434
1102.83276367
1102.83325195
1102.82995605
1102.82775879
1102.82141113
1102.81005859
1102.80334473
1102.79870605
1102.79418945
1102.78149414
1102.77539062
1102.7701416
1102.7689209
1102.76660156
1102.75817871
1102.75756836
1102.74890137
1102.74829102
1102.7520752
1102.75622559
1102.76208496
1102.76623535
1102.77783203
1102.79174805
1102.80212402
1102.81848145
1102.83557129
1102.84692383
1102.86657715
1102.8861084
1102.90466309
1102.92126465
1102.93469238
1102.94555664
1102.95324707
1102.96044922
1102.97436523
1102.97717285
1102.97644043
1102.97094727
1102.96789551
1102.95739746
1102.95056152
1102.94262695
1102.93444824
1102.92456055
1102.91552734
1102.90551758
1102.89685059
1102.8848877
1102.87316895
1102.86071777
1102.84570312
1102.8269043
1102.81091309
1102.79406738
1102.77807617
1102.77380371
1102.76538086
1102.76147461
1102.75195312
1102.73876953
1102.72351074
1102.70129395
1102.68908691
1102.67919922
1102.66577148
1102.66223145
1102.66333008
1102.66516113
1102.66870117
1102.67724609
1102.68688965
1102.70458984
1102.72265625
1102.7409668
1102.76928711
1102.80358887
1102.84716797
1102.88378906
1102.90600586
1102.93200684
1102.95898438
1102.97790527
1102.98193359
1102.96313477
1102.94848633
1102.93029785
1102.90856934
1102.88989258
1102.8704834
1102.84997559
1102.82641602
1102.8026123
1102.77514648
1102.75024414
