64.2955627441
64.3887329102
64.5672073364
63.48204422
63.4241638184
63.4342651367
60.7083015442
53.961730957
57.8096694946
60.6683731079
62.1082611084
61.9842758179
62.5366516113
62.2522544861
62.6625900269
62.9948768616
63.1167030334
62.5975875854
62.2583503723
61.8336524963
60.1021842957
59.4212341309
59.6647949219
60.0666122437
59.9955558777
59.2839202881
58.5255508423
57.8542327881
57.442073822
57.6836776733
61.0639572144
61.4735984802
62.6306762695
62.8646774292
63.3020629883
62.5020027161
63.5748748779
63.3697280884
62.0675697327
62.2822570801
62.59715271
62.3782234192
62.7002868652
62.5730552673
61.9312057495
61.288482666
61.892993927
62.1718215942
61.8637580872
61.6344909668
61.453994751
60.7361068726
58.5073356628
62.386051178
63.2059364319
63.0663642883
62.4148445129
61.0190467834
60.751499176
60.9882125854
57.1645050049
57.4451522827
59.0781936646
60.6805534363
60.8864593506
62.6581802368
64.7264099121
65.0375976562
64.9742584229
64.8445281982
64.7810897827
63.8046379089
61.6744537354
61.0060958862
60.9931564331
60.7031211853
60.7756881714
60.772644043
60.0074882507
59.978012085
59.5746765137
62.6440086365
61.8536491394
62.6746177673
64.3059692383
62.9669342041
63.0611076355
62.7462120056
64.2084655762
64.0350418091
64.0313644409
64.0738067627
63.8201446533
63.7224769592
63.5463943481
63.0986022949
62.8782730103
63.257232666
62.9742240906
63.1366844177
63.0875167847
63.3964576721
63.6026725769
62.0695800781
62.646068573
61.5534591675
62.4742584229
62.1567840576
62.3250389099
63.1325073242
63.7395858765
64.1974945068
64.4711837769
64.5052947998
64.4526901245
64.8415527344
64.8472518921
65.0001296997
64.4000320435
64.2138442993
63.8223457336
63.8844985962
64.2626953125
64.2429580688
62.9732666016
63.1943359375
62.989440918
63.0990257263
62.9893455505
62.9904212952
63.4155235291
63.1322975159
62.8843994141
63.0784187317
64.0384674072
63.8105888367
63.5791320801
63.4216384888
63.0806770325
62.70753479
62.6356201172
62.6457290649
62.6605262756
64.4809494019
64.8066329956
63.7519454956
63.2059555054
63.3466110229
62.2412528992
61.4764404297
62.7328224182
62.674331665
63.1067390442
62.2585296631
64.3369140625
64.8568191528
64.0092163086
63.3827476501
64.9210510254
63.5576896667
64.8619689941
64.3362884521
64.7336196899
63.9260673523
63.7984542847
64.3633728027
64.1378631592
64.2276153564
65.1508712769
64.4613800049
65.1250152588
65.4769439697
65.2254257202
65.467010498
66.9964294434
65.3444519043
61.9623947144
61.3436279297
61.8728256226
58.2136001587
57.9106178284
56.7425384521
60.4333763123
62.0269050598
65.5361633301
65.4269943237
64.2177963257
64.6585388184
64.6155853271
64.3492736816
65.1585464478
64.5650253296
64.0328216553
64.7002334595
64.2377548218
64.4020309448
64.8467788696
64.9836883545
65.5492935181
65.6830596924
64.7809295654
65.011138916
65.0155563354
65.1403045654
65.7872390747
66.9802932739
66.1935882568
66.3601303101
67.8401260376
67.8352432251
67.4042892456
67.2948608398
66.978767395
67.5250320435
67.2805786133
66.7426986694
67.2366943359
67.7549362183
68.0145874023
67.7360610962
68.0889511108
68.47290802
68.5161895752
68.9304122925
68.9203567505
69.991104126
70.1205444336
71.0829620361
70.9511871338
70.4260787964
70.0974731445
70.504699707
69.9128646851
66.5537948608
66.5482711792
67.9335098267
69.2203826904
69.5020828247
69.955329895
70.1654663086
71.2057495117
66.1592025757
65.9281539917
65.8066635132
66.2431411743
67.276802063
69.3447265625
72.2311172485
71.9900665283
71.88230896
72.6841506958
74.9928741455
77.7446594238
77.705871582
80.6774902344
79.9914016724
80.1222381592
79.8609695435
79.7027893066
80.3484344482
81.1432723999
80.6745681763
80.9201812744
84.0971908569
87.7937393188
92.6042938232
96.1633300781
100.183952332
103.023399353
106.594688416
110.622169495
113.518615723
115.45500946
114.224769592
114.251831055
116.09627533
116.718017578
116.003692627
114.808990479
113.417678833
110.033332825
110.723213196
115.875923157
115.493438721
119.687759399
121.406967163
119.972335815
117.49041748
114.734855652
113.060623169
113.870101929
115.942314148
117.404296875
117.8358078
115.859115601
117.571853638
117.117416382
117.101219177
117.612739563
116.870147705
116.966934204
116.284095764
114.676086426
113.201499939
110.995658875
109.775497437
107.769958496
109.762336731
107.800895691
107.02532196
106.513381958
105.378829956
103.907196045
103.470375061
102.506477356
100.361366272
100.100906372
99.4092788696
98.8562850952
94.9215087891
94.4954299927
92.6323852539
91.2261734009
89.4196624756
85.705329895
85.0360031128
84.6555023193
83.2204742432
82.8694000244
81.1166763306
81.6322937012
81.1237945557
80.9012298584
81.143371582
80.5912475586
80.1036453247
79.619644165
78.864112854
79.835105896
80.1747360229
80.1083374023
78.7936096191
79.35572052
78.9336700439
78.6388168335
78.370765686
77.3949661255
77.116355896
77.2346954346
76.5615615845
76.5023956299
76.7228088379
76.9348297119
76.2845611572
76.0655822754
75.699546814
76.0311050415
75.2842178345
74.9459533691
73.9510040283
73.5914077759
73.289855957
73.372833252
73.0555114746
73.568649292
71.9453582764
71.8636779785
71.9739761353
72.1890563965
72.1524963379
71.3888015747
71.1026687622
71.4671859741
70.7858123779
70.8533935547
70.9515304565
69.9964752197
69.6654052734
69.57862854
69.3150863647
69.3467636108
69.3909454346
69.5944824219
69.2641448975
69.1731796265
68.9234771729
69.8753356934
69.7033157349
69.8316116333
68.3050689697
68.6045761108
69.0516586304
68.3625488281
69.2386932373
68.0853652954
68.0054702759
67.4778518677
67.5956802368
65.890083313
66.7542724609
68.2181243896
67.7774734497
68.1639328003
67.990814209
68.0963745117
68.417388916
68.4744415283
68.5160903931
68.4033355713
68.2493972778
67.1947402954
66.4873809814
67.7431716919
67.3461227417
66.5951385498
68.0708694458
67.4479446411
67.6183319092
68.1780395508
67.8030395508
67.6859588623
67.895362854
67.6813049316
67.9469833374
68.192741394
68.9141769409
69.097946167
68.650138855
69.0820770264
68.8969421387
69.8855361938
69.7678527832
69.5593795776
69.6760025024
69.5759963989
69.4635620117
69.2760009766
69.1669998169
68.450668335
68.83228302
67.1710891724
69.2803573608
68.4442901611
69.6235351562
69.7375488281
69.1775436401
70.2068634033
70.0387268066
68.0540390015
68.9393081665
68.8672103882
69.1183013916
70.2919769287
68.4766387939
70.787940979
70.6789550781
68.850769043
69.6913833618
68.7132415771
66.8735580444
67.5987167358
66.9164199829
66.4024658203
66.8158111572
66.7551040649
66.7301864624
68.9572677612
68.6116333008
68.8533935547
68.0781097412
66.4591140747
67.3735198975
66.7431640625
66.3022460938
66.3723068237
66.3954544067
65.4581985474
66.8305511475
66.9812164307
66.9278335571
67.2647628784
66.9322128296
64.6419525146
63.6046676636
63.383808136
64.095085144
65.1362380981
64.9665527344
65.0032577515
64.7153015137
64.0268554688
64.1879653931
63.7215766907
63.1796760559
66.2681350708
64.6088409424
63.2107696533
61.2147865295
62.1505966187
63.6123657227
63.5080833435
64.4884643555
62.8098258972
62.2483787537
61.9044494629
62.2595443726
62.1511192322
64.0175628662
63.8423233032
64.2329101562
62.1639175415
64.8740921021
63.013130188
63.2313652039
62.8885154724
62.9405326843
62.6975288391
63.5474662781
63.1920318604
63.2499351501
63.967754364
67.4878845215
67.6005172729
67.3358154297
67.8573608398
67.8893585205
67.5085983276
67.2347793579
67.837020874
67.8186416626
67.2273406982
65.0701522827
62.4954299927
62.3876266479
65.3893966675
65.632232666
61.5598144531
64.6518783569
63.4852752686
63.0582847595
63.7765617371
65.3115158081
62.7286071777
64.1674957275
62.3262290955
62.2205657959
62.8209457397
63.6854705811
61.8087081909
61.8104972839
62.2994918823
63.5611534119
64.0449829102
63.3533782959
66.320098877
66.2952728271
66.4021453857
65.3634262085
66.2371444702
65.9779281616
66.3498916626
66.4623718262
66.6590576172
67.1233978271
66.8507232666
67.3006210327
67.2555770874
67.4580459595
67.8963317871
67.9336395264
67.8372879028
67.6736221313
67.0946807861
67.0439682007
67.4593048096
67.0162582397
63.3590011597
63.6023445129
63.3791236877
63.2145233154
64.0891265869
63.0615882874
62.9523239136
62.1266021729
62.8463897705
62.630027771
62.4507446289
62.3472595215
61.5635795593
65.7679214478
65.2502441406
62.6742286682
61.2118911743
62.6079597473
61.8568687439
61.1644210815
60.8427467346
61.3384132385
62.5696182251
61.645149231
61.9430580139
67.2723693848
67.9125595093
67.6563949585
61.8497161865
61.8100242615
61.9034004211
65.3763427734
65.1326141357
68.0896377563
68.0480575562
68.5695953369
67.7680969238
67.7979125977
67.3962936401
68.3170013428
68.2715759277
67.9640884399
67.6806716919
68.2618026733
68.2007064819
68.939453125
67.6723175049
67.7286148071
68.8406829834
68.4072494507
68.70262146
67.6151123047
67.346862793
66.5354690552
62.9132614136
61.5325317383
60.9128303528
59.9645385742
60.5626716614
59.6005210876
62.6760253906
64.5564575195
64.5433959961
62.9519691467
63.8124427795
62.0704917908
63.3256340027
64.0289611816
63.6507835388
63.7452278137
63.469581604
63.7433242798
62.8244247437
64.1134796143
64.326789856
64.1397781372
64.09034729
64.3046188354
62.5883865356
63.0334205627
60.293838501
60.4422950745
60.6959228516
61.6364898682
59.9116172791
59.6328544617
60.8455352783
60.5562667847
59.8343429565
59.6579933167
59.1438522339
59.1136932373
59.9269638062
60.7879562378
60.4381141663
59.5420341492
59.4875831604
59.972278595
59.9323310852
59.8688278198
60.2070045471
60.5413360596
60.2901878357
60.0253486633
60.1748123169
60.4873924255
60.3956985474
60.6036720276
60.3984985352
60.807510376
61.987903595
62.6372375488
62.8658905029
61.7573394775
61.4358482361
61.9687805176
62.7761802673
62.9312515259
63.577747345
62.8666992188
63.8069992065
61.43201828
60.4419403076
60.1372909546
61.3160629272
61.2552185059
61.507144928
60.1581611633
59.9327774048
59.8462677002
60.2209854126
58.8538398743
59.9270820618
59.6684646606
60.2955551147
61.1478118896
61.9424171448
60.9809913635
61.4663734436
61.731678009
61.6300849915
62.1401672363
61.7818374634
63.0463371277
62.4377632141
63.1382141113
63.0509757996
63.4983978271
61.7849197388
61.3252677917
60.8196868896
61.1754684448
61.3902435303
60.045879364
58.986782074
59.0695419312
57.5539741516
56.5600090027
57.16929245
57.1379776001
58.15782547
56.9460601807
56.0238723755
58.3237380981
58.4949913025
58.4092826843
56.9990768433
57.6287651062
57.1806182861
56.8348388672
56.4782447815
57.5798416138
57.2765579224
59.2691993713
58.6386642456
60.127986908
60.0860328674
59.8900947571
60.1975440979
60.4830245972
60.063949585
60.8342895508
60.4614448547
60.5908546448
61.5360946655
62.4831085205
62.0098190308
61.8393325806
62.2598953247
62.0439109802
62.2096252441
62.2605857849
62.513420105
60.6353569031
59.4010848999
58.3555526733
59.6174468994
58.2350006104
59.1191596985
59.0294189453
60.0286369324
60.2009239197
59.385597229
59.041885376
58.7198867798
59.2345809937
60.146030426
60.407245636
60.7393531799
60.6931762695
60.5252113342
61.5638198853
62.3725700378
61.6466293335
63.6688537598
64.2833633423
63.8228111267
63.8165893555
63.5118370056
63.5877494812
63.6365585327
64.150177002
64.0021972656
64.0799255371
65.0304870605
65.4651870728
65.1647872925
64.8728790283
64.7470321655
64.9502868652
64.7357711792
65.3570632935
65.3486862183
66.0025482178
65.2219772339
63.8262825012
64.2821350098
62.9867897034
62.9144363403
62.2077713013
62.1944541931
61.2043037415
61.8724136353
61.311668396
62.198513031
61.9868164062
62.0105361938
61.5226593018
61.6954994202
60.7558326721
60.8036575317
60.7735824585
62.3577613831
62.7252922058
61.9895477295
62.4373321533
62.4457244873
62.0376281738
62.1578292847
62.2648544312
62.8586349487
63.9195098877
63.6390075684
65.5712585449
65.46144104
65.1818389893
65.4821777344
63.8430671692
63.8359985352
63.6650695801
63.9942016602
63.5979156494
63.2558479309
62.6011428833
64.6671676636
64.0545272827
63.4554290771
63.8724060059
63.6092948914
63.4182624817
63.8363304138
65.2275848389
65.7038497925
65.857131958
65.9832382202
66.3190536499
65.7267913818
64.2378692627
65.0281524658
64.5748443604
64.9908065796
64.8977661133
64.4944992065
64.3308258057
63.9530029297
63.511680603
63.9682998657
63.3918800354
62.9464225769
63.5709152222
63.3651657104
62.8947296143
62.6804618835
62.7350654602
63.2488861084
63.9630279541
63.7868652344
64.1289672852
65.1956558228
63.9291267395
63.8344497681
64.1622238159
63.7879257202
64.3782119751
64.1714630127
63.8401832581
64.3233795166
64.6194839478
64.8907928467
65.2136611938
65.2381286621
65.0754241943
65.8177185059
66.1873855591
66.3976821899
66.2451400757
66.4780960083
65.5955734253
65.7942123413
65.564666748
64.7204971313
65.9173583984
67.0386962891
67.0958480835
65.1406784058
63.3286209106
64.2418746948
66.260093689
64.8661575317
65.0716323853
64.3194274902
64.459854126
63.9734115601
64.3475265503
65.3000106812
65.1815414429
65.6132125854
62.1708946228
59.9169235229
59.0119171143
60.5057983398
64.0526123047
62.9988021851
64.5431442261
61.3202209473
59.7642822266
58.9779014587
58.4653663635
59.5088272095
59.827999115
59.827922821
60.2496337891
60.2270011902
59.812286377
59.2654571533
59.4272232056
59.9082183838
59.614944458
59.3814163208
59.168888092
59.1256370544
59.4586448669
59.1206932068
59.0671958923
58.9443511963
58.9161376953
59.0455360413
59.3250007629
60.498210907
62.7873458862
59.1360282898
58.9316596985
59.5278663635
59.4951934814
60.0515937805
60.6109886169
60.7748718262
59.5016098022
54.3997840881
55.5909843445
59.795375824
60.1463012695
60.2832260132
60.5066299438
59.8250350952
60.9961509705
66.3913955688
65.4041671753
64.6747436523
64.3461761475
63.5209846497
63.4345970154
63.8601722717
64.2537536621
64.0722198486
64.6710205078
63.8944473267
63.456413269
63.4224433899
63.4090042114
63.2829437256
63.6310081482
64.0755310059
63.9555015564
63.6964988708
63.9966621399
64.2566680908
64.1869277954
64.4445800781
64.3726501465
64.2827606201
64.2656555176
63.539680481
61.6947174072
63.593296051
65.2488708496
63.5957984924
63.2750587463
60.5200462341
60.9387626648
60.1988983154
59.6089859009
59.7438354492
60.7162971497
59.9509162903
59.8016662598
59.7854309082
59.055721283
58.419380188
59.1150817871
59.3896102905
61.1015357971
60.5884246826
60.0166625977
59.8318786621
60.6977233887
59.7291412354
60.2463378906
60.8124809265
58.9094581604
59.1139984131
58.9862709045
58.8129806519
58.4360618591
58.5513114929
58.505657196
58.501449585
58.584903717
58.5024604797
58.2266387939
59.228767395
59.3243522644
59.0173072815
59.1440658569
58.7914543152
57.861114502
57.8491325378
57.4733886719
57.415802002
57.995716095
57.9192886353
57.9426765442
58.8101997375
58.9581108093
58.7553939819
59.3116569519
58.9099502563
58.927280426
57.1794281006
58.6174926758
62.3269729614
61.7548599243
61.4555015564
62.054889679
61.856803894
61.1920585632
61.1204223633
60.7711448669
60.8299636841
61.6111526489
61.2811126709
60.8580169678
60.6019897461
60.6489257812
61.906879425
61.9649772644
61.9261627197
63.2712478638
62.2560882568
63.2362632751
63.6035690308
63.0396614075
61.4786682129
62.5509262085
61.9516830444
62.820274353
63.2917938232
63.352935791
63.1981620789
63.6498336792
63.3214797974
63.6674880981
64.6245727539
64.9762954712
64.2532043457
64.5213241577
64.5882110596
65.4184799194
64.6397018433
65.7086639404
64.5338439941
64.6312179565
64.8265838623
65.2386398315
64.6945343018
64.0844650269
63.7605018616
63.9518013
63.6205253601
63.6527290344
62.1774253845
64.1307830811
63.1155662537
64.4916610718
64.6996688843
64.3609161377
63.7855834961
63.1536483765
64.2567672729
64.4922332764
61.8849983215
61.5849990845
61.2788314819
62.8802986145
62.9634284973
63.2217941284
63.5096092224
62.8644981384
62.5633392334
62.9367218018
64.0438461304
63.1906852722
63.3602638245
63.9480781555
63.1636238098
63.6655883789
63.0836143494
63.0111999512
63.193939209
62.9508895874
63.2425689697
63.645149231
62.7296943665
62.5087471008
62.7709312439
62.0179100037
63.8748626709
63.0809936523
63.2744102478
62.9542427063
63.5139732361
63.5062561035
63.7676086426
64.1157302856
63.4028205872
63.8485412598
64.4220046997
64.7508087158
64.217010498
63.3288040161
64.1270370483
63.2951126099
63.5380516052
63.8858184814
63.99477005
64.4079055786
64.3343048096
64.1919250488
64.6108779907
64.8491973877
65.0179824829
64.6417922974
64.8070220947
65.497467041
65.3037719727
65.4064483643
65.3373413086
65.2292480469
65.3978500366
66.6925125122
66.2561798096
65.2552871704
68.0426940918
71.5923995972
74.0371551514
75.1848602295
75.5598297119
75.7427139282
77.0805511475
77.0659484863
76.6592330933
75.2161560059
74.3249359131
71.7118453979
70.2580413818
69.1648254395
67.7541809082
68.5889892578
67.9670028687
69.5504455566
69.3082046509
70.7907714844
71.0127410889
72.2341537476
72.2083206177
71.6342163086
72.1233596802
74.0929260254
74.6404342651
74.5135040283
73.7168731689
72.332359314
69.8191299438
69.9527664185
69.2081069946
69.6341018677
69.9982452393
73.5778427124
72.7507629395
73.7819366455
73.5511779785
72.83618927
71.9174575806
71.3662567139
69.079498291
69.5343093872
71.5103683472
72.7294311523
71.6060333252
70.3199310303
67.2646026611
66.5104598999
66.5990905762
67.0024719238
66.237449646
65.216545105
65.6374206543
66.6492538452
65.1957244873
67.2625274658
71.8859100342
75.4203872681
76.9783401489
76.9302444458
77.9106903076
78.2600479126
78.4786987305
78.8944702148
78.7644195557
78.0568695068
78.5457687378
77.2909088135
76.0058746338
74.5659713745
64.8275756836
65.2339172363
66.6416473389
66.7291717529
67.3034286499
67.5794296265
68.3626937866
68.1397705078
66.9923553467
65.3726501465
64.1448669434
63.8938789368
63.3174629211
64.0833892822
64.5865325928
64.6027297974
64.2661590576
63.2783164978
65.1895980835
66.3071289062
68.4045562744
65.3261184692
70.587928772
72.53125
73.978477478
75.1446762085
74.6659469604
74.3640136719
74.4120941162
73.1012115479
72.638420105
68.9876861572
70.9731063843
70.190612793
68.9826583862
70.0827026367
69.1248245239
66.9940719604
66.5336151123
66.460067749
64.8339385986
68.3132324219
72.2291564941
72.1495895386
70.4449234009
69.9572982788
69.8750228882
70.2283325195
70.4136657715
69.1265411377
68.2599716187
66.4809494019
65.3850021362
64.3865585327
64.2152938843
63.9072189331
63.9876441956
63.9926490784
64.9928359985
65.1233444214
65.8357925415
66.2562713623
66.6780014038
67.2620620728
67.5793914795
70.0924072266
69.709777832
70.2941436768
69.9853744507
70.4759140015
69.9177322388
68.0547485352
66.9744110107
67.9711303711
69.7740859985
70.9559783936
71.8349533081
73.022064209
71.0273971558
69.9229354858
72.2408218384
72.6993331909
72.0882339478
70.3195724487
68.9114532471
65.6837997437
64.475730896
65.00756073
65.2411880493
64.3305511475
63.9419746399
63.9006996155
63.334022522
63.2089881897
62.7410125732
63.0242652893
63.2449684143
62.9707946777
62.9160499573
64.0206832886
64.5033569336
64.7654876709
64.4776229858
65.5255203247
67.2204208374
68.0640335083
69.3896102905
71.5331420898
72.9985961914
74.4557571411
75.6452026367
78.4445266724
78.7614059448
80.4893798828
78.8252868652
79.143951416
79.094078064
78.4429016113
76.9117507935
76.3177566528
75.8525009155
75.7504119873
75.9177246094
76.0582962036
76.5121307373
76.6204452515
76.9225006104
76.4080429077
75.756477356
73.37915802
72.2822341919
76.2725601196
76.2008590698
75.1736297607
74.6904830933
74.5421524048
74.1837615967
73.8555603027
73.6805725098
73.7030715942
74.1374893188
72.16847229
71.456993103
71.3820724487
71.2406616211
70.982711792
71.1744537354
70.8920974731
70.591003418
70.0212554932
69.6910018921
69.9559173584
72.2451171875
71.6514434814
70.5146636963
70.2848358154
70.5461425781
69.9014282227
69.0496673584
66.8033447266
67.991317749
67.5224456787
67.4919967651
68.0202941895
68.7725524902
68.4247665405
67.7454147339
68.2591705322
68.2064819336
67.8554611206
68.5825576782
68.9064102173
69.025352478
68.6915664673
68.2386550903
68.0263595581
67.8860397339
67.2576065063
66.9852752686
66.6323547363
66.5826034546
66.940536499
66.9743347168
67.5675582886
67.0578765869
67.5082626343
67.0017700195
67.1525344849
67.2830657959
67.0069198608
66.7823944092
67.1042556763
67.2910003662
67.7819976807
68.0472412109
68.2804870605
68.7548751831
68.7637023926
69.212928772
70.1844482422
71.2731170654
71.6571578979
72.8763961792
73.2466278076
73.1527481079
73.4301528931
74.182510376
74.2129821777
73.8444137573
73.5403366089
73.33644104
72.8148422241
72.6949386597
72.5627670288
73.0986862183
72.1865921021
73.2020950317
71.7314529419
70.8318252563
70.9899978638
70.6717300415
70.1203460693
69.2953796387
68.5984573364
69.4304656982
68.7236251831
68.8396530151
69.0542602539
68.7840194702
68.6570358276
68.4510650635
68.3728866577
68.4945144653
67.9694366455
68.2639083862
68.158706665
67.8156204224
67.6940689087
66.255241394
65.8084106445
65.8884963989
66.0375823975
66.0439910889
66.8779525757
66.3996810913
66.1951293945
66.5688705444
66.3939285278
66.296043396
66.5007247925
66.5007247925
66.9481048584
65.7948226929
66.2267379761
66.1019439697
66.5460968018
66.1606292725
65.5142440796
65.6870651245
64.5137023926
66.0459899902
66.5414199829
66.7499084473
66.617729187
66.5012817383
66.2349395752
65.7846221924
65.5903015137
65.5879974365
64.8720550537
65.0317382812
65.4157104492
65.5120010376
65.4420547485
65.5995635986
65.9665298462
65.9123687744
66.5320053101
66.4499969482
66.0167922974
66.5671539307
67.1096801758
67.1842880249
66.9052047729
66.7578887939
66.9477005005
67.2471542358
67.5765380859
67.5302886963
66.879196167
68.0100631714
68.2644119263
68.429107666
68.3635864258
68.4820556641
68.232383728
67.69115448
68.4260940552
67.5186157227
67.7379302979
67.386390686
67.442489624
67.7485580444
67.1267547607
67.3033065796
67.4512557983
67.5861663818
67.0228881836
67.4723205566
67.3785018921
67.2406311035
67.1503601074
67.2706451416
67.5264129639
67.61353302
66.8757095337
67.0343170166
68.4049682617
68.4815673828
68.3986053467
68.8564834595
69.1217880249
69.2495040894
69.0306396484
69.1792984009
69.3651504517
69.2716598511
68.9906921387
68.7892913818
69.2249603271
69.7864532471
69.4025726318
70.0480194092
70.4058227539
70.7788085938
70.6326065063
70.3997039795
70.3761291504
70.4910354614
70.557144165
70.6555175781
70.9216003418
70.8954849243
70.6558074951
70.4445419312
69.9483184814
69.6876525879
69.9025650024
70.3492584229
69.9549789429
69.3902816772
70.6247940063
70.6517944336
70.4022369385
69.6720657349
70.0038375854
70.6147537231
70.0596084595
69.7031326294
70.6128158569
70.5509567261
70.4874649048
70.6778106689
70.6019973755
70.9229049683
71.0649108887
71.1978530884
71.1623153687
70.7304229736
70.6281356812
70.3242645264
70.6924591064
71.0220413208
71.0553970337
71.145904541
71.4050750732
71.228515625
71.4512634277
71.4547042847
71.092376709
71.215461731
71.26171875
71.1394958496
70.9629592896
71.4196166992
71.763633728
71.5180892944
70.9714355469
70.9654922485
70.6268768311
71.4569015503
71.7873687744
71.1829452515
70.430557251
70.5934906006
71.0539474487
70.8770141602
70.7673492432
70.9593582153
70.715927124
71.3767700195
71.1393661499
70.6126327515
70.4325637817
71.0663833618
70.9175262451
71.102722168
70.1450805664
70.1636123657
69.9250564575
70.2507858276
69.8586807251
70.1236953735
69.1643676758
69.4768829346
69.4845733643
69.5336532593
69.6332015991
69.7987442017
69.5633621216
69.2818908691
69.2286071777
69.6714859009
69.3942642212
69.5206298828
69.3682403564
69.3318557739
68.7659912109
68.799331665
68.2800445557
68.1872024536
68.555847168
68.360786438
68.0185317993
68.4547119141
67.5527267456
67.7599258423
67.8198547363
67.096321106
68.5671844482
68.8094940186
68.7063064575
68.5749511719
69.1247406006
69.2102127075
68.8158721924
68.4940109253
68.224571228
68.4990997314
68.7072296143
68.9080963135
67.7980499268
67.9398422241
67.5692062378
68.4470901489
69.0264892578
69.4830093384
69.9206924438
70.5809173584
70.1773071289
70.8756790161
70.784614563
70.5657424927
69.2830352783
70.1725540161
70.4599533081
70.5990829468
71.2477416992
71.7985153198
71.9818115234
72.3391494751
72.1502151489
72.8498382568
71.8208312988
72.1877822876
72.4204025269
73.2041778564
72.9935379028
72.8705062866
72.9773254395
72.760017395
72.2948150635
71.7147750854
70.9464263916
70.0021743774
69.4457778931
68.4326248169
67.6374282837
67.1837387085
67.0590133667
67.4351959229
67.0115509033
67.6287612915
68.3493652344
68.9339370728
69.3148956299
69.1231765747
69.3637084961
70.0241928101
70.1353759766
