534.678039551
534.250061035
533.907226562
533.320373535
532.954101562
532.578735352
534.20904541
535.625610352
535.848449707
536.223266602
536.388671875
536.981872559
537.680053711
538.259094238
538.95098877
540.371032715
542.099365234
542.833679199
543.325744629
543.628356934
543.647277832
543.842102051
544.360656738
544.844116211
545.895324707
546.824829102
547.422790527
546.662719727
546.137817383
545.901062012
545.419433594
544.811096191
544.989013672
544.980224609
546.750793457
547.885314941
547.326904297
547.475585938
547.277587891
545.967041016
544.141235352
543.23046875
542.577331543
542.362976074
542.32208252
542.235107422
542.177001953
542.247741699
541.994018555
540.502258301
538.82232666
538.653259277
540.796264648
541.658996582
541.765136719
541.859130859
542.028991699
542.13873291
542.430541992
542.978210449
543.821594238
544.89453125
545.850708008
546.244445801
546.094604492
546.926269531
547.84387207
548.672424316
549.123718262
549.370056152
549.468017578
549.425109863
549.393798828
549.413452148
550.547546387
552.485961914
553.900390625
554.682434082
554.933166504
554.970581055
554.841125488
554.672058105
554.462036133
554.422912598
554.267211914
554.09979248
553.55859375
552.760437012
551.651000977
550.685424805
550.144897461
549.243530273
548.514221191
548.161804199
547.581726074
546.47076416
544.932617188
543.774963379
543.147216797
543.466552734
543.325866699
542.81237793
541.955688477
540.17956543
538.81463623
537.755737305
537.239440918
536.39440918
534.604492188
532.70300293
531.048034668
530.596496582
530.927368164
532.374206543
534.246582031
535.165283203
534.893554688
533.390625
531.285766602
524.703491211
524.250366211
532.389221191
534.329833984
534.298950195
533.807800293
534.939086914
535.538391113
536.72253418
540.92364502
543.643676758
545.553466797
547.022277832
547.827087402
547.33001709
545.451904297
543.894042969
543.35949707
543.780395508
545.276000977
546.302978516
547.737060547
549.063781738
550.098876953
551.279052734
551.763366699
552.836303711
553.780761719
555.009765625
555.831481934
556.475158691
557.253845215
558.272277832
559.103210449
558.902832031
559.192382812
559.298583984
558.764892578
558.491027832
558.820068359
559.638977051
560.179382324
560.336486816
560.278747559
560.178710938
560.72833252
561.735900879
562.001342773
561.613525391
561.203186035
561.214111328
560.267822266
559.293823242
559.36151123
560.940429688
561.670043945
561.307373047
561.440185547
561.90612793
561.933288574
561.850341797
561.803222656
562.007324219
562.195922852
562.131103516
561.931640625
561.353759766
561.425720215
562.352966309
563.381347656
563.981689453
564.560119629
565.266784668
566.772277832
566.877319336
566.804626465
565.66986084
564.821472168
564.428039551
563.661315918
563.270202637
562.614685059
563.076721191
565.073303223
565.714294434
566.575195312
566.877258301
566.962585449
567.29486084
567.420532227
567.350219727
566.877746582
566.795959473
566.478637695
566.52142334
566.866455078
566.741027832
566.87713623
566.716186523
565.870361328
565.420288086
566.648803711
566.87713623
566.87713623
566.931640625
567.722351074
568.276855469
569.878479004
570.611083984
570.406738281
568.952087402
567.950317383
567.720214844
567.91015625
568.794616699
570.656799316
572.177307129
572.505187988
572.632446289
572.597351074
572.303039551
571.828979492
569.739074707
568.926208496
568.177368164
566.951599121
566.610473633
566.026062012
564.283508301
560.118286133
558.43536377
549.417236328
537.522888184
549.638366699
549.640197754
551.367919922
553.542236328
554.584838867
554.693359375
554.695678711
559.679260254
560.004394531
560.055969238
559.826538086
560.507995605
561.161437988
561.216308594
561.858703613
567.161071777
568.268188477
569.748168945
571.842590332
573.588623047
576.376953125
578.16015625
578.646057129
579.612243652
581.636230469
583.386291504
584.95880127
583.867492676
581.662597656
580.191650391
580.249450684
579.904052734
582.657043457
582.799499512
580.92364502
579.132568359
578.223815918
574.277282715
579.054870605
579.09375
578.937683105
578.622375488
573.114868164
567.986999512
567.003540039
572.813537598
579.07611084
579.12902832
579.131896973
578.795288086
578.95098877
578.924560547
578.891540527
577.392333984
576.712158203
576.534729004
574.577148438
568.465087891
566.690612793
564.790649414
561.118774414
554.918212891
551.247741699
546.218200684
542.450683594
540.590942383
536.615661621
533.766540527
530.367553711
527.174560547
523.76385498
521.74420166
519.243469238
520.535400391
519.04498291
518.063476562
518.007080078
517.605834961
515.753723145
513.486755371
511.431365967
506.057952881
512.14251709
513.050476074
517.764221191
518.016845703
519.559814453
520.44317627
521.125
522.283691406
522.828674316
523.87878418
523.924072266
523.851135254
523.317321777
522.827209473
521.022338867
517.447692871
513.741577148
513.431152344
508.187988281
505.853759766
506.340667725
506.786468506
509.026000977
513.045715332
514.652526855
516.506347656
518.570678711
521.033752441
522.238891602
523.500549316
526.041259766
527.255004883
529.182556152
529.603820801
530.198608398
528.475097656
526.890869141
526.892089844
528.515258789
530.755187988
531.963012695
532.771118164
536.20111084
537.968078613
538.943664551
541.096313477
543.900390625
546.540283203
549.260375977
552.268676758
555.022827148
559.108886719
560.543151855
562.405639648
564.178405762
564.987670898
566.416931152
567.514770508
568.695129395
569.567260742
570.227661133
570.713134766
571.464172363
572.988769531
573.883239746
574.169494629
574.108581543
574.02947998
574.295837402
575.386901855
577.113647461
578.305236816
578.994812012
579.552734375
579.299255371
579.243408203
579.327880859
579.942504883
580.39276123
580.482116699
580.522583008
580.257568359
579.055603027
578.703430176
578.421081543
574.783081055
572.938049316
572.802490234
566.966003418
566.308044434
562.149780273
556.720581055
554.79473877
550.86932373
548.759094238
549.112304688
548.509216309
548.533935547
548.529541016
545.982666016
541.796508789
538.907897949
540.554992676
543.823181152
546.752685547
548.38671875
549.735900879
551.419189453
552.033752441
551.706604004
554.639343262
554.997680664
555.919433594
560.785461426
561.02532959
566.427978516
569.76171875
575.860900879
578.741210938
583.868164062
585.061157227
585.336853027
590.428344727
591.240722656
591.247192383
591.290466309
591.64251709
591.801757812
592.233520508
591.533874512
591.615539551
592.127746582
590.839477539
590.351501465
589.85760498
588.01953125
587.620788574
587.018676758
585.933349609
585.879272461
586.201416016
586.486450195
586.311035156
585.696838379
585.200256348
586.304077148
588.496643066
589.557128906
589.887145996
591.331726074
591.335205078
592.006286621
595.214294434
601.936340332
603.339599609
602.867126465
601.814147949
601.619384766
602.206542969
602.600524902
601.929321289
600.421813965
599.858642578
598.902954102
597.614990234
598.514770508
597.49017334
597.98260498
598.43572998
597.596740723
599.044311523
602.276062012
604.022583008
605.981567383
607.156066895
608.953369141
609.474487305
609.542236328
609.542358398
610.397521973
611.063476562
610.631713867
610.816101074
611.192993164
611.07824707
610.823547363
610.509216309
609.958190918
609.882629395
608.328735352
605.920959473
604.917663574
604.992126465
605.62121582
606.502441406
608.1953125
608.901367188
608.180236816
606.372802734
602.630004883
602.720092773
605.857910156
606.788330078
607.914733887
605.654052734
604.489562988
604.706054688
608.616516113
610.994018555
611.000244141
607.556030273
601.903015137
598.327331543
591.717956543
594.644042969
594.86517334
598.222595215
599.692382812
599.832580566
599.397155762
598.947631836
598.765625
598.914489746
599.391967773
600.309204102
601.43939209
601.97668457
602.466491699
603.279846191
604.585754395
605.117675781
605.18560791
603.106628418
602.851928711
601.976867676
601.893005371
602.10925293
601.223999023
599.092407227
603.197021484
607.970581055
606.578979492
605.284362793
603.364929199
597.807006836
597.313598633
599.514404297
599.614807129
598.892456055
598.495178223
598.581054688
600.042419434
603.871032715
607.781799316
608.579772949
608.091308594
608.575317383
608.57989502
608.030151367
608.61706543
608.319763184
608.024536133
608.902526855
607.206359863
605.309387207
605.018981934
605.399780273
604.5703125
602.82623291
601.7109375
599.757446289
596.366882324
598.692260742
601.927978516
604.022583008
605.089599609
605.547485352
605.535644531
603.018432617
599.614196777
600.801940918
601.969482422
598.554992676
597.07611084
595.785705566
590.530944824
587.142333984
588.5625
595.288024902
596.429199219
597.447570801
599.159912109
603.287231445
606.053466797
606.059936523
606.59564209
607.097106934
606.95703125
606.803344727
602.63848877
602.024902344
598.592956543
594.967712402
594.473083496
591.247802734
586.719726562
585.20904541
582.918273926
581.18951416
579.863586426
578.033447266
578.846130371
577.837341309
573.018798828
570.071044922
569.074584961
571.517028809
572.401855469
569.227233887
566.708496094
562.250183105
561.717529297
566.571472168
566.798522949
566.552246094
566.622375488
567.526672363
568.750244141
569.003540039
568.468933105
569.408081055
571.669311523
572.838439941
572.693054199
572.236572266
571.981201172
571.311218262
570.461791992
569.847961426
569.905822754
571.056030273
571.927856445
572.710144043
572.654846191
572.575439453
571.226196289
569.022033691
568.468383789
570.426330566
571.241577148
569.878540039
570.840270996
572.579406738
572.280822754
571.544128418
570.706726074
571.211242676
571.073852539
570.73425293
571.129455566
571.87890625
572.040771484
571.156311035
570.422180176
570.985656738
571.567321777
571.085693359
570.032592773
569.983642578
571.271606445
571.47857666
570.618103027
571.02923584
572.141235352
572.454162598
572.379394531
571.473815918
569.36907959
567.789855957
566.916931152
566.847839355
567.058288574
567.694885254
568.70123291
569.805908203
570.430297852
571.044799805
571.173217773
571.171447754
571.742736816
572.426574707
572.023193359
572.308044434
572.314880371
572.308105469
572.286682129
571.709899902
571.201477051
571.293151855
571.548583984
571.338684082
569.953674316
567.977844238
566.838439941
565.200927734
565.685058594
565.960510254
565.767578125
565.197570801
563.497558594
561.88079834
560.453857422
559.430419922
558.648864746
557.215209961
555.387573242
557.327087402
555.18157959
555.261962891
566.107543945
567.02935791
566.643188477
566.998779297
566.560241699
562.15625
563.139221191
556.922119141
555.565368652
559.575744629
562.528198242
566.667480469
560.888244629
562.802307129
560.804992676
560.787780762
562.481872559
561.417785645
560.713867188
563.251831055
562.447814941
559.99609375
560.483337402
556.64263916
554.648498535
555.09979248
547.127624512
556.254882812
541.388122559
534.226806641
518.486083984
515.858825684
507.955657959
502.593353271
495.814819336
492.035888672
485.69052124
480.117889404
479.683319092
473.423278809
468.888977051
462.488464355
458.531707764
452.886505127
448.416656494
464.727630615
451.921630859
437.931304932
427.340515137
416.167419434
403.98449707
398.227355957
395.401672363
394.15512085
391.174743652
393.308624268
394.595855713
394.8878479
392.608459473
390.626495361
391.457427979
386.432800293
359.166687012
328.694274902
305.091400146
296.359924316
297.363128662
307.016235352
326.317352295
359.926300049
378.256347656
383.027679443
381.287841797
363.293304443
396.356658936
384.021026611
355.639434814
334.459777832
338.139434814
348.749176025
351.200469971
346.820465088
330.127929688
346.285308838
366.286499023
364.528686523
360.856933594
353.867218018
333.278076172
310.546539307
297.098846436
298.62713623
299.768920898
299.872161865
298.684356689
296.901885986
298.981262207
293.821166992
294.354736328
296.417785645
304.846923828
301.429504395
299.675842285
297.904754639
298.839385986
304.108093262
302.49395752
303.056243896
303.757446289
299.486419678
297.027008057
296.918457031
296.360076904
292.101470947
290.81628418
290.546722412
292.082977295
296.188720703
297.435852051
292.480529785
292.493011475
292.503723145
292.367523193
292.527679443
292.376220703
292.530395508
292.487365723
290.049255371
288.939910889
285.974151611
281.302520752
278.902191162
277.521118164
266.354522705
261.545288086
260.189941406
262.901916504
247.04574585
246.392700195
269.891906738
268.629852295
282.863647461
276.602050781
283.671234131
286.462799072
289.719146729
288.97833252
283.195587158
270.649291992
278.388641357
278.734130859
285.081878662
281.953674316
275.044708252
283.274383545
277.667785645
288.474182129
283.165618896
276.885650635
283.657043457
292.320953369
284.542114258
294.648712158
293.695648193
293.751556396
292.748016357
292.957183838
287.415771484
286.041351318
294.277862549
295.045898438
291.691894531
291.403625488
284.103942871
294.582763672
290.660705566
278.001953125
271.230377197
272.145599365
281.549926758
280.515075684
271.55770874
273.032745361
279.172119141
288.282958984
293.616882324
282.153076172
285.41204834
279.844787598
287.062744141
283.553619385
284.826202393
292.459899902
292.730560303
285.588195801
279.846191406
290.004119873
286.194244385
279.668823242
279.60067749
281.506835938
281.646728516
282.6769104
285.002258301
292.868164062
294.336212158
292.440460205
288.060760498
292.620147705
293.018707275
287.035125732
279.996765137
280.51776123
282.647979736
287.036132812
287.065612793
285.477355957
286.49105835
283.313415527
281.088378906
270.545135498
274.030151367
267.103240967
265.066986084
265.781555176
265.906951904
274.532775879
274.171630859
272.297241211
272.863922119
273.258422852
279.82043457
277.698791504
269.834014893
272.850036621
264.485595703
273.544616699
267.480743408
261.531280518
261.45501709
261.926849365
261.653564453
269.019226074
274.758453369
260.127349854
245.346008301
245.687637329
256.383392334
260.773895264
262.974639893
263.266662598
263.194335938
262.41998291
262.169525146
266.013275146
268.743743896
267.976867676
270.034973145
270.641479492
268.180511475
268.110229492
273.163421631
279.288604736
271.405517578
266.052490234
264.374176025
262.78604126
266.621429443
269.759643555
268.184906006
270.884124756
273.551757812
275.44152832
273.552215576
269.701873779
268.14364624
268.303283691
261.24597168
269.233276367
271.557525635
269.818847656
268.821380615
272.051544189
273.846374512
267.151855469
262.325378418
264.757293701
266.847686768
266.724822998
267.671447754
277.482727051
280.441070557
274.582580566
268.588439941
269.141937256
276.710601807
276.867950439
272.202026367
268.023498535
266.173309326
267.059112549
268.40222168
272.150726318
275.258483887
271.969696045
267.638061523
268.128265381
269.547302246
266.258911133
260.537628174
258.583343506
261.889373779
271.787078857
275.073181152
277.563079834
277.381256104
275.760894775
274.0597229
273.079620361
277.608032227
282.84362793
279.354370117
277.149108887
274.31539917
268.830291748
249.220794678
245.346008301
250.126449585
252.313690186
254.870849609
255.120162964
252.924026489
251.502731323
258.010681152
263.241546631
268.727813721
270.501983643
267.644897461
273.150512695
276.117980957
276.285919189
274.152008057
263.102294922
264.213409424
274.714630127
271.455963135
267.03427124
269.136077881
274.289978027
273.024169922
269.133361816
274.255767822
274.006958008
279.116882324
283.833374023
285.763580322
286.90536499
288.775909424
290.459594727
289.377502441
286.048919678
285.020324707
285.396514893
286.416870117
288.271453857
290.523834229
292.723297119
292.630218506
289.228607178
283.204101562
280.037811279
278.729766846
279.320159912
282.512939453
288.151550293
291.306518555
292.572509766
292.440338135
292.558074951
292.558074951
292.558074951
292.558135986
293.029388428
293.126983643
292.303466797
287.535217285
284.298461914
282.483612061
281.639556885
283.476470947
289.504302979
293.640350342
292.583282471
287.774871826
284.930938721
284.918365479
286.243469238
289.211669922
290.58883667
290.158111572
291.944396973
294.905059814
298.387329102
298.886566162
299.689178467
298.960266113
296.94744873
295.360137939
294.734008789
296.083374023
295.940612793
294.12689209
299.202331543
305.452209473
305.977600098
306.597747803
305.192840576
303.928161621
304.059417725
306.6796875
310.796112061
311.603179932
311.709381104
310.278900146
308.709899902
305.77923584
304.444213867
303.781555176
304.754852295
305.313659668
306.182769775
306.421936035
305.509460449
304.689849854
303.987823486
302.731658936
301.055297852
299.521087646
297.162475586
291.859313965
292.343994141
295.248016357
298.595855713
299.295288086
299.766876221
299.961975098
300.902862549
297.139221191
291.610229492
289.314575195
290.473236084
291.780944824
290.884887695
289.992156982
287.561065674
287.983428955
290.734680176
292.305175781
292.373565674
291.60043335
291.292602539
291.860412598
292.032409668
291.318359375
290.727325439
291.658538818
292.574523926
292.603424072
294.982818604
297.965332031
299.672393799
296.798339844
295.405853271
293.668579102
291.566223145
291.130096436
291.479797363
292.675354004
292.677734375
292.31930542
290.256378174
286.907043457
285.972473145
285.943725586
286.320587158
286.688568115
286.592926025
288.479217529
290.556884766
292.698913574
297.594299316
298.668151855
293.277862549
290.313262939
290.416259766
290.307861328
290.074707031
302.073516846
305.232849121
305.837097168
305.970611572
305.461212158
304.757171631
304.060913086
303.360443115
302.546844482
301.93637085
301.724273682
301.909942627
301.749298096
301.733856201
301.811065674
301.640686035
301.039520264
300.589294434
300.070251465
299.631896973
299.09954834
298.929656982
298.998962402
299.43850708
299.962371826
300.505889893
301.102813721
301.409729004
301.453399658
301.598175049
301.366699219
301.030395508
300.979095459
300.92791748
300.731109619
300.608184814
300.58013916
300.498168945
299.586730957
299.074554443
299.29864502
299.314331055
298.675445557
298.675079346
298.675079346
298.782592773
300.237518311
299.737609863
299.829467773
300.24609375
299.840148926
299.37902832
298.841674805
298.263000488
297.477600098
297.216796875
297.325042725
297.463867188
297.370544434
296.635528564
296.346466064
295.760009766
296.843231201
298.067230225
299.238067627
297.54699707
293.166137695
292.255889893
292.256134033
290.141296387
287.294433594
286.012084961
284.766876221
284.395782471
284.787994385
285.133026123
285.311645508
285.369812012
285.643035889
286.184204102
286.621276855
288.906768799
291.691101074
293.002410889
292.95715332
292.834259033
292.836517334
292.784698486
292.705505371
292.724639893
292.878753662
292.954406738
293.112091064
293.013427734
293.227844238
293.918731689
295.580444336
297.577819824
298.380493164
298.798400879
299.68560791
300.211547852
300.833740234
302.851928711
304.251983643
303.921295166
303.382965088
302.172363281
301.889953613
302.886413574
303.964172363
304.809143066
305.317565918
305.585906982
305.627685547
305.823181152
305.151672363
304.505310059
303.954589844
303.010223389
302.121459961
301.083740234
300.286682129
302.430755615
303.300384521
303.179290771
302.973297119
302.247131348
301.345184326
300.2315979
299.104949951
298.703460693
298.56539917
298.464996338
298.424041748
298.5050354
298.447967529
298.047027588
295.603637695
294.07800293
293.166168213
292.783325195
293.582183838
293.994415283
293.886047363
293.738098145
293.458343506
293.124328613
292.876617432
293.854003906
294.493713379
293.442321777
292.375091553
290.954681396
288.485687256
288.142578125
287.328704834
285.079925537
281.979370117
279.326965332
278.188812256
276.157470703
275.022064209
275.742126465
273.888122559
270.255950928
266.259246826
261.932769775
260.067749023
259.38873291
260.146881104
261.284118652
261.743530273
260.30682373
258.544311523
256.550323486
253.258560181
251.201538086
255.916351318
261.888549805
262.452911377
262.87677002
263.749389648
266.176300049
267.717987061
269.812164307
272.614562988
273.518920898
273.39175415
274.401306152
275.981689453
275.8699646
277.206390381
280.512969971
282.380279541
284.083343506
285.843597412
286.128662109
285.855682373
284.841705322
283.853363037
283.201690674
283.384429932
284.050720215
286.416168213
287.520050049
287.601501465
287.68939209
287.734436035
287.5105896
287.389282227
287.585906982
288.110931396
287.714172363
288.479187012
288.965118408
289.002471924
288.8175354
288.875915527
288.770812988
288.69430542
289.062469482
289.586242676
290.452850342
291.361907959
292.116882324
292.911621094
293.9793396
294.354400635
294.880401611
296.041442871
296.240386963
295.851104736
295.207855225
294.270690918
293.566131592
293.210693359
293.349212646
293.27923584
293.339752197
292.720947266
289.597473145
288.54876709
288.339538574
288.083526611
287.984741211
287.919799805
287.972229004
290.361938477
290.029937744
288.258636475
286.68939209
289.50793457
286.998291016
287.696044922
291.580657959
293.234985352
288.322662354
289.557861328
293.308410645
291.565856934
293.742492676
298.117218018
301.681060791
303.528900146
308.295928955
304.571624756
310.646820068
311.553955078
316.287506104
313.18536377
316.899047852
313.010192871
310.983062744
304.706237793
306.24621582
295.629516602
284.7081604
302.67364502
301.0496521
296.615264893
303.505126953
310.651519775
309.511779785
308.568481445
307.046356201
307.323303223
303.409942627
307.578094482
305.989196777
304.528625488
306.788909912
310.179107666
299.454681396
279.426269531
296.452331543
295.566253662
307.54574585
297.210235596
278.717041016
261.674591064
275.814483643
262.377197266
256.97354126
277.632659912
272.605895996
282.353149414
284.449127197
276.69442749
287.352874756
285.269012451
281.267089844
271.854827881
274.493560791
254.3697052
271.217590332
281.419403076
281.301605225
271.816558838
278.849639893
281.119110107
283.110137939
278.802368164
275.470031738
266.751403809
254.759780884
269.557128906
278.72857666
282.397064209
287.148925781
275.7840271
262.303222656
249.065826416
285.496704102
285.462982178
288.3387146
281.217956543
282.55645752
282.924499512
278.540252686
284.723846436
285.578887939
285.858428955
286.651397705
277.639831543
274.373718262
279.12612915
275.979034424
274.257995605
274.077636719
277.10760498
274.917572021
278.964599609
280.337432861
276.218780518
271.24230957
275.279754639
269.473999023
269.748260498
263.148498535
265.503051758
261.783813477
262.581573486
250.478302002
247.467178345
266.063262939
246.251998901
282.607574463
279.72479248
269.001373291
252.029693604
250.209075928
256.122772217
268.901550293
265.463378906
262.93182373
247.486068726
245.346008301
260.184783936
266.519714355
274.101654053
285.746795654
289.316589355
276.924987793
279.755432129
274.617218018
272.803497314
275.004852295
281.352966309
280.198486328
286.030639648
285.471832275
283.430175781
285.089508057
275.961303711
283.66204834
276.012908936
268.00479126
272.56161499
279.151947021
282.220214844
286.351654053
288.201934814
289.104492188
289.649017334
289.176086426
281.047393799
290.399780273
285.203948975
289.653900146
289.524749756
288.422943115
281.530853271
283.362426758
283.218566895
297.76272583
296.120422363
300.165679932
299.170074463
297.526000977
298.472381592
297.887878418
315.357757568
362.491455078
387.37588501
390.97253418
371.966156006
352.236846924
309.194366455
294.155822754
290.634155273
292.198272705
286.853881836
286.001434326
287.215026855
292.419158936
298.765594482
290.28894043
283.776611328
281.218261719
284.947296143
286.630615234
286.851959229
270.467376709
286.698699951
282.690765381
287.73538208
279.232452393
276.658538818
281.526611328
272.85760498
275.198822021
273.319824219
276.975830078
272.882720947
275.62677002
250.756668091
275.525634766
282.909332275
286.389678955
289.80267334
292.285888672
298.281707764
299.114868164
293.883514404
296.673339844
291.183563232
293.477416992
311.540374756
347.109436035
385.816070557
389.475646973
389.884490967
370.111175537
315.976654053
292.422149658
291.972564697
296.417694092
291.586090088
287.520233154
291.549194336
286.522766113
292.575531006
295.410552979
292.83001709
298.834686279
313.528289795
338.883666992
375.064239502
380.18359375
390.22052002
389.060852051
377.199645996
374.552215576
372.522125244
379.054962158
371.617034912
352.68560791
353.507995605
336.18560791
320.987823486
319.420318604
317.56729126
317.229187012
316.963623047
316.234222412
312.108459473
308.765869141
309.232971191
308.952667236
307.605224609
304.6512146
300.565155029
298.381164551
297.758666992
297.148651123
296.697875977
296.716400146
297.039398193
297.576171875
298.09085083
297.797302246
297.380615234
297.171478271
297.364715576
297.96484375
297.936920166
297.308258057
295.164245605
288.502929688
284.570373535
287.128723145
287.262786865
287.036010742
285.649414062
284.750335693
282.59942627
280.834899902
280.912139893
282.013671875
284.208648682
285.773895264
286.753753662
286.78338623
286.56817627
286.429992676
285.346954346
285.159454346
285.32699585
285.728973389
285.729125977
284.359436035
282.38861084
282.143798828
282.405822754
282.811065674
283.251861572
282.199951172
281.264312744
280.611968994
280.487823486
280.577026367
280.563781738
280.443054199
279.016113281
276.342102051
274.097930908
271.343200684
270.46987915
266.807983398
264.863616943
261.357543945
255.228561401
260.454406738
263.102813721
265.833496094
268.578674316
271.44329834
273.017456055
274.034820557
275.668914795
276.876281738
277.097747803
276.987518311
276.877227783
277.476928711
279.373901367
280.819244385
280.983978271
280.791900635
280.727203369
281.066253662
281.385437012
281.56048584
281.477539062
281.393280029
280.808929443
280.512878418
280.471374512
280.452606201
280.330444336
280.330047607
280.354431152
280.010620117
279.193237305
277.391571045
275.523498535
274.860412598
276.105255127
279.788391113
280.698577881
280.744232178
280.722564697
280.417633057
278.48449707
275.845611572
274.728942871
276.429931641
279.135192871
281.69619751
284.404785156
285.872833252
286.152893066
285.978790283
285.531188965
284.592376709
282.950805664
282.069885254
280.874938965
279.930236816
279.883056641
280.659912109
282.395080566
284.613311768
284.036834717
282.140014648
280.571655273
279.967376709
279.14050293
272.629943848
269.062683105
266.215393066
266.654754639
273.760498047
278.627807617
281.831207275
282.844360352
279.661254883
279.279449463
280.270935059
280.379089355
279.591827393
279.577056885
279.658660889
279.9659729
280.648345947
280.421356201
279.713043213
279.770172119
280.371307373
280.681488037
280.691223145
280.441375732
279.046478271
275.988769531
274.240722656
273.717651367
273.166717529
272.850311279
274.192108154
277.11618042
280.85055542
282.470123291
285.053009033
287.820587158
288.767669678
290.306732178
290.720581055
289.948852539
289.095306396
288.501159668
287.961486816
287.114532471
285.427093506
283.428924561
282.397369385
281.639160156
280.669586182
278.703826904
275.870269775
274.892822266
275.588043213
277.493865967
279.385650635
280.333679199
280.440368652
279.515289307
276.274658203
273.553649902
273.530395508
277.025665283
280.400817871
280.155456543
280.022216797
280.342407227
280.3331604
279.442565918
279.789489746
280.479278564
280.629577637
280.331726074
280.330078125
280.35824585
280.402709961
280.251800537
279.733276367
279.860137939
280.504089355
281.217346191
279.928314209
275.728607178
274.24017334
274.626068115
272.130523682
266.672393799
264.905944824
265.45803833
264.399261475
259.113616943
251.691192627
248.935775757
249.030288696
259.587890625
269.013153076
276.170898438
282.300354004
287.715057373
288.846984863
288.222320557
286.71975708
284.261749268
281.120727539
279.163269043
279.344573975
279.402282715
280.295349121
279.246948242
278.136962891
274.591186523
275.557037354
279.679595947
276.247497559
273.920196533
270.75970459
267.172424316
266.698150635
271.399688721
275.638824463
272.910522461
269.963165283
274.315704346
280.104248047
273.808807373
269.087402344
274.168029785
277.484191895
276.499359131
276.028198242
278.128509521
277.809173584
278.1640625
280.417663574
276.593841553
268.149169922
261.142211914
265.92590332
273.86227417
276.334991455
278.354705811
279.583984375
280.894317627
280.38684082
280.496032715
280.535308838
280.726928711
285.837768555
285.297851562
280.485290527
280.965118408
279.259521484
277.719299316
276.398895264
268.830078125
267.375823975
275.85244751
282.312225342
285.22076416
292.024383545
292.933349609
288.60824585
288.158447266
289.566619873
289.547119141
288.678588867
287.685638428
285.359588623
279.512573242
277.787078857
276.924224854
275.860595703
274.983612061
274.135925293
281.611114502
285.673706055
284.838256836
277.894714355
275.150390625
282.095489502
287.524688721
281.16796875
272.621551514
277.06072998
284.936584473
286.782226562
285.68371582
279.907470703
276.521575928
275.567443848
274.047454834
274.715423584
275.544464111
271.050292969
268.112670898
270.079528809
270.148681641
268.26184082
265.152740479
259.992370605
255.047241211
251.443161011
242.5078125
241.8540802
250.151107788
264.958953857
262.670898438
269.874206543
275.763977051
276.000427246
275.589874268
276.450439453
279.829193115
282.730438232
284.195526123
283.664154053
285.486907959
288.163543701
286.872009277
285.069732666
287.769836426
289.584442139
289.094970703
288.965454102
287.516296387
283.597381592
277.856719971
272.660125732
271.878570557
278.001525879
284.905548096
286.787506104
285.813354492
285.759643555
287.252288818
285.751220703
287.222808838
284.071594238
276.851165771
281.134368896
288.731842041
288.082946777
282.953826904
285.880096436
286.721405029
292.189117432
291.286254883
281.30770874
277.474517822
276.502380371
278.217010498
281.153198242
291.155944824
293.209655762
289.872009277
285.459442139
284.525665283
288.89630127
294.389434814
299.060089111
295.903625488
292.496704102
292.564727783
294.121612549
293.115356445
291.571014404
290.735687256
291.709259033
292.386901855
293.946807861
292.54876709
290.229370117
287.146453857
280.239868164
278.064056396
278.63458252
284.239685059
290.435882568
293.465789795
292.81652832
287.736633301
278.271606445
271.472076416
272.283294678
280.155792236
281.999816895
277.281738281
275.059661865
275.275390625
275.403808594
279.088531494
280.523895264
278.877532959
278.874603271
282.398406982
285.945068359
285.803955078
281.304260254
276.959899902
272.947967529
271.464660645
272.724639893
276.624206543
280.918334961
281.584686279
282.869567871
281.255523682
281.210571289
283.855285645
286.791778564
292.702026367
295.350067139
296.440032959
297.670623779
298.74987793
298.073638916
298.404785156
293.996307373
287.229248047
286.798522949
293.08605957
299.04498291
296.946472168
292.410614014
290.095153809
289.852478027
291.321166992
292.160888672
292.327911377
292.423828125
287.21887207
284.713897705
283.302093506
284.820953369
288.712799072
288.980407715
287.136871338
283.680755615
280.595306396
279.383453369
279.440643311
279.454162598
280.387969971
281.11517334
281.669525146
281.561035156
282.170898438
283.323028564
284.140380859
285.07043457
288.374084473
292.622283936
293.719299316
293.875610352
294.594818115
294.203308105
292.094116211
288.646728516
287.589508057
288.611572266
290.76965332
293.386505127
