1260.39941406
1259.23840332
1258.07861328
1257.00146484
1256.30224609
1255.25939941
1254.34765625
1253.6661377
1253.07312012
1252.73596191
1252.46069336
1252.26098633
1251.5234375
1250.53076172
1249.79064941
1249.20068359
1248.35302734
1247.4510498
1246.83776855
1246.67773438
1246.4543457
1245.99121094
1244.9777832
1244.01916504
1243.53149414
1242.72546387
1241.95129395
1241.30224609
1241.01464844
1240.77270508
1240.53710938
1240.29260254
1240.02954102
1240.02954102
1240.09692383
1240.08728027
1240.0592041
1240.05603027
1239.98510742
1239.99194336
1240.00158691
1240.15222168
1240.28466797
1240.42297363
1240.5402832
1240.65344238
1240.76220703
1241.06896973
1241.70092773
1242.08764648
1241.67956543
1238.96643066
1240.52062988
1242.45727539
1243.67456055
1241.21057129
1240.99145508
1240.99255371
1241.28137207
1243.66931152
1244.68066406
1245.18518066
1245.35095215
1244.97094727
1244.29260254
1244.41589355
1244.42529297
1244.39660645
1244.29138184
1244.43859863
1245.36828613
1245.20227051
1244.76147461
1244.92468262
1244.73449707
1244.9831543
1245.61914062
1245.13684082
1244.26733398
1244.79125977
1245.38781738
1245.94470215
1246.34265137
1246.22509766
1245.65551758
1244.61950684
1244.46057129
1244.40930176
1244.40490723
1244.39855957
1244.36694336
1244.16796875
1242.95349121
1242.14526367
1241.88562012
1242.26708984
1242.3671875
1242.45666504
1242.5012207
1242.65527344
1242.77331543
1242.89208984
1243.0279541
1243.10241699
1243.13464355
1243.34143066
1243.44018555
1243.44067383
1243.38720703
1243.42932129
1243.5480957
1243.69006348
1243.93310547
1244.22033691
1244.30529785
1244.33312988
1244.38781738
1244.39550781
1244.39562988
1244.54785156
1244.79162598
1245.0760498
1245.47753906
1245.8536377
1246.56323242
1247.28710938
1247.29296875
1247.21496582
1246.82751465
1246.71789551
1247.19226074
1247.15893555
1247.03930664
1246.80456543
1246.39746094
1246.10986328
1245.9329834
1245.84729004
1245.83447266
1245.88000488
1245.96142578
1246.05444336
1246.13818359
1246.20373535
1246.24523926
1246.2713623
1246.29516602
1246.32336426
1246.35229492
1246.38659668
1246.43835449
1246.52990723
1246.65368652
1246.87756348
1247.28161621
1247.30505371
1247.30688477
1247.30712891
1247.30749512
1247.30761719
1247.30761719
1247.30712891
1247.30664062
1247.40600586
1247.4029541
1247.60913086
1247.61230469
1247.62475586
1247.73425293
1247.92199707
1248.125
1248.31616211
1248.59179688
1248.92211914
1249.24194336
1249.59460449
1249.95410156
1250.29760742
1250.57470703
1250.61523438
1250.62695312
1250.66430664
1250.71240234
1250.79748535
1250.84875488
1251.0090332
1251.19165039
1251.3671875
1251.56652832
1251.78967285
1252.06665039
1252.37268066
1252.47399902
1252.18383789
1251.92297363
1251.68115234
1251.48742676
1251.30151367
1251.1192627
1250.99462891
1250.93774414
1250.86279297
1250.69226074
1250.765625
1250.83129883
1250.9387207
1251.13037109
1251.31030273
1251.50036621
1251.7130127
1251.97558594
1252.27587891
1252.57470703
1252.8293457
1253.09216309
1253.39697266
1253.67797852
1253.82836914
1253.87487793
1253.95471191
1254.01660156
1254.02563477
1254.10217285
1254.20092773
1254.32189941
1254.44226074
1254.6126709
1254.81335449
1254.97692871
1255.05932617
1255.10314941
1255.15563965
1255.22155762
1255.27404785
1255.46520996
1255.57653809
1255.67407227
1255.75024414
1255.93188477
1256.06835938
1256.11975098
1256.15466309
1256.18505859
1256.19396973
1256.1105957
1255.96289062
1255.81201172
1255.30981445
1254.35778809
1253.5222168
1253.41833496
1253.79345703
1253.75927734
1253.67541504
1253.58544922
1253.69836426
1253.72106934
1253.87963867
1253.85253906
1253.26013184
1254.15649414
1254.53308105
1254.90441895
1255.46264648
1255.92272949
1256.16479492
1256.67004395
1257.54284668
1258.93518066
1259.14599609
1259.5982666
1259.79797363
1259.96972656
1260.1348877
1260.28271484
1260.41760254
1260.55969238
1260.7064209
1260.84179688
1260.93786621
1261.00854492
1261.10021973
1261.1875
1261.20385742
1261.30407715
1261.38000488
1261.40429688
1261.48681641
1261.55041504
1262.30712891
1262.32275391
1262.56359863
1263.03112793
1263.4765625
1263.79431152
1264.16650391
1264.65368652
1265.1427002
1265.26318359
1265.62451172
1265.77954102
1265.80273438
1265.85400391
1265.94458008
1266.04724121
1266.12036133
1266.16125488
1266.16687012
1266.16027832
1266.23803711
1266.96765137
1267.73278809
1267.82470703
1267.83666992
1267.87658691
1267.99291992
1268.10095215
1268.17175293
1268.18896484
1268.19628906
1268.61962891
1268.77502441
1268.95239258
1269.41821289
1270.52209473
1270.79260254
1271.4901123
1271.7713623
1272.05493164
1272.11853027
1272.14855957
1272.09387207
1271.94885254
1271.78796387
1271.41162109
1271.0222168
1270.68469238
1270.46252441
1270.45605469
1270.39440918
1270.39880371
1270.41650391
1270.56994629
1270.89782715
1271.3013916
1271.84069824
1272.19360352
1272.55847168
1272.92321777
1273.39599609
1273.92932129
1274.31555176
1274.51977539
1274.90405273
1275.29418945
1275.66430664
1276.01342773
1276.32104492
1276.51086426
1276.62438965
1276.7052002
1276.7923584
1276.86950684
1276.9296875
1277.07897949
1277.32727051
1277.79296875
1278.14416504
1278.54516602
1278.9777832
1279.50976562
1280.1036377
1280.68273926
1281.21691895
1281.77624512
1282.28552246
1282.73144531
1283.04528809
1283.19384766
1283.27441406
1283.3145752
1283.53295898
1283.82983398
1284.35241699
1284.92712402
1285.38195801
1285.72558594
1285.93664551
1286.0612793
1286.15112305
1286.45812988
1286.7421875
1286.7467041
1286.74499512
1286.75720215
1287.0201416
1287.09020996
1287.1373291
1287.39208984
1287.77099609
1288.12902832
1288.40026855
1288.5682373
1288.63684082
1288.62890625
1288.62243652
1288.59533691
1288.53283691
1288.47583008
1288.37878418
1288.29980469
1288.28479004
1288.34130859
1288.43530273
1288.58837891
1288.77636719
1288.99243164
1289.17675781
1289.27331543
1289.30371094
1289.31384277
1289.32849121
1289.31176758
1289.29528809
1289.08581543
1287.6439209
1287.03845215
1286.58032227
1286.25524902
1284.55371094
1286.15820312
1286.63317871
1286.69543457
1287.03613281
1287.56030273
1287.93737793
1288.33288574
1289.0135498
1289.57275391
1289.83410645
1290.26098633
1290.41369629
1290.59057617
1290.74328613
1290.83898926
1290.90332031
1290.97827148
1291.07287598
1291.13598633
1291.17102051
1291.19824219
1291.28063965
1291.52526855
1292.16821289
1292.87084961
1293.0201416
1293.33813477
1293.48486328
1293.42907715
1292.85754395
1292.51635742
1292.33654785
1292.3704834
1292.49645996
1292.56286621
1292.60986328
1292.64611816
1292.69970703
1292.72290039
1292.74584961
1292.78674316
1292.95153809
1292.96875
1293.87341309
1294.60766602
1295.08435059
1295.35717773
1295.41699219
1294.77563477
1293.51452637
1292.50427246
1292.43737793
1293.65759277
1294.36499023
1293.91186523
1293.33752441
1293.03869629
1296.14099121
1296.26599121
1296.49865723
1296.81530762
1297.0057373
1296.98168945
1296.71374512
1296.1541748
1295.60595703
1295.54919434
1296.04821777
1296.85852051
1297.40490723
1297.70422363
1297.85522461
1297.93554688
1298.03564453
1298.15795898
1298.32666016
1298.52099609
1299.01306152
1299.83337402
1299.9107666
1299.81494141
1299.92016602
1300.0
1300.19348145
1300.01818848
1299.76428223
1299.54675293
1299.42382812
1299.34741211
1299.38818359
1299.65710449
1299.87878418
1300.03137207
1300.34692383
1300.84448242
1301.83630371
1302.49511719
1303.38671875
1303.90368652
1304.23144531
1304.40283203
1304.42175293
1303.96630859
1302.17810059
1305.29675293
1305.22814941
1305.82336426
1305.85412598
1306.20214844
1306.45056152
1306.59106445
1306.75036621
1306.94140625
1307.14660645
1307.05322266
1306.77392578
1306.52270508
1306.38037109
1306.29992676
1306.25048828
1306.22387695
1306.25769043
1306.26171875
1306.25683594
1306.20703125
1306.14367676
1306.15991211
1306.32434082
1306.6484375
1307.08154297
1307.43041992
1307.60168457
1307.84118652
1307.91003418
1307.9453125
1308.3704834
1308.421875
1309.41601562
1309.93701172
1310.18005371
1310.23217773
1310.43066406
1310.6295166
1310.91784668
1311.09741211
1311.38879395
1311.5123291
1311.91235352
1311.83459473
1311.81469727
1311.84802246
1311.86755371
1311.86853027
1312.01782227
1312.18395996
1312.20373535
1311.61279297
1312.10473633
1312.11706543
1311.5357666
1311.40270996
1310.75341797
1310.56677246
1309.89099121
1307.74035645
1305.38977051
1305.7232666
1307.78918457
1307.69897461
1307.92016602
1308.43225098
1308.40441895
1308.36401367
1308.36425781
1308.3848877
1308.50720215
1308.859375
1309.34863281
1309.93823242
1310.53283691
1311.06713867
1311.54406738
1311.86938477
1312.1394043
1312.40014648
1312.65405273
1312.88537598
1313.08886719
1313.29223633
1313.53405762
1313.79125977
1314.01745605
1314.0715332
1314.10314941
1314.16247559
1314.30895996
1314.44396973
1314.47241211
1314.62670898
1314.88134766
1315.03735352
1315.11047363
1315.24499512
1315.43200684
1315.62744141
1315.81115723
1315.87695312
1315.8392334
1315.81115723
1315.72119141
1314.94580078
1314.01733398
1313.22021484
1312.47314453
1311.38342285
1311.81567383
1312.52478027
1313.03833008
1313.50366211
1314.10498047
1314.4831543
1315.62988281
1316.15148926
1316.30688477
1316.70117188
1317.3614502
1317.50952148
1318.35437012
1319.3482666
1320.05578613
1320.28759766
1320.34545898
1320.32788086
1320.30895996
1320.11108398
1319.94873047
1320.1550293
1320.2421875
1320.52026367
1320.98828125
1321.32189941
1321.46948242
1321.60144043
1321.75085449
1321.91174316
1322.03845215
1322.13024902
1322.21020508
1322.29992676
1322.32580566
1322.29638672
1322.26257324
1322.22973633
1322.26757812
1322.33435059
1322.37988281
1322.44641113
1322.51367188
1322.56213379
1322.67089844
1322.99707031
1323.59143066
1323.60351562
1323.60424805
1323.60412598
1323.82727051
1324.06506348
1324.21875
1324.36523438
1324.50878906
1324.61499023
1324.66967773
1324.6895752
1324.67822266
1324.68518066
1324.78833008
1324.94055176
1325.27294922
1325.7310791
1326.19189453
1326.78259277
1327.05651855
1327.17700195
1327.13830566
1326.91247559
1326.81628418
1326.65441895
1325.9107666
1324.77197266
1324.39782715
1324.20703125
1324.29882812
1324.5793457
1324.72265625
1324.74755859
1324.70556641
1324.62316895
1324.62634277
1324.66040039
1324.65087891
1324.9329834
1325.26208496
1325.21801758
1325.44250488
1326.12866211
1327.24511719
1327.53894043
1326.64282227
1324.3614502
1322.61071777
1323.93347168
1324.58959961
1325.52001953
1326.68701172
1326.76098633
1328.52685547
1329.72131348
1331.06176758
1332.83947754
1335.71972656
1336.72705078
1336.97888184
1337.17687988
1337.40380859
1337.67004395
1338.07458496
1338.71069336
1339.20874023
1339.55065918
1339.79394531
1340.00927734
1340.08544922
1339.91125488
1339.77233887
1339.72497559
1339.75097656
1339.63867188
1339.73400879
1339.89770508
1338.1315918
1334.27697754
1332.9432373
1336.4161377
1339.3951416
1339.36657715
1340.73925781
1341.94482422
1341.97363281
1341.96960449
1341.96679688
1342.13562012
1342.0826416
1342.09716797
1342.10009766
1342.21118164
1343.41650391
1344.87939453
1344.46826172
1343.9387207
1344.94628906
1345.25354004
1345.43652344
1345.65478516
1345.89123535
1346.01538086
1346.05090332
1345.93566895
1345.83251953
1346.0625
1346.52856445
1346.93200684
1347.2076416
1347.35119629
1347.38391113
1347.15039062
1346.2800293
1347.57043457
1349.58850098
1351.86352539
1353.87133789
1355.0769043
1356.33349609
1357.19799805
1357.58740234
1357.83056641
1358.01574707
1358.17919922
1358.33459473
1358.53613281
1358.71691895
1358.92419434
1359.17321777
1359.40600586
1359.69934082
1360.01062012
1360.20117188
1360.35290527
1360.55847168
1360.91638184
1361.2175293
1360.81066895
1360.72900391
1361.54919434
1363.25927734
1363.34155273
1363.99841309
1364.40966797
1364.56896973
1364.33935547
1363.19458008
1362.00866699
1359.43640137
1357.22631836
1354.2565918
1353.94628906
1352.36962891
1360.16003418
1362.69128418
1365.4432373
1365.7578125
1365.85888672
1366.26550293
1366.44128418
1367.48608398
1368.10144043
1368.38781738
1368.50024414
1368.63085938
1368.87963867
1369.21740723
1369.82653809
1370.12695312
1369.64550781
1369.17700195
1368.95690918
1368.40661621
1368.46459961
1369.59216309
1369.70043945
1370.11022949
1370.38415527
1369.83581543
1369.78369141
1370.18786621
1370.47558594
1370.62939453
1370.78417969
1370.99035645
1371.00366211
1370.75866699
1371.31750488
1372.3828125
1372.69995117
1373.09753418
1373.47485352
1373.80969238
1374.10205078
1374.33105469
1374.50427246
1374.67919922
1374.88989258
1375.18994141
1375.56274414
1376.0201416
1376.37780762
1376.76391602
1377.13879395
1377.4934082
1377.796875
1377.98327637
1378.10534668
1378.1463623
1378.03088379
1377.81750488
1377.65490723
1377.54602051
1377.40356445
1377.20812988
1377.05517578
1376.96191406
1376.88598633
1376.79467773
1376.74487305
1376.76855469
1376.83959961
1376.93518066
1377.0078125
1376.97607422
1376.84204102
1376.61364746
1376.36450195
1376.09033203
1375.79858398
1375.49401855
1375.45019531
1375.26428223
1374.10119629
1372.43322754
1372.41467285
1371.83532715
1370.75280762
1369.91589355
1369.11743164
1368.34436035
1367.21936035
1366.2121582
1366.0982666
1362.20861816
1355.92736816
1360.21716309
1360.18115234
1360.20629883
1360.63647461
1361.16796875
1361.45153809
1361.65539551
1361.84765625
1362.00549316
1362.09606934
1362.09143066
1362.05310059
1362.02075195
1362.1809082
1362.6784668
1363.3359375
1366.91723633
1371.47570801
1372.11682129
1374.65869141
1377.08911133
1378.32775879
1378.26330566
1378.11608887
1378.26867676
1378.79296875
1379.04541016
1378.89685059
1379.08081055
1379.26818848
1379.73828125
1381.59375
1381.81384277
1381.89172363
1381.82275391
1382.03430176
1382.13269043
1382.10668945
1382.1385498
1382.21337891
1382.08740234
1382.00219727
1382.21044922
1382.33850098
1382.44116211
1382.51928711
1382.50390625
1382.24157715
1382.38012695
1382.54724121
1382.5
1382.49157715
1382.64978027
1382.23059082
1383.34008789
1384.18896484
1385.19519043
1385.3626709
1385.1739502
1384.79394531
1384.08007812
1379.94213867
1378.36962891
1379.76367188
1381.0020752
1381.52380371
1381.49475098
1380.11108398
1381.43151855
1379.21252441
1375.7454834
1371.95178223
1371.66357422
1371.79077148
1371.41796875
1370.06835938
1369.36853027
1369.36816406
1369.35498047
1369.36206055
1369.35913086
1368.3717041
1369.83068848
1369.7833252
1369.98217773
1370.13964844
1370.34643555
1370.82702637
1370.87109375
1370.86889648
1370.92651367
1371.57275391
1372.44433594
1372.40441895
1372.42248535
1372.97827148
1373.92321777
1373.95654297
1374.24194336
1375.3104248
1375.43395996
1375.46594238
1375.46850586
1376.59863281
1378.10302734
1378.39868164
1378.66760254
1379.20227051
1380.12414551
1381.5020752
1381.66210938
1381.72875977
1382.23791504
1383.66320801
1384.81872559
1384.63061523
1384.68164062
1381.9934082
1384.6171875
1384.61584473
1384.8548584
1384.64758301
1384.67224121
1384.69372559
1384.71118164
1384.7989502
1385.05822754
1385.62109375
1387.4387207
1387.55163574
1387.66088867
1387.67102051
1387.67285156
1387.67565918
1387.67626953
1387.67480469
1387.66845703
1387.66552734
1387.66430664
1387.6583252
1387.56652832
1386.37036133
1386.44580078
1386.40515137
1386.41870117
1387.4005127
1387.88085938
1388.18994141
1388.20056152
1388.21228027
1388.21740723
1388.25732422
1388.4552002
1388.43933105
1388.22546387
1388.13757324
1388.13452148
1388.11889648
1388.11340332
1388.09387207
1388.09191895
1388.08129883
1388.06945801
1388.04260254
1387.90783691
1387.5411377
1387.5645752
1387.67834473
1387.83703613
1388.72595215
1389.26379395
1389.61816406
1389.83654785
1389.83764648
1389.671875
1389.42541504
1389.16723633
1388.73913574
1388.24743652
1388.75866699
1389.54345703
1390.35766602
1390.61779785
1390.63586426
1390.84838867
1391.06982422
1391.02600098
1391.27441406
1391.7644043
1392.21264648
1392.80432129
1393.17553711
1393.67980957
1393.95935059
1394.41589355
1395.23339844
1396.7409668
1396.94885254
1397.33581543
1397.53417969
1397.49328613
1397.46923828
1397.72509766
1397.89233398
1397.0390625
1397.34692383
1397.87597656
1398.32128906
1398.40527344
1397.953125
1397.39978027
1395.58203125
1397.21350098
1397.15710449
1397.34863281
1394.60314941
1399.93200684
1400.07299805
1400.49633789
1400.69714355
1399.80480957
1400.24194336
1401.11279297
1402.51000977
1399.99975586
1402.75866699
1402.97937012
1403.18896484
1403.98791504
1405.46679688
1405.83728027
1405.94946289
1406.89306641
1408.88818359
1408.94580078
1408.92541504
1408.99682617
1408.97705078
1405.00488281
1407.80578613
1409.95788574
1410.05664062
1410.81140137
1411.00061035
1410.43762207
1408.86865234
1410.23425293
1411.00109863
1411.58569336
1412.63293457
1413.52429199
1413.84020996
1412.80114746
1410.84460449
1413.3248291
1413.43164062
1412.77368164
1412.57165527
1413.01159668
1412.91601562
1412.93566895
1414.25085449
1415.48876953
1415.5300293
1415.53820801
1414.90209961
1413.23205566
1411.03076172
1413.09973145
1413.56018066
1412.99902344
1411.44873047
1414.18835449
1415.65722656
1415.69934082
1415.61987305
1415.52905273
1414.75817871
1413.2286377
1412.05419922
1412.92211914
1413.03356934
1413.54638672
1412.02368164
1411.96582031
1411.75805664
1411.84204102
1414.95703125
1415.109375
1416.16455078
1418.58898926
1420.390625
1421.36938477
1423.85986328
1424.23461914
1425.77124023
1427.08984375
1427.9206543
1428.6776123
1428.38903809
1428.36975098
1428.64160156
1431.3079834
1433.58789062
1433.46105957
1433.51245117
1436.09741211
1436.52526855
1437.69519043
1438.51489258
1439.77783203
1439.82678223
1439.96972656
1440.12963867
1440.29589844
1440.45043945
1440.59118652
1440.72583008
1440.86608887
1441.01794434
1441.18505859
1441.34179688
1441.52368164
1441.71240234
1441.9041748
1442.10180664
1442.30541992
1442.49621582
1442.65722656
1442.78820801
1442.90490723
1443.01403809
1443.14428711
1443.26513672
1443.37463379
1443.4810791
1443.57922363
1443.66967773
1443.75683594
1443.84570312
1443.94213867
1444.04016113
1444.13537598
1444.2310791
1444.33239746
1444.4317627
1444.53796387
1444.65075684
1444.76794434
1444.89355469
1445.02783203
1445.16174316
1445.2824707
1445.39013672
1445.48632812
1445.57897949
1445.66674805
1445.75585938
1445.84729004
1445.94946289
1446.06762695
1446.2052002
1446.35864258
1446.51928711
1446.69177246
1446.85644531
1447.0177002
1447.16516113
1447.30224609
1447.45690918
1447.62414551
1447.77563477
1447.8815918
1447.94006348
1447.94421387
1447.89306641
1447.80505371
1447.78442383
1447.96801758
1448.27587891
1448.41442871
1448.49035645
1448.68701172
1448.98974609
1449.29443359
1449.59204102
1449.8927002
1450.17004395
1450.41748047
1450.62634277
1450.81811523
1451.02868652
1451.23828125
1451.42944336
1451.60571289
1451.51538086
1451.30749512
1451.10388184
1450.91174316
1450.71374512
1450.47888184
1450.21032715
1449.92431641
1449.58520508
1449.20227051
1448.90710449
1448.81542969
1448.86486816
1448.87573242
1448.8560791
1449.13464355
1449.39477539
1449.67211914
1449.97668457
1450.27478027
1450.58300781
1450.91577148
1451.23815918
1451.53930664
1451.8026123
1452.02148438
1452.2220459
1452.42175293
1452.62597656
1452.84228516
1453.06494141
1453.30273438
1453.55212402
1453.79663086
1454.03479004
1454.26733398
1454.49609375
1454.72192383
1454.96948242
1455.2409668
1455.4855957
1455.69787598
1455.89147949
1456.08618164
1456.28601074
1456.49279785
1456.70935059
1456.94824219
1457.22949219
1457.51721191
1457.81933594
1458.17285156
1458.50439453
1458.81054688
1459.13183594
1459.55102539
1460.02099609
1460.47216797
1460.89306641
1461.21398926
1461.44140625
1461.60754395
1461.77844238
1461.9654541
1462.1973877
1462.44091797
1462.70251465
1462.92724609
1463.10913086
1463.296875
1463.51635742
1463.76403809
1464.10424805
1464.57507324
1465.14746094
1465.81176758
1466.47363281
1467.05163574
1467.52868652
1467.69458008
1467.69946289
1467.6628418
1467.64257812
1467.64196777
1467.66870117
1467.82055664
1468.12097168
1468.47290039
1468.85119629
1469.13830566
1469.31054688
1469.44482422
1469.57055664
1469.75671387
1470.25708008
1471.27624512
1472.3548584
1473.21740723
1473.94616699
1474.63317871
1475.24316406
1475.77539062
1476.30102539
1476.81079102
1477.30981445
1477.77197266
1478.21350098
1478.64038086
1479.05566406
1479.40148926
1479.69067383
1479.91967773
1480.07788086
1480.17285156
1480.18981934
1480.13781738
1480.06835938
1479.97802734
1479.75708008
1479.28820801
1478.70458984
1478.53479004
1478.49572754
1478.47741699
1478.45031738
1478.35632324
1478.13464355
1477.51647949
1476.86694336
1476.3223877
1475.87145996
1475.53820801
1475.22412109
1474.90820312
1474.5402832
1474.18334961
1473.81103516
1473.42822266
1473.05432129
1472.72167969
1472.42126465
1472.1159668
1471.88452148
1471.85327148
1471.86523438
1471.89025879
1471.94873047
1472.01135254
1472.09643555
1472.19836426
1472.28039551
1472.46875
1472.89685059
1473.34326172
1473.77832031
1474.21118164
1474.66320801
1475.11755371
1475.58349609
1476.07080078
1476.61181641
1477.14038086
1477.65161133
1478.13708496
1478.61584473
1479.11523438
