108.255935669
108.115226746
106.830703735
107.171836853
109.581039429
108.299491882
108.970314026
109.834831238
109.064071655
108.861946106
109.233161926
111.25088501
111.258850098
111.143951416
111.395210266
110.370689392
109.484115601
108.295204163
106.701873779
106.00227356
106.036560059
103.602996826
104.66557312
107.030609131
107.759735107
106.555244446
105.485588074
103.459289551
100.839897156
103.255828857
105.382621765
107.204071045
106.832855225
107.22228241
107.484268188
106.967353821
107.4324646
107.575309753
105.973945618
105.250839233
105.895202637
105.292251587
102.65246582
101.062606812
100.761276245
98.4286727905
96.7123565674
95.5278549194
97.7838745117
98.2318572998
99.146987915
97.1480560303
95.3815460205
93.691696167
91.6786270142
91.4431610107
88.3914794922
91.5475997925
91.7000656128
93.8877029419
96.5485992432
94.3282012939
92.6385116577
95.4500732422
98.1828689575
99.449005127
97.7231063843
96.5275726318
97.2136917114
97.4044570923
100.300643921
103.28818512
103.488441467
102.134658813
102.731414795
103.503982544
103.294425964
101.234863281
99.812538147
97.6827011108
99.7293548584
101.052864075
101.457962036
101.162796021
101.262825012
104.011634827
104.005760193
104.779457092
103.622245789
102.736961365
102.063102722
101.094451904
102.714515686
101.340057373
100.865631104
100.150550842
98.8837738037
96.0849838257
95.9637145996
96.6523590088
96.4371566772
97.0355834961
96.5891723633
97.6503219604
97.4522171021
95.6142578125
94.4791717529
92.3658828735
90.3369445801
91.3205871582
92.634727478
92.4334487915
92.1877288818
91.2902679443
91.2518234253
90.5994186401
88.19871521
87.829208374
88.3586959839
88.4066925049
87.7842559814
87.0693588257
86.2666625977
85.3180160522
84.6645050049
85.2239990234
85.1519470215
82.4751205444
82.3310852051
82.1134643555
80.7524642944
80.39037323
80.3282165527
80.1093139648
79.8990249634
79.9153671265
79.9821014404
79.6610336304
79.4141464233
78.6874160767
78.4290313721
76.3632354736
76.0326919556
76.2151412964
76.2160263062
76.2160263062
76.2160263062
76.2160873413
76.1237030029
76.2133178711
76.2152938843
76.1528396606
76.1471633911
76.1159210205
76.0992279053
73.0834503174
72.7393264771
71.9948196411
71.4369125366
70.6073303223
67.9013061523
73.2311477661
73.1306381226
75.6730804443
79.7870559692
78.1178512573
79.7654647827
78.5162506104
78.4776611328
78.4629669189
78.6080474854
78.7038726807
78.8907241821
78.8650741577
78.5946350098
78.0173187256
77.6041564941
77.3023529053
77.024597168
76.6379165649
76.2465591431
76.0286560059
76.1573944092
77.5029296875
78.6410217285
78.9311676025
81.2187423706
83.5027999878
83.5973358154
82.3941345215
81.687210083
81.9930648804
81.8860015869
82.025970459
82.0190124512
82.018989563
82.7626342773
84.1240692139
83.870513916
84.2871704102
84.4347915649
85.0692138672
85.5767211914
85.918258667
85.7895812988
85.3981399536
85.311088562
84.5867767334
84.8494949341
85.0049591064
85.1641159058
85.3793258667
85.3259429932
85.3190307617
85.3192062378
85.0135955811
83.2690582275
82.2759857178
82.1436462402
79.9970703125
79.3210525513
80.0314865112
81.3575286865
82.1513442993
82.9489517212
84.2797927856
84.8324203491
85.3327865601
84.5289764404
83.7243728638
82.4133453369
82.2253646851
82.0786514282
82.1516723633
83.643737793
85.0029678345
86.1322555542
88.7917938232
88.5560073853
88.241607666
86.26512146
86.9445266724
87.7150802612
88.1178359985
87.4160842896
88.3275604248
88.4885940552
89.7591247559
91.4798049927
92.1717605591
90.1597976685
91.0924606323
93.672958374
94.1576156616
92.7064819336
91.886680603
91.3075866699
90.9537658691
90.2406234741
88.1565551758
87.2257614136
85.2168045044
84.1752166748
82.6807479858
84.8387069702
85.535369873
87.5320358276
88.8480453491
90.0811767578
91.3889770508
92.7531356812
94.4694290161
94.6659851074
94.5198135376
94.5478744507
95.6720657349
94.5920791626
94.5177154541
95.4935073853
96.0048294067
94.3783798218
93.6229553223
92.3547439575
91.0331344604
90.8627166748
90.74269104
91.3541946411
92.076675415
92.8873291016
93.4728775024
93.8987426758
93.9739303589
93.9830322266
93.089225769
92.6813812256
92.7613601685
92.3713912964
92.5088424683
93.0756759644
93.7235870361
94.4561767578
94.7519226074
93.8066558838
91.6176986694
91.0500183105
91.6365966797
92.1092987061
92.2255859375
92.1296157837
93.0113830566
92.4069900513
91.6588439941
91.2386779785
90.3682556152
89.0026245117
89.2212753296
91.4135971069
92.1722259521
92.0345611572
92.3701629639
93.5404891968
94.3895645142
95.3617630005
95.2368774414
94.2766571045
94.1259231567
94.1662139893
94.774597168
94.844078064
94.8545074463
94.8118057251
94.742149353
94.5327911377
94.2574996948
93.4569854736
94.3137283325
94.5250549316
94.5849304199
94.4624710083
94.1248626709
93.993812561
94.4893035889
94.531539917
94.2892379761
93.0257263184
90.8382873535
90.1296844482
90.5245895386
92.3031082153
92.4378204346
90.1054992676
88.6151885986
87.8050460815
87.5434188843
87.1168823242
86.4689865112
85.9859237671
85.6499328613
85.2949523926
85.6737365723
85.7856369019
90.9104766846
90.6333465576
89.0632095337
91.0653305054
91.1465606689
91.1113204956
91.1953887939
91.2543106079
91.4128875732
91.4310302734
91.436920166
91.4272994995
91.309211731
91.3448486328
91.1690826416
89.5523147583
89.1318740845
92.165145874
94.5475463867
94.5309906006
94.5309677124
94.5835494995
94.1308517456
93.1963729858
92.3769454956
91.9602432251
91.9147109985
92.031791687
93.3997802734
94.2240600586
94.3667907715
94.5310974121
94.4429092407
93.8393249512
92.7850875854
92.1056137085
92.9846115112
94.0351715088
94.2049942017
94.5597839355
94.9086303711
95.1317749023
95.2161941528
95.0935134888
94.6565322876
94.1519927979
93.7631072998
93.44190979
92.10206604
91.3524246216
91.1993942261
90.5590133667
90.2168273926
90.4617233276
90.3872756958
90.6566696167
90.9857635498
90.8258056641
90.3187179565
90.8012924194
92.1527175903
93.0068511963
91.2383422852
89.8132629395
88.3415985107
87.7871170044
87.5299758911
87.9641647339
87.9608001709
87.7553634644
87.6259765625
88.3895645142
89.3355560303
89.3575668335
88.9945526123
88.3901977539
87.4262237549
86.8205032349
84.4412078857
83.7947540283
85.5247573853
86.7228927612
88.319984436
88.440032959
89.1255569458
89.4255371094
89.0918273926
88.3381881714
87.0656204224
85.2598266602
82.5245361328
81.0326538086
81.4381866455
82.2374038696
83.9900665283
85.1689071655
87.5297775269
88.3382110596
89.7817230225
90.5874862671
90.7798080444
92.7825469971
92.7575149536
91.2367172241
91.3341827393
90.8619537354
89.9071960449
90.8075637817
91.1842422485
89.7876281738
87.6330795288
86.6739273071
85.2134246826
84.9541549683
84.6726150513
84.5243911743
84.721572876
86.0269393921
87.2632827759
88.732635498
89.8858947754
90.103477478
91.3127593994
89.9258880615
88.0374526978
84.960899353
82.7026367188
82.1437759399
81.6432800293
82.3984909058
84.6717834473
86.8603668213
88.1997909546
88.2157058716
87.6886367798
87.3101196289
86.5133361816
85.4274749756
84.7779312134
79.6712341309
78.5895080566
77.7938919067
77.5628128052
77.7656021118
78.1400985718
80.2688903809
82.5534667969
83.8344345093
83.9103164673
83.6628570557
84.0588302612
84.4403991699
84.8296661377
84.7973022461
84.5633239746
84.3339157104
84.4304580688
84.5539932251
84.7873535156
85.0518417358
84.569519043
84.3699111938
83.9317932129
83.559928894
83.9565124512
83.5638504028
82.1649017334
79.6457443237
78.034942627
77.7124328613
77.5615615845
77.8829498291
78.819442749
79.9280395508
81.0424346924
81.9262924194
82.356010437
82.8683624268
84.9944000244
80.0084075928
79.1451568604
84.7564163208
85.3876266479
86.3836746216
87.1761474609
87.5411605835
87.9683303833
88.3721389771
87.8645248413
86.3237609863
84.2960205078
82.286819458
81.6306991577
82.0772705078
82.4481124878
83.8542022705
87.0945739746
89.0344390869
90.8702087402
91.4036102295
90.299659729
89.7696762085
88.7631149292
87.4611206055
85.8819656372
84.881401062
84.506439209
84.2007827759
84.4587478638
84.9694824219
85.3764419556
86.9233856201
87.4744949341
89.7419433594
90.9610900879
91.2230377197
90.0323486328
89.9812393188
91.1938400269
91.1786422729
91.8963928223
92.7028961182
92.9290313721
90.5719604492
90.4253005981
90.0086746216
88.3505249023
88.2902984619
86.9711914062
84.9224777222
83.7484207153
82.1883621216
81.4804229736
80.9248504639
82.0899505615
83.7679977417
84.4275588989
84.6400680542
84.6619186401
84.906867981
84.6697692871
83.3212814331
83.0511550903
85.191947937
87.4264221191
88.2148132324
88.2359313965
88.3549957275
88.3053207397
89.786567688
90.7797164917
92.0309371948
92.952293396
92.7547836304
92.7818756104
92.7450866699
92.7661590576
92.790763855
91.7146759033
90.9713058472
90.2418823242
89.0445632935
89.918586731
90.9973754883
92.0099029541
92.7365264893
94.193145752
94.8249435425
95.1161651611
93.7709960938
92.8812255859
91.5202713013
90.5359420776
89.4788970947
88.1499938965
86.9227523804
86.4882278442
86.1827850342
86.8165893555
87.6719970703
88.3318405151
88.5466384888
88.9706192017
89.4826431274
89.8790054321
90.2768783569
90.7180175781
90.948638916
89.5247344971
88.0445480347
86.6336593628
85.1588745117
82.5862045288
81.6945343018
81.624786377
81.131652832
81.4432678223
82.8135375977
84.0211334229
85.1848602295
86.0185317993
87.3492279053
88.1537857056
87.5677947998
86.5365371704
86.1522674561
85.7967834473
85.4534454346
85.1281280518
84.7430877686
84.3766708374
84.0685424805
83.1299743652
81.3055801392
81.4349212646
82.1580276489
82.7507858276
82.2166824341
81.6331176758
81.1619491577
81.2300262451
81.5343704224
81.123374939
80.381690979
79.6577682495
79.0223312378
78.3344955444
77.7816314697
77.2635498047
76.7448043823
76.2186431885
75.6901473999
75.0400543213
74.5306777954
74.8784484863
75.5438537598
76.2059020996
76.6817092896
77.0638427734
77.5030822754
77.2977218628
76.8915939331
76.1876602173
75.419631958
74.6005172729
74.2811279297
74.6533279419
75.5495452881
77.0743560791
79.7078857422
80.2229003906
79.4719619751
79.6420822144
79.4900283813
79.4818954468
80.0357666016
80.6484603882
80.6016769409
78.9843826294
77.6047286987
76.7086029053
75.864074707
75.3230056763
74.7978744507
73.5894622803
73.1182937622
73.7098464966
75.5266189575
77.4199447632
77.2714309692
75.6533508301
75.0230865479
74.6097106934
73.8461608887
73.8331375122
74.3145751953
74.9408416748
75.6318054199
76.45362854
77.7407150269
79.0400314331
80.4917984009
81.9201507568
82.5944747925
83.1549453735
83.2119827271
82.1442260742
80.8247146606
79.5533370972
76.1738052368
77.2648391724
79.2642364502
80.7351074219
81.9557037354
83.048866272
84.305847168
84.9460449219
85.0168762207
84.7109909058
84.3743667603
83.9789505005
84.1952362061
83.3299713135
82.2226638794
81.1084442139
80.3683319092
79.7444458008
79.452293396
79.873916626
80.1337585449
80.3314819336
80.968460083
81.2901687622
81.780921936
81.6133041382
83.2220077515
85.6541366577
87.0977935791
88.4448165894
89.9173049927
91.0221633911
89.8006439209
88.6463165283
87.2931518555
85.99974823
84.6380767822
83.4265136719
84.1466827393
86.4939498901
87.2796936035
87.7417602539
88.2409057617
88.7096405029
89.8639373779
92.1836013794
92.9528427124
94.2090148926
95.2128295898
94.0589828491
92.4612503052
90.8703994751
91.0040283203
93.6642837524
97.3048324585
94.9664611816
94.2001571655
96.2348480225
96.8045272827
95.7942123413
94.4045944214
93.0251235962
91.823600769
90.94871521
90.4326324463
89.9306106567
89.6222915649
89.307723999
90.4022903442
90.6894683838
93.8639984131
91.4723892212
92.4288864136
90.9444961548
92.2461929321
93.8093261719
93.4547958374
94.5210266113
94.6358795166
94.5778961182
93.9454498291
92.7332305908
91.3112106323
90.7629089355
90.7549285889
90.0573730469
88.6564025879
87.2081680298
86.0919876099
85.6140670776
85.5249862671
84.984916687
85.1400604248
85.3119277954
85.9237060547
83.3601455688
85.4695510864
83.7346115112
81.5995101929
76.3885803223
77.3316650391
75.886756897
75.6771774292
74.648651123
76.4849319458
77.460067749
77.6479034424
77.9909515381
78.5557327271
79.0833435059
79.7203140259
80.4024200439
82.0466918945
82.7629547119
83.2251052856
84.6032333374
86.9273986816
89.2860412598
90.9623794556
91.1308135986
89.9409408569
87.6734466553
85.1262435913
84.0514755249
82.9804840088
82.0706100464
80.988822937
79.9668807983
79.5080566406
79.7923126221
81.522819519
82.6158370972
82.9589004517
82.6661529541
82.0987854004
81.6287994385
81.4655456543
83.4116134644
85.4895858765
86.2566146851
85.9847869873
83.9351654053
82.5538406372
83.4524078369
85.6404190063
86.8357162476
86.9511489868
85.7414779663
83.2639389038
81.186126709
79.9033279419
79.4605407715
78.5705947876
77.6226119995
76.7416915894
75.5602798462
75.1884002686
75.6013717651
78.2230072021
79.3012084961
79.7257003784
78.5394134521
76.8548202515
75.1210250854
74.4705963135
74.6430587769
74.4019088745
74.4068984985
74.4780426025
74.4588470459
74.3007125854
74.7863006592
75.4594802856
74.2140731812
74.3930969238
74.5378646851
74.3164749146
74.5496902466
74.5602874756
74.6398468018
73.6969451904
74.1012954712
73.8545379639
74.2258377075
75.2266387939
76.2166671753
77.6643295288
79.7005691528
81.1651611328
81.6654891968
82.0695266724
81.7658233643
79.7709579468
78.1828460693
76.8589324951
76.4316329956
75.6437454224
72.9978103638
76.2618942261
76.5540847778
76.4865493774
76.4485397339
76.8314437866
78.1026000977
78.5521621704
80.0278396606
79.3983001709
80.1067733765
78.8052597046
78.4144973755
78.513999939
77.9414520264
77.5635528564
77.8936462402
77.2485122681
76.4946670532
77.0794448853
79.6244659424
80.3720855713
82.5376739502
83.6438140869
84.7440414429
83.0932846069
81.6330947876
81.4588394165
80.8108825684
80.1754379272
80.247833252
79.3347244263
80.0026321411
80.5647735596
81.3485412598
81.8005599976
82.5306167603
83.863319397
84.356590271
84.6926879883
85.8970794678
87.5161361694
88.544631958
90.3943557739
90.6715621948
89.7230758667
88.2285003662
87.6804885864
86.4816436768
85.0287857056
85.0293502808
85.0798873901
85.0279998779
85.0279998779
85.0279998779
85.0279998779
85.0257110596
85.0986480713
85.489151001
87.3792190552
86.8745193481
87.0181655884
86.9343109131
86.6331863403
85.2351989746
84.7427597046
84.8638916016
84.9175643921
84.7726593018
84.324180603
83.8062515259
83.2051620483
82.8019180298
82.3597869873
81.9920883179
81.6827468872
81.2193984985
80.2791595459
79.4664993286
78.8614120483
78.1613006592
77.1707305908
76.3695678711
76.0520477295
75.8918914795
75.7423553467
75.4991989136
75.2991256714
75.0969238281
74.8598175049
74.5096817017
74.1750869751
74.0919265747
74.1048202515
74.0872039795
74.2627639771
74.6641387939
74.9204025269
75.0380554199
75.1416397095
75.2443008423
75.576210022
76.0911941528
76.4635162354
76.8559799194
78.5857849121
80.1350326538
77.7085876465
75.8275680542
76.1232910156
77.940574646
79.236946106
79.2279663086
79.2059326172
78.8608932495
78.5105514526
77.4292221069
76.7319107056
75.8420944214
75.6945114136
75.5853424072
75.6659545898
75.85496521
76.5446243286
77.2883453369
78.4333496094
78.6789703369
79.2653503418
81.5472106934
82.8206710815
82.357635498
81.4245300293
81.141418457
80.9733657837
80.8009719849
81.9395065308
82.1589355469
82.4466934204
82.142036438
81.6022262573
81.2765197754
79.9863815308
79.1890563965
79.0672302246
78.712272644
78.5201187134
77.3889923096
76.6251602173
75.9100494385
75.6782684326
75.578994751
75.6751785278
75.7777404785
76.6982879639
77.2820281982
78.4699172974
78.8194122314
79.1823730469
79.2280197144
79.259437561
78.2268371582
76.1578063965
75.8309707642
77.1831893921
80.136428833
78.8047790527
76.9939117432
76.5041809082
76.1274032593
75.6407852173
75.2698059082
75.1548156738
75.050819397
74.9344406128
74.7109985352
74.3011016846
74.0783996582
74.1039505005
74.0943603516
74.0734786987
74.0813446045
74.0707397461
73.9978790283
74.1461410522
74.3424377441
74.5135726929
74.7137527466
74.7581100464
74.7285842896
74.7280273438
74.7280273438
74.7280273438
74.7280273438
74.7330703735
74.7580947876
74.7658309937
74.6324996948
74.6466522217
74.8117828369
74.817199707
74.6860580444
74.5060577393
74.3648147583
74.1974716187
73.9048309326
73.643157959
73.345703125
73.1203231812
73.2866668701
73.4127197266
74.60131073
74.8325653076
74.8854446411
74.9428710938
74.9643707275
75.1044616699
75.356590271
75.2630691528
75.0159683228
74.9591674805
75.0523147583
75.6683731079
76.0927429199
75.8209152222
76.1068115234
76.2407226562
76.3529205322
76.3754577637
76.0544967651
75.870262146
75.7313995361
75.5382461548
76.1811141968
76.2138824463
75.7275466919
74.9686355591
74.9170379639
75.0244827271
75.5617141724
76.0897598267
75.8882827759
75.9531097412
76.2294921875
76.3589935303
76.3716201782
75.857635498
75.1713867188
75.1186294556
75.0540924072
75.0084686279
74.9636993408
74.9577407837
74.9592208862
74.9559783936
74.95262146
74.949508667
74.9463348389
74.9435958862
74.9219436646
74.9238357544
74.8322677612
74.9937438965
75.6871795654
75.3074951172
74.2928237915
74.3437728882
74.3993225098
74.7382202148
75.2054824829
75.5247192383
75.6392364502
75.3565139771
74.7186203003
74.077293396
73.3638000488
73.3256454468
73.2875976562
73.2313461304
73.2823791504
73.2972869873
73.3180999756
73.3282546997
73.2898025513
73.2796554565
73.1956939697
72.8501968384
71.8096008301
72.7229919434
73.1743164062
73.2008514404
73.2221603394
73.2298736572
73.2308273315
73.2285842896
73.2300491333
73.230506897
73.2308731079
73.2301101685
73.2278213501
73.2270507812
73.2287445068
73.2309951782
73.2276535034
73.2310028076
73.2310028076
73.2310028076
73.2310028076
73.2310028076
73.2310028076
73.2310028076
73.2310028076
73.2310028076
73.230682373
73.2096481323
73.2046966553
73.2033309937
73.2022018433
73.2014541626
73.2284088135
73.2310028076
73.2310028076
73.2310028076
73.2313461304
73.1943817139
73.2310028076
73.2310028076
73.2310028076
73.2310028076
73.2310028076
73.2310028076
73.2310028076
73.2310028076
73.2310028076
73.2310028076
73.2310028076
73.1520080566
73.1310119629
73.1310119629
73.1310119629
73.1886444092
73.2310028076
73.2310028076
73.2310028076
73.1743774414
73.1309738159
73.1303024292
73.1352233887
73.1380310059
73.1390762329
73.1447372437
73.1509399414
73.1341552734
73.1412200928
73.1689758301
73.1845092773
73.2377929688
73.5370407104
74.3203582764
75.1911087036
76.486869812
73.0507202148
67.9443054199
68.8017120361
70.8653182983
73.0019302368
76.1117019653
74.6266098022
74.202331543
74.3270492554
75.1825637817
75.1689224243
74.6412506104
75.0210113525
74.9925308228
76.7682189941
78.4106521606
79.9318847656
82.1878356934
84.0772857666
85.9206237793
86.9606323242
87.7152404785
88.589263916
89.8417434692
90.4927139282
90.6528625488
90.3918838501
90.1820297241
89.2925033569
89.6161956787
90.6400604248
91.5199584961
92.8541412354
93.2957611084
93.3523712158
92.8389511108
92.5151748657
92.6690139771
92.789855957
92.4483184814
92.4848251343
92.3399353027
92.0299377441
92.3677902222
92.1223831177
92.2398681641
92.3529434204
92.2999801636
92.1465911865
91.9562454224
91.5655670166
91.4192352295
91.2798233032
91.2286911011
91.1286010742
91.205619812
91.2279510498
91.2624893188
91.2368011475
91.229309082
91.2694320679
91.2590332031
91.2118148804
91.1334838867
91.1008682251
90.9143753052
90.1217422485
88.9436340332
88.5976791382
88.3390197754
87.5051651001
87.0855789185
87.1294631958
88.4894332886
88.6028366089
88.5868530273
88.3306884766
86.0314483643
85.5692901611
85.5510559082
85.5220947266
85.9136810303
86.2948608398
86.8065185547
87.6391906738
89.5053024292
93.8363952637
93.9901809692
93.0861129761
92.1327590942
92.0981140137
92.3605575562
92.3527069092
92.1684265137
92.1022644043
92.1077270508
92.063117981
91.9495544434
91.6794586182
91.2200698853
90.8540267944
90.2390365601
89.1558456421
88.4937057495
88.9078521729
89.5160675049
90.0318069458
90.0867919922
89.7351913452
89.0801315308
89.2291107178
89.8179779053
90.53150177
90.8134765625
91.1782989502
91.6733093262
92.3673782349
93.0587921143
93.5856323242
94.045715332
94.2632598877
94.6821060181
95.1791763306
95.2990875244
95.1401824951
95.0503082275
95.0907211304
95.0461807251
94.7400588989
94.2091217041
93.4460830688
92.4420928955
91.4960784912
90.9190750122
90.1398468018
88.904258728
88.6987762451
89.7069549561
91.2345275879
91.9932022095
92.2415542603
92.0126571655
91.4073944092
91.3858184814
94.0797271729
94.6184234619
93.9516220093
93.7243881226
93.6542205811
93.5144958496
93.3017883301
94.3355484009
94.5730361938
94.5492401123
94.5055389404
94.5436782837
94.1025009155
94.2385940552
95.0452957153
96.8280944824
97.7844924927
97.447593689
96.8904418945
96.8824081421
97.4434890747
97.8376922607
97.5862197876
97.3718566895
97.3082504272
97.1544418335
96.9440536499
96.7183074951
96.4760971069
96.2798461914
96.009552002
95.709564209
95.4325027466
95.2763290405
95.1812210083
95.14087677
94.9903640747
94.8205108643
94.5644760132
94.3472595215
94.2879714966
94.0763549805
93.8120193481
93.0294113159
92.4965667725
91.9783172607
91.5119628906
91.3735961914
91.1810150146
91.1810150146
91.2339096069
91.3982315063
91.7926483154
91.9617767334
91.4703140259
91.4552154541
91.4958343506
92.0215682983
92.4274215698
92.6154022217
92.5813293457
92.6120758057
92.5761947632
92.3234634399
92.3284759521
92.2667694092
91.580368042
91.2647476196
91.0230865479
90.8035507202
90.9972839355
91.5531387329
92.9167175293
93.798324585
94.3223190308
94.2048034668
94.0415267944
94.1099624634
93.9075241089
92.2213973999
91.4949798584
90.8330154419
88.8297424316
88.5065307617
88.3785400391
87.9967422485
88.0399169922
87.7438735962
87.8630142212
87.7708892822
88.6530075073
90.966835022
91.2165145874
90.5767745972
88.6717147827
87.2864761353
85.9581298828
85.210357666
84.671585083
83.9641113281
83.2689285278
82.3368606567
82.3871841431
82.8872070312
83.2266540527
83.6048583984
83.943687439
84.4337539673
84.9051589966
85.5374755859
87.0618972778
88.0123062134
89.0761795044
89.721206665
90.1381988525
90.4929122925
90.3975143433
88.517074585
88.1284790039
86.931312561
85.2594985962
84.6635818481
83.8579559326
82.881690979
82.6122894287
83.2833023071
84.029083252
84.5827560425
85.060218811
85.2913970947
85.4195632935
85.6857528687
86.4853973389
86.7181549072
86.5754470825
86.4183273315
86.4992370605
86.7392807007
86.7791213989
86.7535476685
86.9508514404
86.7657089233
87.0656661987
87.4143676758
87.5193557739
87.6524887085
87.6940994263
87.7278137207
88.1479644775
89.4014968872
90.9091033936
91.1717224121
91.2684707642
92.1017608643
93.1964950562
92.9633789062
91.7532653809
91.2438964844
91.1338348389
90.7399139404
88.814781189
88.0917434692
87.6763916016
87.6557769775
87.6286468506
87.4908599854
87.3352584839
87.0218582153
86.7870101929
86.9058227539
86.7794418335
86.7956848145
86.6653137207
86.4491195679
86.4106521606
86.6851577759
86.7158355713
86.2665634155
85.5518798828
85.4116439819
85.2078704834
84.9682388306
84.4717483521
83.8373641968
83.1151809692
82.5323257446
83.1353759766
84.0841445923
84.8548583984
85.4287643433
87.4715652466
88.2375411987
88.9259490967
90.5437698364
90.4027252197
90.0565719604
89.5954284668
88.7351760864
87.8260269165
86.6772384644
85.291015625
84.7865066528
84.3102035522
83.8468017578
83.5256576538
83.1062698364
82.7521743774
82.3125686646
82.581237793
83.4387817383
84.1628875732
84.8375930786
85.3000640869
86.2953643799
87.6525268555
89.185585022
90.8894271851
91.2047576904
90.6799316406
88.2292175293
87.847114563
89.1934661865
90.8190383911
91.7950134277
92.4437942505
93.4028015137
92.8487548828
91.6465301514
90.8808441162
88.6761474609
87.9938583374
88.0571365356
87.7404098511
87.8613204956
87.7752456665
88.4958572388
90.9009628296
91.2153701782
90.699005127
88.8371963501
87.4133224487
86.0761642456
85.2400741577
84.7253265381
84.0324554443
83.3365097046
82.4096679688
82.368888855
82.8470611572
83.1824645996
83.5754928589
83.9093780518
84.3913650513
84.8612747192
85.4406280518
86.9333648682
87.9500274658
88.9572219849
89.677154541
90.1198577881
90.4649810791
90.4615478516
88.5906448364
88.1698760986
87.153793335
85.3155975342
84.7348861694
83.9350585938
82.9712371826
82.571182251
83.2259979248
83.9580383301
84.5448455811
85.0402145386
85.2641067505
85.4171829224
85.6354827881
86.4105987549
86.7148361206
86.6092834473
86.4137954712
86.484954834
86.7136535645
86.7842102051
86.7604827881
86.9464416504
86.7601699829
87.0483932495
87.3960876465
87.5062561035
87.6477050781
87.6828994751
87.7042694092
88.1293258667
89.1821060181
90.8635177612
91.160736084
91.2599563599
91.9807128906
