408.463348389
408.205596924
408.632415771
408.774078369
409.321624756
409.385925293
409.549926758
409.783203125
410.054107666
408.583984375
408.76272583
408.923309326
408.923065186
409.666534424
410.400665283
410.862518311
411.004760742
410.366729736
408.746826172
406.987884521
406.455963135
406.427947998
406.572174072
406.734008789
404.577850342
407.096313477
407.247711182
409.596313477
409.871734619
409.740661621
409.503662109
409.457550049
409.095123291
409.20425415
409.159576416
409.465179443
409.542022705
409.081176758
408.414459229
408.35043335
409.007171631
409.500610352
410.040405273
410.190917969
409.822967529
409.345794678
408.885925293
407.537780762
406.237365723
405.49331665
404.632293701
403.587982178
402.942504883
402.703491211
402.793518066
402.760406494
402.359466553
402.111206055
402.859558105
403.340545654
403.69052124
403.926635742
403.94430542
404.800201416
405.494445801
406.303405762
407.182647705
408.712768555
410.384002686
413.014556885
415.418212891
417.466583252
418.420410156
419.433868408
421.057067871
422.846282959
423.840423584
423.013122559
420.864929199
421.194824219
422.830841064
423.267272949
422.40057373
425.336517334
428.965393066
431.101715088
432.528839111
431.916625977
430.250274658
429.197509766
429.271850586
429.231140137
429.372528076
429.982421875
431.288757324
432.451080322
433.461425781
434.099273682
434.112884521
435.125091553
435.664459229
436.201690674
436.582855225
436.674255371
435.770324707
434.72088623
434.625
435.985351562
437.211791992
437.87600708
438.341827393
438.239807129
437.656066895
438.026031494
438.009368896
435.875183105
435.307647705
436.354217529
437.976013184
437.902526855
438.251739502
438.525543213
438.416290283
439.337341309
439.413879395
437.37512207
436.185180664
436.73739624
439.226287842
440.498016357
440.982910156
440.701507568
440.808624268
440.584228516
440.367553711
440.978668213
440.767456055
440.539611816
441.317016602
442.511077881
443.564117432
442.57925415
442.031036377
442.491149902
443.394836426
444.297302246
445.051879883
445.68762207
445.110748291
445.934173584
446.810089111
447.829833984
448.701507568
449.066986084
449.335723877
449.713287354
450.366119385
450.900817871
451.47177124
451.720031738
451.572265625
451.399291992
451.222930908
451.023620605
450.978973389
450.784088135
450.457336426
450.135162354
449.822692871
449.522094727
449.400177002
449.280426025
449.171691895
448.904663086
447.882537842
446.368896484
444.996154785
443.961914062
443.000701904
442.075622559
441.219268799
440.469299316
440.904968262
441.705932617
442.433624268
443.277435303
444.17086792
444.985565186
445.703125
446.472076416
447.370330811
447.982879639
447.841400146
447.067230225
446.227996826
445.381286621
444.370941162
444.15057373
444.989776611
446.332672119
447.033081055
446.795257568
445.949401855
444.568267822
443.32800293
442.737426758
442.648284912
442.504272461
442.314239502
442.218505859
442.304199219
442.71194458
442.943267822
443.262878418
443.198059082
442.675628662
442.048522949
441.677337646
441.24911499
440.561462402
440.041900635
439.596679688
439.034118652
438.666320801
438.216918945
437.779571533
437.467773438
437.701812744
438.214447021
439.102905273
440.293273926
441.438049316
442.66192627
443.605285645
444.953918457
445.996795654
446.55456543
446.547424316
446.012268066
445.441741943
444.891326904
444.366027832
444.286529541
444.71673584
445.26953125
445.786712646
446.152893066
446.56741333
446.089477539
445.793395996
442.82043457
442.318695068
442.215759277
442.329223633
442.599060059
443.241027832
443.567077637
444.026428223
444.532989502
444.997619629
445.36630249
445.788543701
446.237945557
446.438201904
446.008148193
444.904449463
443.346832275
441.888793945
440.602996826
440.32800293
440.216644287
440.917297363
440.941741943
441.460205078
441.206604004
440.277801514
438.566040039
436.716522217
434.875976562
432.644989014
430.896148682
429.880340576
429.675811768
430.088592529
430.338378906
430.56918335
431.512176514
433.12399292
434.705657959
436.296051025
437.889923096
439.570800781
441.158294678
442.684204102
444.34979248
445.100708008
444.773010254
443.532958984
441.509765625
438.518463135
435.740936279
432.965454102
430.010406494
427.291168213
424.300598145
421.593902588
418.582305908
415.587585449
413.86605835
413.607025146
413.821594238
413.793060303
414.319824219
414.45803833
414.830993652
415.092468262
415.249847412
415.500396729
415.818084717
416.056640625
416.98928833
418.05960083
419.028442383
420.164367676
420.922332764
421.717102051
422.300628662
422.874511719
423.422149658
424.161834717
425.111602783
427.062744141
430.021392822
433.21987915
436.305999756
439.41607666
441.607116699
436.502807617
442.981781006
442.289031982
440.97052002
439.718048096
439.120483398
439.431304932
439.841033936
440.25177002
440.700683594
441.206420898
441.446929932
442.018371582
442.458587646
442.930511475
441.737609863
442.441040039
445.180755615
446.36416626
447.396240234
445.145690918
443.278411865
442.300140381
443.512420654
445.839355469
447.015563965
446.970245361
445.67288208
444.329772949
446.929077148
449.184143066
451.41519165
450.815185547
450.452758789
448.671081543
448.336883545
450.427124023
453.106811523
454.608612061
453.916717529
452.229522705
450.363800049
448.417175293
446.165740967
448.684417725
448.350830078
447.680633545
446.871826172
446.174835205
445.610717773
444.370300293
446.963562012
448.038330078
449.756378174
451.534301758
452.057922363
451.810791016
451.039215088
449.751373291
449.009674072
448.243530273
448.025848389
448.229431152
448.233276367
447.551605225
446.608764648
447.561645508
448.149078369
447.918731689
447.625274658
448.908874512
449.010437012
448.500183105
447.445007324
446.638702393
446.607849121
446.904510498
446.292144775
445.177703857
442.884033203
444.220703125
444.78314209
445.255645752
444.926940918
445.536895752
446.701324463
447.013793945
446.800628662
446.843078613
445.560272217
446.204406738
445.119110107
445.133300781
445.066680908
444.333251953
443.914398193
444.470153809
444.934997559
444.267883301
443.827178955
443.309539795
443.205841064
441.878662109
441.671661377
442.248138428
443.648010254
443.258544922
442.892028809
443.474395752
442.0597229
442.22354126
442.35748291
442.256500244
441.917572021
441.094848633
439.902252197
439.067657471
439.536743164
438.233306885
437.851928711
437.279296875
437.152404785
437.307922363
436.606018066
436.063903809
437.144378662
437.914764404
437.393463135
434.847351074
436.066650391
437.554504395
437.378509521
437.40045166
438.525726318
439.074890137
439.205993652
439.592895508
440.751190186
441.063842773
441.666412354
442.259429932
442.718139648
443.669158936
444.496734619
446.918273926
446.640411377
448.347320557
449.804901123
449.75491333
450.038909912
449.986450195
450.695587158
451.59979248
451.217407227
453.028015137
453.400543213
454.766967773
454.606445312
454.62399292
455.538574219
456.318908691
456.987945557
458.564422607
474.843139648
476.092254639
477.712890625
478.958312988
479.513458252
479.865783691
480.06640625
479.114562988
478.453582764
477.00604248
476.903045654
478.288085938
478.476257324
477.729309082
476.341217041
475.543518066
474.664306641
474.264465332
473.074981689
472.827972412
476.963806152
472.998748779
476.787384033
478.853942871
479.270080566
479.709625244
479.828918457
480.030609131
480.26272583
480.645477295
481.297485352
481.719116211
482.214904785
482.682678223
482.969024658
483.8331604
484.616577148
485.454864502
484.885437012
483.547180176
484.755249023
486.334472656
487.777862549
488.641876221
487.745391846
484.868011475
485.149902344
481.873138428
484.662017822
484.936248779
483.735748291
480.577514648
480.512969971
478.204528809
471.877471924
466.615631104
466.521606445
466.588989258
467.518096924
466.100830078
465.098144531
463.505401611
461.303894043
462.38381958
464.13659668
469.928375244
471.928985596
470.211517334
468.846130371
468.29776001
467.512359619
466.547576904
465.729553223
462.08404541
460.438049316
464.746276855
465.168029785
465.171142578
465.979736328
466.56729126
466.419006348
465.396759033
463.127563477
462.542358398
464.80847168
467.980194092
470.802337646
472.888244629
470.981903076
472.84274292
475.654327393
476.366821289
469.810668945
472.804382324
477.531585693
478.692901611
474.658752441
478.298675537
479.883605957
479.21206665
479.046813965
479.156341553
478.503814697
475.75793457
473.207855225
476.457305908
475.949676514
479.897674561
482.914489746
484.824707031
484.982147217
483.545227051
481.86529541
481.644348145
479.078430176
477.088409424
481.781158447
483.270782471
484.182281494
484.818634033
485.13470459
487.919158936
488.901245117
491.13571167
494.253265381
493.31942749
496.089111328
495.134185791
491.311096191
494.426544189
497.2918396
495.660552979
491.177947998
487.849945068
484.769927979
481.89666748
485.085021973
487.01171875
488.065032959
488.113342285
487.90335083
486.154541016
485.069671631
483.87121582
482.357666016
485.168945312
490.208526611
493.793701172
492.685150146
494.49786377
495.163513184
493.566864014
492.693817139
490.385406494
488.523773193
487.626861572
485.304901123
483.700042725
482.801025391
481.635864258
479.995422363
478.961517334
478.733032227
477.748077393
476.502166748
475.680755615
475.67868042
475.67489624
475.664672852
475.682647705
476.654205322
476.708862305
476.037078857
476.61428833
476.342834473
476.207519531
475.722930908
476.191497803
478.922027588
476.759002686
476.109344482
478.939483643
478.814422607
478.771026611
478.884735107
479.112762451
478.825744629
479.698150635
480.238250732
480.239135742
480.239898682
480.30090332
482.260040283
483.020935059
483.012115479
481.803527832
481.878387451
482.961395264
482.170379639
482.34765625
481.832519531
480.176971436
481.749298096
482.247192383
483.025604248
484.5440979
484.831695557
491.244628906
498.416137695
500.627807617
498.537597656
499.483276367
494.034790039
495.844360352
501.18762207
506.092803955
502.14666748
500.589599609
506.227111816
506.945343018
503.444549561
503.167297363
503.206512451
508.77633667
511.284393311
508.352630615
510.238342285
509.411773682
509.352996826
506.119476318
503.27520752
497.457702637
496.860687256
500.699645996
502.790985107
509.167633057
504.363586426
501.519317627
500.194580078
500.5859375
503.070922852
501.022338867
496.985900879
494.781097412
495.443267822
498.806640625
497.005432129
496.179534912
498.725982666
497.726531982
492.070617676
494.269714355
494.177490234
495.465393066
496.382904053
496.689117432
496.922821045
502.762573242
503.26574707
503.258209229
505.326660156
506.684448242
508.659851074
510.086181641
509.766418457
509.27734375
509.908294678
509.265594482
506.157867432
509.29788208
510.100280762
509.183868408
509.058380127
510.821075439
513.331298828
513.614685059
513.49230957
515.965637207
516.023193359
517.774108887
518.365722656
518.980041504
519.065734863
519.10748291
519.91973877
518.625915527
516.880432129
518.973327637
518.396728516
520.072509766
521.534912109
521.765930176
519.839660645
518.780029297
520.78125
519.732849121
518.693603516
515.262145996
520.578308105
521.641662598
521.949462891
522.119995117
518.46697998
520.423339844
518.555969238
519.159973145
523.720031738
525.842163086
527.690673828
528.756347656
527.84185791
527.178039551
524.735961914
524.664672852
524.440490723
522.223510742
521.485046387
521.500305176
524.643005371
527.496154785
530.512512207
533.592224121
533.962341309
532.548156738
529.254882812
527.646240234
530.59954834
533.559448242
531.137084961
527.499633789
525.535461426
527.47088623
525.948303223
524.519287109
526.390930176
527.568603516
527.603271484
526.856140137
527.004516602
527.696472168
528.241882324
527.257629395
524.471923828
524.231933594
524.263122559
522.989135742
522.980712891
524.856750488
527.269042969
527.530517578
526.796081543
526.23260498
526.122070312
524.896057129
527.959899902
527.989318848
527.791687012
526.307250977
525.593566895
527.552185059
525.948242188
525.809387207
524.799621582
524.325256348
526.012268066
526.931762695
528.260437012
530.552856445
528.59576416
527.663269043
530.149780273
530.660827637
530.359802246
530.541320801
531.372741699
531.520202637
532.014648438
532.177001953
531.121276855
531.261413574
532.33404541
532.530822754
532.909667969
533.826599121
533.965820312
533.77532959
533.957275391
533.644897461
534.268676758
535.034851074
535.577514648
536.225585938
537.211608887
537.654541016
537.591064453
536.752502441
536.449279785
536.513061523
536.99407959
536.408813477
539.248901367
539.551330566
538.781066895
538.235107422
536.200805664
539.024353027
543.604309082
547.560119629
551.067260742
549.639953613
548.666137695
548.666931152
549.348937988
554.086791992
552.912780762
551.681030273
548.66003418
548.826782227
549.370727539
549.677246094
554.381164551
554.258483887
549.647399902
545.597106934
542.65814209
540.461547852
541.41998291
541.176330566
541.839172363
542.56829834
542.579650879
542.603942871
542.692932129
542.989135742
543.625915527
543.725891113
545.675842285
547.413635254
550.380493164
552.994689941
554.469482422
551.813781738
551.691162109
553.058227539
554.759765625
557.010192871
560.22857666
556.351196289
554.850219727
555.916503906
559.06817627
559.410644531
560.317749023
561.779846191
563.05267334
558.828674316
558.521606445
558.421936035
558.229003906
559.696228027
560.846130371
560.97253418
561.760864258
563.987304688
565.286437988
564.225646973
560.712280273
563.487609863
564.565124512
567.835754395
570.172058105
568.183044434
565.815368652
564.027587891
564.778808594
566.917785645
565.502563477
568.414611816
567.306640625
568.628662109
568.98260498
567.309326172
563.875732422
566.904052734
573.388366699
576.529602051
573.982299805
573.593322754
573.020935059
573.776977539
572.596740723
568.427001953
572.452514648
575.304321289
576.952209473
576.918945312
576.278564453
575.314331055
574.668884277
573.501098633
