1443.59912109
1443.86938477
1444.0994873
1444.08911133
1443.87109375
1443.52856445
1442.64758301
1442.28601074
1441.79370117
1440.97058105
1440.38720703
1439.62268066
1439.27722168
1436.76281738
1437.70507812
1437.58117676
1436.81762695
1436.85351562
1434.5065918
1431.33154297
1430.21716309
1430.3828125
1428.9284668
1427.8536377
1427.43676758
1426.5567627
1422.5682373
1417.78723145
1417.27661133
1421.03479004
1421.7109375
1421.87890625
1422.01391602
1421.39794922
1421.21447754
1423.4095459
1422.91467285
1422.79138184
1420.19226074
1417.04516602
1416.41967773
1416.35839844
1416.79370117
1417.66540527
1418.25622559
1418.50830078
1418.55334473
1418.57397461
1418.6237793
1418.4720459
1418.39807129
1418.5423584
1419.11315918
1419.52124023
1419.43945312
1419.39892578
1419.09631348
1419.96630859
1420.23571777
1420.22973633
1420.08996582
1420.19067383
1420.23022461
1420.47277832
1420.87121582
1420.78540039
1420.53430176
1420.28198242
1420.19592285
1420.49072266
1420.96166992
1421.24108887
1421.2142334
1420.88989258
1420.77807617
1420.66577148
1420.58850098
1420.34350586
1419.93640137
1419.62353516
1419.48791504
1419.22912598
1419.79272461
1421.49243164
1422.36474609
1422.30407715
1421.83544922
1421.38305664
1421.73205566
1422.03100586
1421.96972656
1421.39587402
1418.73815918
1415.29406738
1415.24206543
1416.15539551
1417.55993652
1418.3157959
1418.99377441
1419.90246582
1420.34838867
1420.92687988
1421.24609375
1421.13781738
1420.7512207
1420.62878418
1420.47021484
1420.39428711
1420.3885498
1420.68310547
1420.9432373
1421.3034668
1421.44970703
1422.37011719
1424.87524414
1423.95703125
1422.61694336
1420.73413086
1421.72595215
1422.85083008
1422.48962402
1422.36621094
1422.15332031
1418.01513672
1415.51806641
1416.76000977
1423.47583008
1425.96142578
1429.51574707
1431.1072998
1431.57299805
1433.95922852
1434.85803223
1434.30102539
1434.16992188
1434.14575195
1434.26037598
1435.09924316
1435.40869141
1436.3684082
1438.02587891
1439.88720703
1441.66882324
1442.92504883
1443.45825195
1443.76416016
1444.55224609
1445.08435059
1445.29455566
1445.38842773
1445.47009277
1445.5423584
1445.57824707
1445.50976562
1445.28430176
1445.10583496
1445.08203125
1445.31347656
1445.70605469
1445.75402832
1445.77661133
1445.88745117
1446.03161621
1446.1496582
1446.19189453
1446.16723633
1446.0949707
1446.02050781
1445.92211914
1445.80126953
1445.4822998
1444.7130127
1444.56774902
1444.50817871
1444.46887207
1444.53393555
1444.83813477
1445.08947754
1445.15393066
1445.44458008
1445.86047363
1446.11328125
1446.20446777
1446.22912598
1446.22265625
1446.22705078
1446.23059082
1446.25793457
1446.31347656
1446.39660645
1446.4967041
1446.58325195
1446.66271973
1446.71386719
1446.69934082
1446.64245605
1446.56738281
1446.49047852
1446.4630127
1446.45410156
1446.45739746
1446.46411133
1446.47741699
1446.48388672
1446.49890137
1446.52050781
1446.52258301
1446.50854492
1446.50183105
1446.51806641
1446.6739502
1446.82263184
1446.9765625
1447.11975098
1447.26074219
1447.40661621
1447.54504395
1447.6730957
1447.80053711
1447.92224121
1448.04638672
1448.18078613
1448.3416748
1448.48205566
1448.63635254
1448.89367676
1449.18823242
1449.49609375
1449.83630371
1450.21203613
1450.58361816
1450.99597168
1451.41589355
1451.96911621
1453.11242676
1454.66809082
1456.41467285
1457.89404297
1457.97912598
1458.01794434
1458.00048828
1457.9576416
1457.84289551
1457.82324219
1457.91638184
1458.03442383
1458.14367676
1458.25317383
1458.35290527
1458.45703125
1458.9309082
1459.17834473
1459.42053223
1459.63769531
1459.84118652
1460.00878906
1460.20202637
1460.37402344
1460.58056641
1460.87268066
1461.13415527
1461.35424805
1461.51672363
1461.60253906
1461.60192871
1461.55834961
1461.58496094
1461.51757812
1461.42102051
1461.35107422
1461.21411133
1461.21704102
1461.26550293
1461.23217773
1461.24060059
1461.18457031
1460.37683105
1460.32727051
1460.2923584
1460.21655273
1459.78320312
1459.03881836
1458.56237793
1457.79968262
1457.65344238
1457.50500488
1457.42285156
1457.43054199
1457.55383301
1457.72460938
1457.79162598
1457.71594238
1458.21679688
1458.72290039
1459.07849121
1459.17114258
1459.11987305
1459.22875977
1459.51464844
1460.05541992
1461.45849609
1462.44689941
1462.68811035
1462.74523926
1462.70959473
1462.41064453
1461.98999023
1461.73876953
1461.59558105
1461.2310791
1461.1340332
1461.25476074
1461.53735352
1460.61303711
1457.17651367
1457.53820801
1452.91320801
1449.4510498
1450.1550293
1449.57751465
1449.52502441
1448.52624512
1447.87670898
1444.97631836
1444.5123291
1444.02380371
1443.63537598
1443.63208008
1443.9296875
1445.74804688
1446.38623047
1445.58544922
1444.74377441
1444.50756836
1444.98828125
1445.03991699
1444.83227539
1443.48156738
1443.34423828
1443.4128418
1443.67199707
1444.15270996
1443.9284668
1444.1484375
1443.95776367
1444.09997559
1443.80895996
1443.79138184
1444.07739258
1444.1817627
1443.68200684
1443.4230957
1443.90466309
1444.65539551
1444.6184082
1443.58581543
1443.54675293
1444.88330078
1445.02026367
1446.75341797
1446.80212402
1448.45935059
1445.09191895
1452.16931152
1460.91601562
1464.9954834
1467.99438477
1470.47375488
1474.31481934
1476.66894531
1476.59570312
1479.01452637
1481.02148438
1477.03710938
1481.63659668
1480.26123047
1484.6484375
1476.81030273
1477.2052002
1478.2376709
1479.28430176
1480.65466309
1482.98913574
1484.80566406
1483.62072754
1484.39685059
1485.0793457
1485.8269043
1488.38439941
1492.08776855
1492.50085449
1493.0135498
1495.96411133
1497.70068359
1499.57580566
1501.60461426
1502.33337402
1501.59924316
1501.35327148
1501.45178223
1505.05065918
1506.67834473
1509.13171387
1512.17150879
1514.57348633
1516.6385498
1519.63317871
1522.14819336
1524.50610352
1526.8359375
1529.37963867
1531.25927734
1534.88708496
1537.43383789
1540.25720215
1542.37963867
1544.90893555
1548.59375
1551.3157959
1553.96166992
1553.91162109
1553.94897461
1554.62548828
1554.37536621
1553.01281738
1557.51806641
1558.34838867
1557.21289062
1553.46606445
1554.91674805
1552.05712891
1550.93261719
1549.70056152
1547.71508789
1548.62695312
1547.57275391
1545.26464844
1542.71862793
1540.69213867
1537.59521484
1534.6151123
1531.60412598
1529.99182129
1527.56884766
1525.48986816
1523.01916504
1521.41943359
1519.2520752
1518.54296875
1515.70825195
1515.71777344
1513.76428223
1512.95227051
1508.7175293
1506.69116211
1507.20861816
1507.29711914
1512.2088623
1513.52355957
1515.5213623
1517.50512695
1518.99035645
1519.51049805
1520.34753418
1522.07202148
1523.61474609
1524.47753906
1525.00134277
1525.3104248
1525.45996094
1525.82739258
1526.38220215
1526.91052246
1527.42590332
1527.89758301
1528.31689453
1528.69226074
1529.05297852
1529.40893555
1529.7598877
1530.08044434
1530.35742188
1530.66259766
1531.17700195
1531.9486084
1532.70422363
1533.38476562
1533.9486084
1534.25769043
1534.27429199
1534.06469727
1533.67382812
1533.08496094
1532.1072998
1530.6204834
1529.01147461
1527.3182373
1526.9296875
1524.66540527
1513.89172363
1525.45849609
1526.39245605
1528.48876953
1529.34020996
1531.18347168
1532.25756836
1531.79724121
1531.10388184
1530.85632324
1526.01977539
1518.9017334
1512.17211914
1495.67443848
1524.87854004
1526.56494141
1527.89245605
1528.68054199
1528.96179199
1529.25512695
1529.91333008
1530.90380859
1531.6048584
1531.86621094
1531.33312988
1531.05212402
1531.13671875
1530.14221191
1527.93774414
1525.54052734
1524.25610352
1525.51660156
1525.28796387
1523.48815918
1524.39697266
1525.59484863
1525.65795898
1524.67907715
1524.59973145
1524.9453125
1523.56115723
1512.63049316
1502.81616211
1508.88525391
1520.99780273
1526.43579102
1526.24572754
1527.39416504
1529.80847168
1530.6730957
1530.74609375
1530.38806152
1530.66894531
1530.80859375
1530.65625
1530.44555664
1530.12866211
1530.62548828
1530.03735352
1529.55358887
1531.64770508
1531.13391113
1531.5838623
1532.45031738
1534.1776123
1536.23303223
1537.68725586
1538.63220215
1539.08435059
1539.75231934
1541.41784668
1543.3380127
1543.59570312
1543.77954102
1544.08190918
1545.01733398
1548.52062988
1550.77185059
1552.20703125
1553.69885254
1555.39135742
1558.22119141
1560.56225586
1562.5435791
1564.58886719
1566.1854248
1567.45336914
1569.55285645
1571.71130371
1573.48742676
1573.67956543
1573.8494873
1576.05578613
1578.33703613
1580.53271484
1581.8996582
1583.24938965
1584.53088379
1586.37036133
1586.58947754
1587.19592285
1588.83215332
1590.51306152
1591.29418945
1593.63232422
1595.6171875
1597.24499512
1598.7376709
1599.69934082
1599.18066406
1593.91381836
1593.45910645
1598.91845703
1604.1439209
1607.81921387
1610.02697754
1611.32971191
1610.44775391
1605.08007812
1602.36828613
1597.26123047
1588.33666992
1586.54345703
1584.67907715
1583.1607666
1583.76806641
1584.97741699
1581.45935059
1580.16711426
1579.69677734
1576.15087891
1571.86071777
1571.91540527
1575.51342773
1579.83813477
1583.49743652
1586.91479492
1590.07971191
1592.94921875
1595.2824707
1598.04333496
1601.80126953
1605.68859863
1609.9765625
1613.7409668
1618.02087402
1622.02307129
1623.76721191
1624.2722168
1625.91833496
1627.63647461
1630.00866699
1633.1685791
1635.58288574
1636.12939453
1635.53186035
1635.76965332
1635.0579834
1633.55944824
1631.36413574
1629.04345703
1628.5201416
1628.48095703
1627.21704102
1625.01342773
1623.34667969
1623.57104492
1624.9588623
1626.5982666
1627.89660645
1629.1463623
1630.81445312
1632.48913574
1633.71008301
1634.88806152
1636.44714355
1637.19836426
1637.21972656
1636.79174805
1636.47692871
1635.66479492
1634.3170166
1634.04150391
1634.41564941
1636.03625488
1637.13220215
1638.50134277
1639.1986084
1639.89111328
1640.00720215
1640.12207031
1640.34057617
1641.10925293
1643.12243652
1645.92700195
1646.53991699
1647.19885254
1648.28771973
1649.27746582
1650.47216797
1651.98303223
1653.55847168
1654.65234375
1655.55065918
1656.3885498
1657.29663086
1658.02490234
1658.75524902
1659.45739746
1659.90002441
1660.25891113
1660.79370117
1661.52954102
1662.39404297
1663.50012207
1664.7520752
1659.48669434
1656.78186035
1649.96105957
1649.12231445
1657.97033691
1660.80200195
1662.24914551
1660.46264648
1661.42199707
1661.51318359
1660.21240234
1662.30029297
1668.26318359
1671.31958008
1673.17785645
1674.80578613
1675.79528809
1676.51464844
1677.38647461
1677.72070312
1678.02734375
1679.21716309
1680.09643555
1680.78381348
1681.24499512
1681.37573242
1681.72888184
1682.11694336
1682.54724121
1682.35290527
1682.04821777
1678.25756836
1679.16418457
1679.93286133
1679.90930176
1704.93249512
1705.93603516
1706.90039062
1707.19873047
1707.0357666
1706.68762207
1704.86218262
1703.32470703
1703.12585449
1703.24169922
1703.27355957
1703.11157227
1702.71264648
1701.50756836
1701.26000977
1701.17504883
1701.19641113
1701.35766602
1701.45141602
1701.31298828
1700.86682129
1700.5859375
1700.76257324
1700.77587891
1700.95581055
1701.6505127
1702.05310059
1702.70202637
1703.50317383
1704.41992188
1705.19494629
1705.97949219
1707.98583984
1708.50146484
1708.33105469
1707.90551758
1707.71081543
1707.20129395
1706.62438965
1705.9107666
1705.68310547
1705.68383789
1706.80273438
1708.09362793
1709.12927246
1710.14587402
1711.07971191
1711.82653809
1712.53918457
1713.21740723
1713.89416504
1714.81567383
1716.07788086
1717.43518066
1718.4666748
1718.87866211
1719.47192383
1720.14111328
1720.12463379
1720.1776123
1720.98608398
1722.12084961
1722.87683105
1723.87768555
1724.5723877
1725.15075684
1724.83520508
1724.28869629
1724.00097656
1723.53601074
1723.39196777
1724.38232422
1725.28649902
1726.16174316
1727.20336914
1728.27697754
1729.0958252
1729.78833008
1730.48083496
1731.20019531
1732.01379395
1733.59057617
1735.38037109
1736.96533203
1737.34960938
1736.80761719
1736.70141602
1739.03967285
1740.83947754
1741.82324219
1742.94543457
1744.54650879
1745.47900391
1747.28100586
1748.86706543
1751.04699707
1752.98620605
1753.92993164
1754.66894531
1755.61889648
1756.03027344
1756.38916016
1758.09558105
1759.6159668
1760.80187988
1764.05529785
1767.1796875
1773.95874023
1779.40759277
1784.82543945
1794.83178711
1802.10571289
1807.75512695
1815.26281738
1825.46606445
1840.46606445
1846.50378418
1846.77526855
1846.89526367
1846.82116699
1846.30578613
1845.73596191
1845.06835938
1844.01464844
1842.62744141
1841.56762695
1840.75939941
1841.87011719
1842.58081055
1841.82885742
1836.52563477
1830.84521484
1830.29016113
1829.83630371
1828.62426758
1827.31652832
1826.31433105
1825.49523926
1824.74145508
1824.0657959
1823.45214844
1822.92553711
1822.4642334
1822.09240723
1821.8001709
1821.58605957
1821.43786621
1821.2857666
1821.09521484
1820.87182617
1820.69592285
1820.61315918
1820.57214355
1820.50524902
1820.33874512
1820.23364258
1820.10681152
1820.40356445
1820.90734863
1821.54602051
1822.30712891
1823.15515137
1824.03149414
1824.84790039
1825.59436035
1826.24084473
1826.84643555
1827.49890137
1828.22143555
1828.97094727
1829.70092773
1830.29101562
1830.77319336
1831.25341797
1831.7286377
1832.2520752
1832.77990723
1833.33862305
1833.93798828
1834.5769043
1835.25317383
1835.95593262
1836.68554688
1837.42053223
1838.16467285
1838.92932129
1839.71972656
1840.55126953
1841.35986328
1842.11669922
1843.06091309
1843.8795166
1844.5592041
1845.09411621
1845.52453613
1845.84863281
1846.03894043
1846.08337402
1846.015625
1845.82189941
1845.35192871
1844.72302246
1843.98510742
1843.78564453
1844.42785645
1845.30737305
1846.6373291
1849.41491699
1852.42797852
1854.68688965
1855.3815918
1856.04187012
1856.80456543
1857.5255127
1858.49414062
1860.22277832
1861.54174805
1862.41650391
1862.92797852
1862.76745605
1862.25219727
1861.34594727
1860.37023926
1859.54772949
1858.17687988
1856.33630371
1852.7911377
1853.84667969
1856.23303223
1857.81274414
1859.75097656
1861.83544922
1863.87280273
1865.28015137
1866.69091797
1868.11181641
1868.8729248
1869.51599121
1870.11450195
1870.54699707
1871.25634766
1872.05541992
1873.03051758
1873.85400391
1874.54125977
1875.15930176
1875.75915527
1876.35351562
1876.89099121
1878.83691406
1881.39978027
1882.27282715
1883.62207031
1885.67724609
1887.56958008
1888.43847656
1889.11682129
1889.64868164
1890.8013916
1893.1060791
1894.07885742
1894.52832031
1894.50488281
1894.02978516
1892.66040039
1891.19970703
1892.78369141
1894.09765625
1894.86657715
1896.24560547
1898.69213867
1901.28234863
1903.18151855
1904.6307373
1904.57910156
1904.91137695
1905.22363281
1905.5859375
1905.88598633
1906.38916016
1906.75317383
1906.96789551
1907.09399414
1906.86157227
1912.33740234
1916.80505371
1916.75561523
1916.99560547
1916.9901123
1917.13256836
1917.00793457
1917.36474609
1917.54943848
1917.36181641
1916.22680664
1914.0267334
1915.55566406
1916.46520996
1918.45605469
1921.74255371
1925.09863281
1928.78747559
1929.65600586
1930.7052002
1933.09545898
1935.49255371
1937.90759277
1940.16320801
1940.74926758
1940.9621582
1941.84265137
1942.75561523
1943.05871582
1943.62036133
1946.1550293
1949.04711914
1950.38269043
1953.22216797
1955.26208496
1956.19873047
1957.28063965
1958.69567871
1960.69372559
1963.05310059
1965.98352051
1967.01074219
1967.59375
1969.04821777
1971.26916504
1973.14660645
1974.0892334
1974.90942383
1974.54382324
1977.58911133
1977.9197998
1977.76696777
1976.99316406
1976.35351562
1977.79760742
1979.37329102
1978.22070312
1977.18664551
1976.45495605
1978.62414551
1981.43017578
1983.88208008
1985.45849609
1986.55041504
1990.41540527
1991.46179199
1994.48010254
1997.28369141
1999.00500488
1999.97595215
2003.13879395
2006.08557129
2008.0291748
2009.20031738
2010.14624023
2011.62634277
2012.8651123
2015.05273438
2017.3314209
2019.62939453
2021.81506348
2024.01745605
2026.87145996
2029.69213867
2032.32763672
2034.77307129
2036.60046387
2036.96374512
2037.10668945
2037.1451416
2037.12341309
2037.08642578
2036.95507812
2036.37756348
2032.48291016
2028.28027344
2031.88903809
2034.63586426
2034.2310791
2032.21777344
2030.6060791
2028.53320312
2027.8692627
2028.19152832
2027.80065918
2028.0378418
2030.24328613
2030.70983887
2030.79272461
2033.82885742
2035.85522461
2036.80786133
2038.24731445
2040.49731445
2039.54919434
2039.06835938
2043.45336914
2050.42211914
2051.33447266
2052.83081055
2053.61279297
2052.73217773
2051.91967773
2051.27392578
2052.23852539
2053.57226562
2054.80615234
2056.55566406
2058.48608398
2062.09716797
2063.3737793
2063.30957031
2063.57055664
2063.97436523
2063.89306641
2063.65527344
2063.60839844
2063.62768555
2064.56005859
2065.64672852
2066.93603516
2068.6640625
2069.77978516
2071.53491211
2071.83325195
2072.11352539
2074.40917969
2076.33935547
2078.6027832
2080.35400391
2081.56982422
2081.82519531
2080.74853516
2078.40698242
2078.18896484
2080.13696289
2080.99682617
2081.0144043
2083.01733398
2085.51635742
2087.03491211
2091.08374023
2092.64794922
2092.58959961
2092.12841797
2091.78759766
2092.89208984
2097.11499023
2098.8269043
2100.19116211
2100.99682617
2100.88330078
2100.10009766
2100.60961914
2102.11157227
2106.76074219
2110.84594727
2111.22216797
2110.8359375
2110.62402344
2111.0847168
2112.41674805
2113.8425293
2115.26025391
2116.75415039
2118.98486328
2122.68432617
2123.02880859
2123.0690918
2123.88061523
2125.82446289
2128.10913086
2129.76977539
2130.87109375
2133.89746094
2136.67675781
2136.87817383
2138.10693359
2139.60205078
2141.31884766
2143.42749023
2144.76147461
2145.5847168
2146.76147461
2149.45800781
2151.67260742
2153.87402344
2155.90673828
2157.37133789
2158.62792969
2162.52856445
2165.65917969
2168.6015625
2170.02172852
2170.46777344
2170.43579102
2174.21972656
2174.9206543
2174.94287109
2174.85449219
2175.21240234
2175.60888672
2175.82397461
2176.15332031
2176.90429688
2177.85986328
2178.93579102
2180.08764648
2181.09863281
2182.04736328
2183.27392578
2184.86621094
2186.22827148
2187.47509766
2188.82763672
2190.4777832
2191.85375977
2192.91210938
2193.70996094
2194.2956543
2194.77270508
2195.12255859
2195.38891602
2195.70947266
2195.94824219
2195.89770508
2195.64111328
2195.18798828
2194.98388672
2196.09716797
2199.17504883
2202.6706543
2204.50024414
2204.96386719
2204.60668945
2203.36791992
2202.296875
2202.1887207
2203.32055664
2204.31176758
2204.82592773
2204.71704102
2205.00952148
2205.41992188
2206.03027344
2207.02880859
2209.32592773
2212.29492188
2214.08642578
2215.17749023
2215.83349609
2216.29174805
2216.54467773
2216.66748047
2216.76953125
2216.77880859
2216.86523438
2217.26733398
2217.91235352
2218.42358398
2218.86669922
2219.52172852
2221.1965332
2223.01318359
2224.12231445
2224.98706055
2226.09106445
2227.08081055
2227.80908203
2229.13818359
2230.23022461
2231.23535156
2232.72949219
2234.47949219
2235.93774414
2236.63476562
2237.74609375
2239.12792969
2239.87060547
2240.44311523
2241.0390625
2241.80541992
2243.34448242
2245.21411133
2246.13476562
2245.82397461
2245.76855469
2246.60131836
2247.4362793
2248.74853516
2250.23999023
2251.6015625
2252.52197266
2253.00585938
2253.54980469
2253.68041992
2253.83081055
2254.22509766
2254.21704102
2254.29614258
2254.60351562
2254.97021484
2255.38623047
2256.17382812
2258.96166992
2261.62304688
2263.33959961
2264.97314453
2266.02490234
2266.61987305
2267.1315918
2267.42333984
2267.38574219
2267.6003418
2267.53637695
2267.41455078
2267.66552734
2268.83520508
2269.90551758
2271.25683594
2273.04614258
2274.85913086
2276.20751953
2277.97070312
2278.82788086
2279.39746094
2279.8840332
2280.11914062
2279.87280273
2280.44970703
2283.30615234
2285.31811523
2286.50952148
2287.77075195
2288.53125
2286.96069336
2285.91601562
2286.87866211
2288.84301758
2290.34472656
2290.60229492
2290.82983398
2293.6706543
2297.78662109
2298.5690918
2298.57397461
2299.14624023
2299.69067383
2300.47387695
2301.51293945
2302.59033203
2302.61547852
2303.08789062
2303.1003418
2302.77783203
2302.84106445
2303.89599609
2307.47509766
2309.92016602
2310.80102539
2311.11499023
2311.79101562
2312.77685547
2312.78369141
2312.07495117
2312.15234375
2312.5234375
2313.74414062
2314.37426758
2314.52587891
2315.09375
2315.72729492
2316.34399414
2318.71289062
2321.90209961
2323.22412109
2325.13671875
2326.95019531
2328.09033203
2328.37792969
2328.05151367
2327.67285156
2327.58520508
2328.01269531
2329.54980469
2332.54882812
2333.41503906
2333.41796875
2333.94384766
2335.62353516
2337.91479492
2340.10522461
2341.9309082
2342.36523438
2343.81689453
2346.19384766
2348.51074219
2350.32495117
2352.09692383
2354.9987793
2357.77124023
2359.78320312
2361.14550781
2362.1472168
2362.75341797
2363.08422852
2363.43652344
2364.43261719
2366.61962891
2368.89868164
2370.10351562
2370.93579102
2371.74780273
2372.91210938
2374.28955078
2375.88598633
2377.73364258
2380.34521484
2383.96826172
2385.21826172
2386.0546875
2386.52587891
2386.36621094
2386.87646484
2387.63208008
2388.09521484
2389.27709961
2391.45654297
2392.44067383
2393.12084961
2394.11157227
2394.89672852
2396.04711914
2397.51416016
2398.57275391
2399.61328125
2397.9855957
2398.87817383
2401.83642578
2406.19482422
2407.85522461
2408.54248047
2409.31933594
2409.91479492
2410.39208984
2411.33911133
2422.45629883
2421.82836914
2421.08789062
2420.68652344
2421.23095703
2421.33691406
2420.74951172
2420.45385742
2421.72998047
2426.43554688
2429.19335938
2430.83081055
2429.95263672
2428.98413086
2428.55224609
2428.20751953
2428.78881836
2430.05566406
2432.03076172
2432.98022461
2433.64575195
2434.66015625
2436.54394531
2439.66992188
2442.41967773
2444.09057617
2444.37744141
2444.42944336
2444.32006836
2445.50097656
2446.52539062
2447.16699219
2449.08813477
2453.8425293
2457.24389648
2458.46484375
2458.50683594
2458.296875
2457.05322266
2455.63061523
2455.05224609
2455.03173828
2455.265625
2456.23535156
2457.40844727
2459.00561523
2462.38232422
2465.36572266
2467.21118164
2467.30175781
2467.73632812
2468.70922852
2468.38647461
2467.8449707
2468.27392578
2468.60375977
2469.8840332
2472.11450195
2475.62451172
2478.18212891
2478.9140625
2478.734375
2479.11083984
2480.06152344
2481.47729492
2484.22753906
2487.3046875
2489.08666992
2489.52490234
2489.78808594
2490.09057617
2490.48242188
2490.79467773
2491.14648438
2491.57250977
2492.56396484
2493.6237793
2494.52587891
2495.43725586
2496.63623047
2497.62011719
2498.14404297
2498.24682617
2498.43188477
2499.33935547
2500.46289062
2501.14355469
2502.36767578
2503.47851562
2504.03613281
2504.49365234
2504.64624023
2504.80615234
2505.14624023
2505.46240234
2505.58642578
2505.93261719
2506.51318359
2507.18237305
2507.84179688
2508.67797852
2509.37451172
2509.85986328
2510.35498047
2510.71459961
2510.75927734
2510.78833008
2510.88549805
2511.08642578
2511.24047852
2511.35742188
2512.14282227
2513.55102539
2513.90600586
2514.32763672
2514.37255859
2514.56103516
2515.04663086
2514.96337891
2515.12402344
2515.60888672
2516.67773438
2518.07568359
2519.39794922
2520.72387695
2521.81811523
2523.54443359
2524.91967773
2525.0925293
2524.92407227
2525.25341797
2525.7199707
2525.96191406
2526.09692383
2526.5
2526.88867188
2527.27368164
2527.63842773
2527.93310547
2528.15991211
2528.55883789
2529.11035156
2529.52001953
2529.46948242
2529.45996094
2529.57177734
2529.83789062
2530.11767578
2530.05834961
2530.06787109
2529.75976562
2529.76293945
2530.11206055
2530.41552734
2530.69726562
2530.96459961
2531.23168945
2531.76611328
2532.37255859
2533.08349609
2533.75170898
2534.14819336
2534.45629883
2534.75463867
2534.99462891
2535.10205078
2535.06762695
2534.95629883
2534.8515625
2534.81494141
2534.91992188
2535.20751953
2535.78320312
2536.66357422
2537.77441406
2538.94946289
2540.18334961
2541.38525391
2542.76025391
2544.12158203
2545.16992188
2545.69750977
2546.97802734
2548.16772461
2549.4519043
2551.54980469
2554.7824707
2556.6159668
2557.35375977
2557.35253906
2555.62133789
2553.24902344
2551.61645508
2549.85791016
2548.80249023
2548.70922852
2548.72900391
2548.6953125
2549.4440918
2551.11376953
2551.93554688
2552.01074219
2552.27099609
2553.31640625
2554.04077148
2554.51269531
2554.90429688
2555.30712891
2555.78808594
2556.28564453
2556.79345703
2557.30932617
2557.81469727
2558.34643555
2558.84619141
2559.37084961
2559.94091797
2560.56933594
2561.41333008
2562.69897461
2563.67797852
2564.88745117
2566.11499023
2567.34130859
2568.54321289
2569.64746094
2570.57788086
2571.39111328
2572.10327148
2572.8347168
2573.91064453
2575.85595703
2578.97924805
2581.63427734
2582.96850586
2583.58959961
2583.89013672
2584.07543945
2584.23681641
2584.4128418
2584.54589844
2584.67138672
2584.75170898
2584.88696289
2584.96386719
2585.02807617
2585.72631836
2586.78173828
2586.94726562
2586.62133789
2596.04956055
2595.97753906
2596.24731445
2596.47509766
2600.2800293
2601.828125
2602.82080078
2604.51733398
2605.47216797
2605.8659668
2607.30688477
2612.57543945
2613.57495117
2614.03100586
2614.50927734
2614.17260742
2615.29296875
2618.03881836
2619.27587891
2620.35571289
2623.55737305
2626.86230469
2628.17529297
2629.67480469
2630.08105469
2628.81420898
2629.7956543
2632.52099609
2632.73291016
2632.83398438
2633.40844727
2636.88452148
2639.94189453
2642.68115234
2644.23144531
2643.94433594
2643.28979492
2642.78173828
2642.64331055
2643.38989258
2645.37182617
2646.00585938
2645.80664062
2648.55371094
2650.29858398
2651.40283203
2652.37475586
2655.02709961
2655.50830078
2655.06030273
2655.03198242
2656.18994141
2656.86083984
2657.05737305
2657.59960938
2658.44995117
2661.0793457
2662.53198242
2663.08618164
2663.65478516
2664.63916016
2666.48510742
2668.58837891
2669.26464844
2669.83520508
2670.31811523
2670.77026367
2675.01635742
2675.5769043
2676.43554688
2677.84716797
2679.26782227
2679.81420898
2680.51904297
2680.6105957
2681.45043945
2681.87719727
2682.52026367
2685.34814453
2686.91821289
2687.38452148
2688.62817383
2691.15527344
2692.68969727
2692.75463867
2692.67041016
2692.30541992
2691.89428711
2692.54833984
2693.08544922
2693.26879883
2694.19042969
2694.31518555
2696.26196289
2699.63134766
2700.90820312
2700.49731445
2700.02978516
2700.42480469
2702.42138672
2704.31713867
2704.68994141
2704.24194336
2704.79785156
2706.42456055
2707.33862305
2707.0859375
2709.51342773
2710.53271484
2710.93139648
2712.43823242
2714.03833008
2715.49316406
2718.3425293
2719.49121094
2719.18139648
2718.85180664
2718.82226562
2720.03027344
2721.42504883
2722.5480957
2723.0144043
2725.00634766
2728.75512695
2731.109375
2729.35327148
2729.50048828
2729.29321289
2730.12353516
2729.74536133
2730.36328125
2731.44995117
2734.62841797
2738.5234375
2737.49682617
2737.02026367
2738.07324219
2738.23779297
2740.94165039
2741.92895508
2743.05322266
2743.3269043
2744.26391602
2745.82666016
2748.36376953
2750.34887695
2751.80175781
2754.71923828
2757.26416016
2761.10766602
2763.27734375
2763.73852539
2763.5324707
2763.59277344
2763.68359375
2763.85058594
2763.74072266
2762.66259766
2762.46557617
2762.20361328
2762.04956055
2761.94238281
2761.02612305
2759.12207031
2757.80834961
2756.72753906
2754.99023438
2753.65576172
2752.93457031
2752.22216797
2751.23461914
2749.41503906
2747.42919922
2748.61645508
2749.94775391
2751.78222656
2753.15356445
2754.29614258
2754.95336914
2755.64208984
2756.75024414
2757.8737793
2758.95263672
2760.47045898
2761.53930664
2761.671875
2761.77685547
2762.29516602
2762.47680664
2763.93896484
2764.35888672
2764.43579102
2764.34887695
2765.03540039
2765.81591797
2766.24560547
2766.66601562
2767.24682617
2768.0
2768.80688477
2770.12329102
2770.26879883
2770.35668945
2770.41064453
2770.50805664
2770.07666016
2769.49462891
2770.25878906
2770.85058594
2770.86450195
2770.74462891
2770.38354492
2770.35107422
2770.41772461
2770.34423828
2769.72802734
2768.69848633
2768.66137695
2768.73071289
2768.75683594
2768.61035156
2768.41674805
2768.67675781
2768.41455078
2768.47387695
2768.42529297
2768.57348633
2768.65283203
2768.53613281
2768.05078125
2767.51928711
2767.41796875
2767.66699219
2768.42016602
2768.78540039
2768.78466797
2769.09375
2769.53149414
2769.58129883
2769.65039062
2769.47485352
2768.74169922
2768.72802734
2768.61645508
2768.51123047
2768.37695312
2768.02709961
2767.36743164
2765.81054688
2764.83447266
2762.96264648
2761.64819336
2760.36914062
2759.61206055
2757.08862305
2755.33813477
2755.03149414
2754.46142578
2754.01586914
2753.19848633
2751.25561523
2750.53173828
2750.68359375
2749.88867188
2750.18041992
2749.62719727
2749.23413086
2749.39697266
2749.86889648
2750.54956055
2749.51806641
2745.77441406
2744.01586914
2742.49072266
2741.41894531
2741.20092773
2741.34472656
2741.68310547
2741.33032227
2738.81396484
2738.07055664
2738.12182617
2737.96899414
2737.03979492
2736.47119141
2736.69433594
2735.73486328
2732.58642578
2731.92553711
2731.10742188
2730.65917969
2731.0378418
2730.98510742
2729.99145508
2728.17626953
2726.22631836
2725.28881836
2723.85400391
2722.63476562
2721.17797852
2720.62988281
2719.80297852
2719.1965332
2718.61621094
2718.53173828
2717.77539062
2716.01733398
2714.51489258
2713.45947266
2711.90356445
2710.85620117
2710.13891602
2709.52709961
2709.45751953
2707.30249023
2707.04077148
2707.39086914
2708.07397461
2710.08154297
2711.38867188
2711.24438477
2710.78881836
2710.35620117
2707.74584961
2702.61547852
2702.33813477
2703.1940918
2701.00488281
2699.54882812
2699.66210938
2700.8034668
2701.86889648
2700.95385742
2699.02075195
2694.64501953
2692.578125
2693.66455078
2694.89355469
2695.42602539
2695.53051758
2690.92919922
2689.74633789
2688.43017578
2684.45654297
2683.42480469
2683.08789062
2681.71508789
2680.32885742
2678.82983398
2676.84912109
2675.65673828
2676.06274414
2675.54785156
2674.25366211
2673.08666992
2670.67651367
2669.67871094
2669.00415039
2668.22753906
2667.34350586
2666.71044922
2665.93457031
2664.98461914
2664.10888672
2663.90844727
2664.54931641
2665.61499023
2665.30810547
2661.98803711
2659.47924805
2658.67089844
2663.48974609
2665.90917969
2662.32861328
2661.07519531
2661.1184082
2661.37573242
2662.23022461
2664.93286133
2667.80541992
2668.88012695
2668.68041992
2666.32885742
2660.6027832
2664.43408203
2668.7644043
2672.18017578
2676.51538086
2680.88671875
2685.12963867
2687.73364258
2690.14746094
2692.0715332
2693.61132812
2694.01269531
2695.36499023
2697.26074219
2698.3828125
2699.60375977
2701.85571289
2704.50488281
2706.12890625
2706.55078125
2707.99609375
2708.05883789
2706.4987793
2704.23339844
2702.0715332
2699.58178711
2696.97558594
2694.78051758
2692.70263672
2690.66015625
2689.69555664
2688.76953125
2687.72338867
2686.59350586
2685.26123047
2684.15673828
2683.52734375
2682.51123047
2681.08349609
2679.29638672
2678.69750977
2678.45947266
2678.2512207
2677.32910156
2675.2421875
2673.72631836
2672.14648438
2670.73706055
2669.09545898
2667.97045898
2666.94921875
2665.51733398
2663.27026367
2661.11572266
2660.03222656
2658.67016602
2657.07788086
2656.56201172
2655.94702148
2654.26904297
2652.13427734
2653.14697266
2654.69042969
2653.00244141
2650.97119141
2650.51586914
2651.06884766
2651.56811523
2651.44458008
2651.15136719
2650.86352539
2649.7097168
2646.50732422
2646.00268555
2645.74536133
2644.78369141
2644.40356445
2644.07592773
2643.33032227
2641.44946289
2639.22973633
2638.29882812
2637.10864258
2635.94360352
2633.47485352
2630.39331055
2634.99658203
2635.98486328
2636.33056641
2637.08959961
2637.79785156
2637.98657227
2637.28125
2637.01489258
2636.50927734
2636.26660156
2635.12670898
2633.64526367
2633.35620117
2633.0065918
2632.44067383
2631.70727539
2631.05981445
2630.58081055
2630.35473633
2630.36303711
2630.43994141
2630.42700195
2630.32495117
2630.27587891
2630.40283203
2630.58496094
2630.74121094
2631.3737793
2632.41674805
2632.30737305
2631.73608398
2629.40112305
2626.87792969
2623.74389648
2620.66577148
2617.47143555
2613.7824707
2610.87939453
2607.85058594
2605.78979492
2603.09716797
2600.27319336
2596.4050293
2595.29125977
2593.64501953
2589.93017578
2588.1472168
2586.95751953
2585.07104492
2583.41601562
2582.84057617
2581.03710938
2578.98583984
2576.43261719
2575.44213867
2580.14331055
2583.06518555
2586.02856445
2585.35522461
2580.50610352
2580.42602539
2581.93603516
2584.19873047
2586.19165039
2586.5078125
2586.76000977
2588.20825195
2590.19091797
2590.76367188
2589.78833008
2587.53442383
2586.84985352
2586.80834961
2582.01098633
2580.12329102
2580.58178711
2581.35693359
2581.92553711
2581.61938477
2580.85693359
2580.3605957
2580.07055664
2578.13549805
2574.75561523
2574.42016602
2574.18408203
2573.78100586
2570.68432617
2569.27832031
2566.58618164
2564.85546875
2562.69140625
2556.99853516
2557.60351562
2557.99169922
2556.83984375
2555.24853516
2554.18725586
2550.94970703
2548.98266602
2546.09814453
2544.65478516
2544.16430664
2545.23706055
2546.00170898
2546.21142578
2545.96044922
2545.91235352
2545.56616211
2544.80371094
2543.62695312
2539.7199707
2536.66333008
2536.45092773
2538.12036133
2538.49023438
2538.43188477
2537.78320312
2536.41772461
2533.31054688
2530.17993164
2527.2800293
2525.29907227
2525.80566406
2527.08154297
2528.17773438
2529.56884766
2530.63134766
2532.03930664
2532.05029297
2530.83251953
2530.67749023
2529.49511719
2528.27197266
2526.42407227
2524.18945312
2523.16357422
2522.72143555
2522.61425781
2522.72900391
2522.76098633
2522.27514648
2521.30078125
2520.12084961
2518.35913086
2515.32421875
2512.10717773
2513.44360352
2513.71069336
2513.46459961
2512.24755859
2511.06396484
2510.02783203
2509.13549805
2508.1418457
2507.01635742
2505.50341797
2504.39746094
2502.83154297
2500.84326172
2500.12304688
2498.44824219
2496.64453125
2495.99194336
2494.43847656
2491.51904297
2488.35058594
2483.39819336
2482.3815918
2483.0402832
2484.08496094
2484.45605469
2484.12036133
2482.45019531
2481.7824707
2481.06567383
2478.74047852
2477.78662109
2477.47167969
2476.32226562
2474.86279297
2473.5168457
2470.37402344
2468.77319336
2467.26293945
2466.03320312
2466.97705078
2467.21875
2466.92993164
2466.15795898
2464.45654297
2463.25976562
2461.96459961
2458.03930664
2457.15405273
2456.21166992
2452.52148438
2450.64916992
2449.03637695
2447.55053711
2447.40649414
2447.71557617
2447.95654297
2448.17114258
2448.49658203
2448.57202148
2448.41992188
2448.125
2447.53857422
2447.23803711
2446.86621094
2446.44018555
2445.10888672
2443.04150391
2440.78662109
2438.70068359
2436.91699219
2435.14868164
2434.47192383
2434.77880859
2434.65722656
2434.20239258
2433.92236328
2433.97363281
2434.00170898
2434.2956543
2434.53393555
2434.64794922
2434.49804688
2434.10644531
2433.32568359
2432.01196289
2430.61206055
2429.52075195
2428.78613281
2427.68823242
2426.42456055
2424.69726562
2421.94750977
2420.71704102
2420.46411133
2419.8137207
2419.22387695
2418.42578125
2417.61889648
2416.83935547
2415.85009766
2414.68994141
2413.55908203
2412.48095703
2411.35913086
2410.43603516
2409.796875
2409.11206055
2407.72241211
2406.97558594
2405.75048828
2404.23779297
2402.73364258
2401.71972656
2400.81494141
2399.88647461
2399.30541992
2398.00561523
2397.49121094
2397.80249023
2401.09179688
2400.96484375
2399.96069336
2399.39648438
2400.53857422
2401.65966797
2402.37426758
2403.234375
2403.17285156
2402.50366211
2402.1003418
2402.40478516
2402.46142578
2402.43310547
2402.98461914
2403.90429688
2403.99584961
2404.09887695
2404.20654297
2404.31738281
2404.42749023
2404.52929688
2404.60986328
2404.66162109
2404.69067383
2404.70263672
2404.69946289
2404.68261719
2404.65551758
2404.63964844
2404.62670898
2404.6184082
2404.62182617
2404.62084961
2404.62182617
2404.6081543
2404.5793457
2404.53857422
2404.4921875
2404.44238281
2404.39086914
2404.34008789
2404.2902832
2404.24365234
2404.19921875
2404.15039062
2404.09301758
2404.02368164
2403.94360352
2403.84155273
2403.74316406
2403.65014648
2403.5703125
2403.51513672
2403.45019531
2403.35571289
2403.20141602
2402.98071289
2402.71264648
2402.43457031
2402.14624023
2401.79736328
2401.33276367
2400.74169922
2400.03198242
2399.41894531
2398.98803711
2398.66430664
2398.3737793
2398.0949707
2397.87768555
2397.67456055
2397.64916992
2397.95825195
2398.65405273
2399.62670898
2400.61767578
2401.55957031
2402.42871094
2403.18310547
2403.73510742
2404.13476562
2404.40771484
2404.53540039
2404.5390625
2404.50537109
2404.43554688
2404.35913086
2404.28100586
2404.19750977
2404.09399414
2403.95703125
2403.82543945
2403.71704102
2403.6328125
2403.56738281
2403.53662109
2403.54516602
2403.57104492
2403.59643555
2403.63232422
2403.72216797
2403.86669922
2403.96069336
2404.02734375
2404.10253906
2404.2121582
2404.36010742
2404.53955078
2404.73339844
2404.92675781
2405.09399414
2405.22241211
2405.36914062
2405.5065918
2405.63061523
2405.74829102
2405.83154297
2405.95117188
2406.07836914
2406.17675781
2406.21704102
2406.23657227
2406.23730469
2406.2578125
2406.28662109
2406.29418945
2406.2734375
2406.27856445
2406.25634766
2406.19580078
2406.10546875
2405.98144531
2405.8503418
2405.68188477
2405.47436523
2405.27319336
2405.09204102
2404.88647461
2404.68481445
2404.47021484
2404.22949219
2403.98339844
2403.8684082
2403.82080078
2403.42041016
2402.41308594
2400.86425781
2399.58740234
2399.47314453
2399.74853516
2400.36816406
2401.30297852
2402.35131836
2402.92089844
2403.21948242
2403.38745117
2403.50561523
2403.60961914
2403.72705078
2403.83789062
2403.94018555
2404.03393555
2404.12524414
2404.24536133
2404.34912109
2404.47998047
2404.61157227
2404.70117188
2404.71801758
2404.76342773
2404.80761719
2404.87304688
2404.9453125
2404.99633789
2405.05322266
2405.12011719
2405.20947266
2405.32055664
2405.44970703
2405.55639648
2405.67993164
2405.80639648
2405.91845703
2406.02539062
2406.17944336
2406.29736328
2406.42016602
2406.55786133
2406.703125
2406.83911133
2406.98999023
2407.1418457
2407.28491211
2407.4128418
2407.52856445
2407.63867188
2407.74023438
2407.83862305
2407.92895508
2408.015625
2408.12329102
2408.23193359
2408.35693359
2408.49780273
2408.65942383
2408.87670898
2409.10546875
2409.2878418
2409.41943359
2409.49853516
2409.5390625
2409.5793457
2409.62329102
2409.6652832
2409.70385742
2409.73901367
2409.78710938
2409.81323242
2409.81958008
2409.83935547
2409.88061523
2409.87866211
2409.90673828
2409.94897461
2409.99047852
2410.0402832
2410.12792969
2410.24536133
2410.37915039
2410.51831055
2410.66577148
2410.8190918
2410.97143555
2411.12963867
2411.28271484
2411.43139648
2411.60375977
2411.77807617
2411.94750977
2412.10742188
2412.26098633
2412.43383789
2412.60766602
2412.7902832
2412.98632812
2413.19091797
2413.40527344
2413.62744141
2413.88964844
2414.25512695
2414.71972656
2415.19848633
2415.42773438
2415.52099609
2415.62280273
2415.76342773
2415.95336914
2416.18359375
2416.39404297
2416.62133789
2416.84545898
2417.03662109
2417.17724609
2417.29931641
