1102.77270508
1102.75744629
1102.76196289
1102.81555176
1102.89953613
1102.95690918
1102.96948242
1102.93127441
1102.88378906
1102.81213379
1102.72021484
1102.5916748
1102.44018555
1102.30310059
1102.1796875
1102.09399414
1102.05285645
1102.02294922
1101.94934082
1101.82470703
1101.6986084
1101.63085938
1101.66259766
1101.7286377
1101.75720215
1101.72131348
1101.65246582
1101.54296875
1101.43530273
1101.31604004
1101.23217773
1101.19396973
1101.1965332
1101.15771484
1100.95080566
1100.84521484
1099.85656738
1098.50061035
1097.89453125
1098.77246094
1100.25
1100.82580566
1100.88366699
1100.88989258
1100.92614746
1101.28845215
1101.60620117
1101.85693359
1102.0892334
1102.32727051
1102.58557129
1102.86132812
1103.17358398
1103.55444336
1103.953125
1105.77648926
1107.33276367
1109.2512207
1110.15258789
1110.42346191
1110.03405762
1109.80212402
1109.08764648
1108.66271973
1108.65332031
1108.6685791
1108.46899414
1108.30957031
1107.96203613
1107.13891602
1106.78393555
1106.59716797
1106.35131836
1106.11450195
1106.00366211
1105.95581055
1105.9901123
1106.00036621
1105.99121094
1106.02539062
1106.01501465
1106.0267334
1106.02661133
1106.01159668
1106.02624512
1106.02966309
1106.02807617
1106.05834961
1106.1328125
1106.2677002
1106.4954834
1106.77893066
1107.16687012
1107.41027832
1107.4083252
1107.60241699
1108.21630859
1109.94458008
1107.06945801
1108.24951172
1109.3236084
1110.11804199
1110.06726074
1109.70166016
1110.02856445
1109.69580078
1109.67126465
1109.68933105
1109.67736816
1109.66809082
1109.66479492
1109.61169434
1109.5098877
1109.40246582
1109.33276367
1109.23864746
1109.18347168
1109.22705078
1109.26452637
1109.37939453
1109.56860352
1109.84228516
1110.06420898
1110.23413086
1110.23876953
1110.33581543
1110.55053711
1110.7598877
1110.95153809
1111.14624023
1111.33312988
1111.51086426
1111.69067383
1111.81640625
1111.90527344
1111.95788574
1111.9979248
1112.04150391
1112.10449219
1112.1953125
1112.29138184
1112.40258789
1112.47277832
1112.54492188
1112.61901855
1112.71008301
1112.80444336
1112.87805176
1112.89086914
1112.8626709
1112.83227539
1112.82885742
1112.84057617
1112.90759277
1113.0612793
1113.29699707
1113.33532715
1113.41259766
1113.45007324
1113.57971191
1113.71386719
1113.96252441
1114.23864746
1114.54199219
1114.79760742
1115.01196289
1115.23059082
1115.47460938
1115.80773926
1116.16369629
1116.36865234
1116.56872559
1116.74768066
1116.93469238
1117.11816406
1117.33007812
1117.57128906
1117.86987305
1118.24829102
1118.78503418
1119.14440918
1119.16125488
1119.28881836
1120.19104004
1121.71398926
1122.26452637
1123.58312988
1125.16113281
1126.47802734
1128.01647949
1129.33154297
1130.6739502
1131.5769043
1132.31311035
1133.10205078
1133.9642334
1134.65087891
1135.17687988
1135.74829102
1136.23547363
1136.57824707
1137.04211426
1137.57165527
1137.83679199
1137.67626953
1137.04943848
1136.54309082
1135.91687012
1135.21313477
1134.49206543
1134.07885742
1134.0177002
1134.10864258
1133.87304688
1133.421875
1132.98620605
1133.4453125
1134.6472168
1135.94921875
1137.45532227
1138.94763184
1140.04248047
1140.61254883
1139.9552002
1138.61877441
1137.14697266
1135.41369629
1133.92089844
1132.60791016
1131.1282959
1130.22265625
1129.95910645
1130.57434082
1131.51599121
1132.71411133
1134.04309082
1134.99890137
1135.77600098
1136.61462402
1137.40112305
1138.48510742
1139.6003418
1140.85498047
1142.03894043
1143.078125
1144.52416992
1145.66003418
1146.43249512
1147.37475586
1148.19128418
1148.67553711
1146.11157227
1145.2467041
1145.15771484
1146.62792969
1150.15209961
1152.73083496
1153.48144531
1153.06518555
1151.73596191
1151.23217773
1151.06799316
1150.4588623
1150.53320312
1151.43688965
1152.93212891
1152.72265625
1151.86340332
1153.53173828
1150.58666992
1146.97912598
1143.07202148
1142.28625488
1144.78271484
1145.0423584
1144.44311523
1141.87780762
1144.41223145
1147.52197266
1151.3449707
1154.3782959
1157.50927734
1160.30273438
1162.18908691
1163.02490234
1162.54272461
1161.32556152
1160.34240723
1158.88415527
1155.8572998
1153.17944336
1154.83435059
1156.80151367
1158.6204834
1160.32507324
1161.97216797
1163.46728516
1165.07641602
1166.98876953
1168.53552246
1169.27990723
1170.02197266
1170.65454102
1170.82275391
1171.12744141
1170.22912598
1167.83251953
1164.72802734
1161.53308105
1159.72229004
1159.34875488
1159.00061035
1159.74145508
1162.86657715
1165.92773438
1165.4708252
1165.37475586
1165.16564941
1165.41687012
1166.33178711
1167.734375
1167.51135254
1165.99609375
1164.43737793
1163.04125977
1161.04846191
1159.13684082
1160.74707031
1161.61413574
1160.02331543
1160.72363281
1162.86486816
1165.21118164
1166.92138672
1168.18566895
1168.84777832
1169.62487793
1170.30993652
1170.86486816
1170.44494629
1169.8503418
1169.41589355
1169.52294922
1170.98498535
1170.9621582
1173.91491699
1174.08862305
1174.15100098
1175.17834473
1177.1003418
1177.17053223
1177.58935547
1178.4909668
1179.01342773
1179.45739746
1179.82177734
1180.47668457
1181.76708984
1182.75366211
1183.2076416
1183.36865234
1184.07580566
1184.95605469
1185.70336914
1186.2376709
1188.28881836
1189.34936523
1191.75305176
1192.37854004
1194.33105469
1195.38793945
1195.66931152
1195.99584961
1196.25402832
1196.50817871
1196.80627441
1197.04797363
1197.14038086
1197.1114502
1197.26269531
1197.95349121
1198.28527832
1198.45129395
1199.02685547
1199.47192383
1199.06201172
1198.90100098
1198.81994629
1198.68640137
1198.32470703
1197.74157715
1197.07580566
1196.18347168
1195.41650391
1194.20056152
1192.86096191
1191.3203125
1189.57067871
1188.81115723
1187.66357422
1186.39135742
1184.48840332
1183.22595215
1183.25598145
1184.31811523
1187.98095703
1189.13500977
1190.08093262
1191.16308594
1192.25061035
1192.2520752
1191.59838867
1190.22460938
1189.39379883
1189.31433105
1187.8260498
1184.07678223
1182.43701172
1180.17785645
1180.20935059
1180.16943359
1180.16918945
1179.95275879
1182.47949219
1183.24902344
1187.484375
1189.28308105
1190.28039551
1189.55981445
1189.30932617
1189.33117676
1189.30908203
1189.31201172
1189.1505127
1186.3729248
1185.06298828
1185.01428223
1186.46313477
1187.53271484
1189.41772461
1191.11035156
1192.11682129
1190.92724609
1189.60583496
1188.62011719
1189.60498047
1190.17248535
1189.78979492
1188.69592285
1188.12841797
1187.37353516
1186.74743652
1186.98547363
1189.14501953
1189.35095215
1188.75976562
1188.57141113
1188.33056641
1188.03173828
1187.95568848
1187.94848633
1187.88684082
1187.8840332
1187.83044434
1187.82922363
1187.72766113
1187.5904541
1187.41894531
1187.24450684
1187.28430176
1187.50585938
1187.69885254
1187.84692383
1187.97460938
1188.07080078
1188.16394043
1188.3885498
1188.79858398
1189.30566406
1190.10620117
1190.83569336
1191.18859863
1191.31982422
1191.33166504
1191.24279785
1191.1751709
1191.20666504
1191.4519043
1192.35375977
1193.03234863
1193.37854004
1193.47912598
1193.46472168
1193.38500977
1193.2800293
1193.32629395
1193.21435547
1191.56408691
1186.23681641
1187.27148438
1185.75817871
1189.1328125
1187.29602051
1187.08239746
1187.13256836
1187.19372559
1187.06958008
1186.85351562
1186.75280762
1186.80102539
1186.9107666
1187.01855469
1187.12524414
1187.22375488
1187.3190918
1187.3651123
1187.23681641
1187.08666992
1186.92919922
1186.80041504
1186.70300293
1186.75854492
1186.8626709
1186.95007324
1187.03833008
1187.14758301
1187.27709961
1187.4095459
1187.52770996
1187.5769043
1187.59716797
1187.57128906
1187.54382324
1187.56262207
1187.73876953
1187.93005371
1188.11633301
1188.30883789
1188.49938965
1188.69714355
1188.89978027
1189.06677246
1189.24255371
1189.39758301
1189.6114502
1189.85009766
1190.08227539
1190.33105469
1190.65270996
1191.09313965
1191.66687012
1192.26257324
1192.45483398
1195.53845215
1196.35766602
1191.98132324
1198.25952148
1197.58007812
1193.27038574
1192.49108887
1192.03308105
1191.69519043
1191.71533203
1191.86584473
1192.03430176
1192.13500977
1192.23986816
1192.3359375
1192.38415527
1192.38952637
1192.39550781
1192.42504883
1192.66186523
1192.90307617
1193.1574707
1193.39770508
1193.64440918
1193.88684082
1194.13269043
1194.37866211
1194.62426758
1194.87023926
1195.11633301
1195.35900879
1195.48352051
1195.62304688
1195.7232666
1195.83374023
1195.97460938
1196.10510254
1196.23352051
1196.36022949
1196.4675293
1196.57556152
1196.69836426
1196.84069824
1197.00585938
1197.18395996
1197.33007812
1197.50317383
1197.65380859
1197.81005859
1197.98132324
1198.42077637
1198.44726562
1198.45019531
1198.55969238
1198.77844238
1198.94946289
1199.07702637
1199.20898438
1199.35046387
1199.48303223
1199.61499023
1199.74389648
1199.88354492
1200.05883789
1200.28857422
1200.5916748
1200.96386719
1201.40783691
1201.49499512
1201.5480957
1201.5769043
1201.61901855
1201.64331055
1201.62341309
1201.62084961
1201.61279297
1201.57666016
1201.54321289
1201.5345459
1201.55944824
1201.6307373
1201.71777344
1201.84509277
1202.25073242
1202.99890137
1203.61352539
1203.9251709
1204.07556152
1204.16186523
1204.22033691
1204.26220703
1204.29919434
1204.31091309
1204.31530762
1204.32849121
1204.35412598
1204.38305664
1204.41516113
1204.45739746
1204.50646973
1204.54345703
1204.5435791
1204.53747559
1204.55493164
1206.33532715
1206.99658203
1207.53161621
1207.5435791
1210.43041992
1214.1081543
1216.99743652
1216.7644043
1216.19433594
1215.97888184
1214.27172852
1212.13232422
1210.28186035
1208.37548828
1209.75952148
1212.5012207
1215.35083008
1217.95043945
1220.4276123
1222.38867188
1221.81054688
1220.88745117
1219.91845703
1219.9140625
1220.54956055
1219.8873291
1220.94287109
1221.9342041
1222.90209961
1222.91149902
1222.93395996
1222.93762207
1223.13879395
1224.91943359
1226.03149414
1226.7220459
1226.7364502
1226.2467041
1226.54748535
1227.81176758
1229.16540527
1230.31347656
1230.81945801
1231.0723877
1231.06811523
1230.90869141
1230.63793945
1230.35327148
1229.7142334
1229.28356934
1227.70153809
1226.07531738
1223.73449707
1223.01037598
1224.82373047
1226.34008789
1226.54455566
1226.87316895
1227.12194824
1226.43566895
1224.20947266
1222.99743652
1225.63623047
1224.51342773
1223.89074707
1224.17333984
1222.43579102
1219.9642334
1221.66430664
1219.89562988
1219.41003418
1218.60498047
1218.42285156
1218.57983398
1218.80249023
1218.81848145
1218.61010742
1218.57910156
1218.3807373
1217.64941406
1218.29260254
1218.75805664
1219.15930176
1219.45166016
1219.55102539
1219.34680176
1219.14819336
1219.18798828
1219.38049316
1219.76904297
1221.80957031
1221.97680664
1222.38781738
1222.51916504
1222.48449707
1222.51135254
1222.54150391
1222.54455566
1222.53320312
1222.50500488
1222.58837891
1222.74645996
1222.79052734
1222.80407715
1222.81005859
1222.84484863
1222.8737793
1222.87280273
1223.48376465
1224.81262207
1226.80273438
1227.45300293
1228.05688477
1229.03747559
1229.78540039
1230.19030762
1230.14025879
1230.29272461
1230.81811523
1230.87182617
1230.11315918
1229.97790527
1230.07177734
1230.42944336
1230.86804199
1230.67980957
1229.69763184
1229.17285156
1229.71459961
1229.73693848
1229.6229248
1229.04272461
1229.27026367
1229.97668457
1231.61572266
1233.80786133
1234.2109375
1235.73876953
1237.43688965
1239.60974121
1241.3873291
1241.78662109
1241.67089844
1241.24768066
1240.41394043
1239.93640137
1240.41186523
1240.97875977
1240.13195801
1239.73779297
1239.56103516
1239.94274902
1241.27160645
1243.0378418
1244.76000977
1245.70849609
1244.70361328
1243.84765625
1242.92736816
1242.16516113
1241.91479492
1241.6171875
1240.85668945
1241.34130859
1242.72009277
1244.15319824
1245.40490723
1246.60632324
1246.5534668
1245.83239746
1244.38256836
1243.50842285
1242.57214355
1242.12646484
1242.51574707
1242.53112793
1242.22717285
1241.87145996
1242.80737305
1244.66174316
1246.96679688
1247.86120605
1249.97253418
1250.47583008
1250.91381836
1251.03161621
1250.19152832
1249.13439941
1247.71289062
1246.12805176
1244.30078125
1243.66357422
1241.53955078
1240.68969727
1238.94165039
1237.82116699
1237.00671387
1237.64489746
1238.39990234
1240.57556152
1241.49450684
1242.71777344
1244.0135498
1244.52441406
1244.79772949
1244.84362793
1244.95300293
1244.66345215
1244.59472656
1244.64245605
1244.51855469
1243.11682129
1240.76501465
1239.01855469
1236.23510742
1238.32421875
1238.3104248
1238.2791748
1239.04748535
1239.31616211
1239.43103027
1240.51269531
1241.3260498
1241.43481445
1243.07556152
1244.18505859
1245.04125977
1245.63195801
1245.94555664
1246.11303711
1245.83789062
1245.37084961
1244.40185547
1244.53356934
1244.42248535
1244.41174316
1243.72155762
1242.40209961
1242.33776855
1242.91833496
1242.22546387
1240.39672852
1238.39013672
1238.27954102
1235.70275879
1238.30419922
1238.52099609
1239.31433105
1240.15222168
1241.01342773
1241.5390625
1241.43273926
1241.39611816
1241.55383301
1242.07202148
1242.01123047
1242.24926758
1241.54968262
1241.46838379
1241.63903809
1241.31005859
1241.52880859
1241.74609375
1241.24157715
1242.07580566
1243.17871094
1244.11315918
1244.50512695
1245.29345703
1245.68981934
1245.83166504
1245.90344238
1245.90332031
1245.97253418
1246.03295898
1246.07104492
1246.09973145
1245.91589355
1245.30297852
1244.67443848
1244.53442383
1244.43457031
1243.95397949
1242.80041504
1242.77368164
1242.28503418
1241.68066406
1240.24365234
1238.98156738
1238.49414062
1238.22119141
1238.56604004
1234.18505859
1235.45690918
1235.78979492
1235.39086914
1235.65466309
1236.06567383
1236.34265137
1236.59338379
1236.66577148
1236.82861328
1237.00585938
1237.20959473
1237.42749023
1237.61169434
1237.88525391
1238.14880371
1238.6315918
1239.21594238
1239.64208984
1240.14562988
1240.68811035
1241.12536621
1242.07714844
1243.7088623
1245.10180664
1246.40600586
1247.67199707
1248.49475098
1249.2734375
1250.1730957
1250.83349609
1251.07458496
1251.55957031
1252.60742188
1253.53564453
1254.30383301
1254.94030762
1255.3079834
1255.52636719
1256.01501465
1257.38769531
1258.17224121
1258.54882812
1259.1237793
1260.46130371
1261.77075195
1263.38818359
1264.88647461
1266.19555664
1266.86218262
1267.28857422
