108.084144592
108.876708984
108.390541077
107.744476318
107.072616577
106.845069885
107.024581909
107.200416565
107.129577637
108.892082214
110.144638062
110.00504303
107.483970642
106.534584045
108.86832428
110.546585083
110.100769043
109.167854309
108.734039307
109.086769104
108.903457642
108.862159729
108.959915161
109.165107727
109.672935486
110.774368286
111.453147888
111.574966431
111.237106323
111.065505981
111.080001831
110.844795227
111.097396851
111.513725281
111.457206726
110.260688782
109.842506409
109.589859009
109.083282471
108.601455688
107.810272217
106.790809631
106.694244385
106.656951904
106.222953796
106.366119385
106.583709717
104.546432495
103.565940857
103.588096619
103.706695557
104.508018494
105.645042419
106.582450867
107.605751038
107.765464783
107.698707581
107.20350647
106.617797852
106.105819702
105.720756531
105.043380737
104.142974854
103.154266357
101.820320129
100.836128235
101.426574707
102.765304565
103.86656189
104.741691589
105.744018555
106.688697815
107.204101562
107.3542099
106.883087158
106.815437317
106.89831543
107.34135437
107.381317139
107.481323242
107.001342773
106.942962646
107.05065155
107.266906738
107.578140259
107.882034302
107.449256897
106.294662476
106.045143127
105.673194885
105.36819458
105.201171875
105.388580322
105.950424194
106.104248047
105.525413513
104.265014648
103.279182434
102.077133179
101.319038391
101.045127869
100.966896057
100.832000732
99.9978637695
98.6608428955
98.2496109009
97.3728561401
96.5255050659
95.7097167969
95.4646682739
96.4452209473
97.3801193237
98.4102020264
98.554069519
98.1143417358
98.2419281006
99.1164245605
98.2828063965
97.2975769043
96.7971343994
95.8986740112
95.1973953247
94.6117782593
93.6955718994
92.4401779175
91.8008804321
91.5495452881
91.4847335815
91.4610366821
91.3968353271
88.2464752197
88.2454528809
91.4773025513
91.5397872925
91.5714035034
91.8631057739
93.0703659058
93.9386901855
94.6133270264
96.4047546387
96.3609085083
95.3087768555
93.1481323242
92.2829818726
92.7075881958
93.4606704712
95.053237915
96.7425613403
97.4275588989
99.077041626
99.4305267334
99.4101028442
98.7247314453
97.8504867554
96.6433868408
96.3108901978
96.8593063354
97.3346633911
97.1204605103
96.9017791748
97.3350448608
98.2456588745
99.6518249512
101.12197876
102.348983765
103.474014282
103.744819641
103.507972717
102.987480164
102.415771484
101.719017029
101.56628418
101.070549011
100.866485596
100.923309326
100.948913574
100.656089783
100.889465332
101.086105347
100.67515564
100.611930847
100.593795776
100.574562073
100.770652771
100.631324768
100.45640564
100.337966919
100.27016449
100.00894928
99.7127151489
99.6746368408
99.3793106079
98.8358154297
98.0548019409
97.4996185303
97.4582290649
97.4088134766
97.3843917847
97.4062957764
97.650177002
99.0884246826
99.914642334
100.287261963
100.413871765
100.670448303
102.845909119
103.429603577
103.534317017
103.565849304
103.810539246
104.681243896
104.622566223
104.423042297
104.837882996
104.918876648
104.997238159
104.438446045
103.625831604
103.29032135
102.505271912
102.663780212
102.969871521
103.436805725
104.174171448
104.637664795
105.01410675
105.061904907
104.948516846
104.839927673
105.076042175
104.603546143
104.220581055
104.311347961
104.553337097
104.302223206
103.87701416
103.938682556
104.362953186
104.774085999
104.614349365
104.346084595
104.51386261
104.737129211
104.727172852
104.511802673
104.060905457
103.591064453
102.951644897
102.530540466
102.36403656
101.05847168
100.700996399
99.8675689697
98.3229522705
97.3292007446
96.4773178101
96.5942611694
97.2982635498
97.4010314941
98.234413147
99.9507293701
100.990280151
101.670509338
102.600128174
103.47568512
103.964401245
104.173530579
103.532920837
102.165428162
100.657615662
101.900123596
103.630874634
103.621330261
103.441017151
102.852905273
103.050697327
103.204940796
103.524940491
103.751243591
103.74017334
103.671508789
103.617980957
103.589927673
103.445030212
103.086265564
103.469352722
103.622001648
103.698257446
102.307365417
100.580566406
101.860458374
103.292366028
104.136245728
104.026565552
103.608123779
102.763412476
101.779685974
101.136253357
100.236053467
98.4507980347
97.4581375122
97.3283081055
96.7375793457
96.3788223267
97.1638717651
98.09740448
99.5302886963
100.670387268
100.928337097
101.950584412
102.499839783
102.9740448
103.792434692
104.458938599
104.761146545
104.608322144
104.354934692
104.696159363
104.625717163
103.938552856
104.030929565
104.577125549
104.264961243
104.433799744
105.060752869
104.847305298
105.024856567
105.022293091
104.498603821
103.589950562
102.942825317
102.954414368
103.198249817
103.732177734
104.835769653
104.921363831
104.700935364
104.503128052
104.660614014
103.632225037
103.523880005
103.399627686
101.508155823
100.408981323
100.221191406
99.4489517212
97.6321182251
97.3872909546
97.3985977173
97.4595489502
97.5993347168
98.7857513428
99.4797363281
99.7107086182
100.002700806
100.297363281
100.439201355
100.640716553
100.777046204
100.595565796
100.614181519
100.936782837
100.911552429
100.692153931
100.951530457
100.870956421
101.300872803
101.71320343
102.262275696
102.939979553
103.3724823
103.580612183
103.33543396
102.267997742
100.970092773
100.22895813
98.8352050781
97.8432540894
98.4797821045
99.9437942505
100.685951233
101.23249054
101.539253235
100.961128235
101.178886414
101.023048401
101.686172485
103.470863342
104.073204041
103.993759155
104.028831482
104.969566345
103.725914001
103.426452637
102.755432129
102.691627502
101.890350342
101.330108643
101.564414978
102.666069031
102.738174438
100.903114319
100.878044128
100.817352295
100.183959961
100.101089478
98.6600036621
97.5234146118
95.851524353
95.8768081665
96.4011917114
96.6213760376
96.2234725952
96.7189788818
97.029510498
97.0133743286
96.5850067139
97.1255187988
97.6824798584
97.6655807495
96.8841552734
95.710395813
94.7102584839
94.3001556396
93.239982605
91.6843490601
90.4116134644
90.8641891479
91.4390869141
92.2261352539
92.8388137817
92.5043334961
92.3073425293
92.1743164062
91.472946167
91.2728805542
91.2708435059
91.2669830322
90.6557998657
88.4003982544
88.1553649902
88.0116500854
87.488067627
88.2460403442
88.3024139404
88.2308883667
87.7509307861
87.3708496094
86.9121932983
86.4696578979
85.9746170044
85.4309234619
84.8819503784
84.6287078857
85.1875076294
85.2958450317
85.3146133423
83.4314498901
82.5363616943
82.3963394165
82.3104019165
82.2973556519
81.6309814453
80.8280181885
80.4730224609
80.408454895
80.3942565918
80.3694839478
80.290184021
80.1801223755
80.2032165527
80.2064361572
80.1221847534
80.0023880005
79.9445419312
79.6914291382
79.5771102905
79.4624862671
79.453163147
79.5111618042
79.0386581421
76.1191558838
76.0889282227
75.8802108765
75.8925857544
76.1227416992
76.1057052612
76.1232833862
76.1105957031
76.0811691284
76.0880126953
76.1130142212
76.0812149048
75.8722686768
76.0085372925
76.0091018677
76.0520248413
76.0388259888
76.0767211914
75.9311294556
81.780166626
81.8556671143
82.0574645996
82.021522522
82.0219573975
83.1091690063
85.1099395752
84.9559860229
84.7610778809
84.9773635864
85.0908050537
85.4984664917
85.7239608765
85.7250366211
85.4415435791
85.3313674927
84.4241333008
84.6820526123
84.8553314209
85.1385879517
85.3697128296
85.3190307617
85.3190307617
84.973991394
82.966796875
82.3140029907
82.3377914429
79.5989532471
79.2834854126
79.8240661621
81.780456543
82.2863464355
83.298248291
84.6070709229
85.1116714478
85.1268005371
83.5495147705
83.5815734863
82.4685745239
81.8098526001
81.8292007446
82.9164733887
84.5036849976
86.3997573853
89.0493164062
88.3400802612
84.9344558716
85.6871566772
86.3790664673
87.2604598999
87.6043930054
87.4236679077
88.4259109497
89.1152801514
90.4828720093
91.8141708374
92.8187561035
93.4781036377
94.0302047729
93.9911651611
93.7377471924
92.0844421387
91.419303894
91.2051467896
88.4228973389
88.4769668579
88.4665145874
89.3380813599
90.5264129639
91.41822052
88.9439239502
88.4178237915
88.4152603149
88.4042358398
88.484588623
91.2537460327
91.4278182983
90.1831893921
91.0166397095
91.0714950562
88.6119842529
86.1768188477
81.5487365723
78.901512146
78.7359008789
78.5292663574
75.7799835205
78.1672210693
79.0013809204
80.1416931152
82.4901885986
83.9488677979
85.4702453613
85.723777771
85.8791885376
86.3508834839
85.8863296509
87.7364196777
87.711769104
88.3592071533
89.2596435547
88.9382095337
91.0787582397
91.0514526367
89.9127807617
89.097114563
88.6409378052
88.4190368652
88.4199371338
85.9484405518
85.995475769
88.6151504517
89.183807373
89.9003982544
90.51222229
90.9561691284
92.4697189331
93.896697998
93.8566360474
93.8287506104
93.681968689
93.8437194824
93.2178649902
92.8046264648
92.6808929443
91.5143203735
90.0187759399
88.0580749512
85.99269104
85.1224594116
85.3664932251
85.4722366333
88.0322723389
88.41381073
89.069229126
89.3259048462
89.4230957031
88.420211792
87.7015304565
85.263633728
83.1279678345
81.1212387085
81.407989502
82.2483291626
84.0755386353
85.3158874512
86.5122909546
86.2393493652
86.01121521
87.3061752319
87.3867645264
88.2145309448
88.2602615356
88.3194503784
88.6312637329
90.2217636108
91.6281890869
92.4441604614
92.7657241821
92.7860870361
92.7549819946
92.7662963867
91.8474960327
90.8224716187
90.2317962646
89.2771759033
90.4190826416
91.5150146484
92.5344543457
94.0110626221
94.8014297485
94.9180831909
93.2304763794
92.6863098145
90.8316268921
89.5488586426
88.0842590332
86.6550521851
85.9625015259
86.5087127686
87.5069198608
88.2986373901
88.5942382812
89.1189117432
89.6767425537
90.1463623047
90.6351776123
90.965385437
89.3264923096
87.6550445557
85.9517059326
83.3437728882
81.631439209
81.6210174561
81.0775527954
81.8900146484
83.4652557373
84.8362045288
85.8532791138
87.4087142944
88.1427154541
87.3822937012
87.0591964722
87.5058822632
86.8660583496
83.7346725464
82.2429046631
81.3293151855
83.235458374
85.7691574097
88.2513046265
89.2819976807
89.2312545776
87.9400482178
86.6424942017
84.650680542
82.4459762573
80.5756149292
80.2246017456
80.2585144043
87.5621261597
85.2250747681
86.6342315674
89.6685028076
92.556602478
91.9685974121
90.3482894897
88.2051925659
86.3407592773
84.7422103882
83.6565704346
82.8252334595
82.4393615723
83.7952041626
85.4298553467
85.6529083252
84.4810180664
84.9943695068
84.5829238892
83.191444397
81.8317871094
83.9335327148
85.6235733032
85.8294067383
84.3980941772
84.5262680054
83.4533081055
81.6440887451
79.7757263184
78.6097564697
82.3339920044
81.4521026611
77.2934799194
78.5666809082
78.3893890381
80.4842529297
81.5402374268
82.2931671143
82.6579971313
82.8890228271
83.1500167847
83.5842590332
83.680305481
84.0982589722
84.4125442505
84.8647232056
85.0794448853
85.2683334351
85.8233718872
85.547088623
85.3889541626
85.3837661743
85.4933624268
85.5846557617
85.7971801758
85.7869415283
86.2217178345
86.4305038452
86.4758377075
86.4797821045
86.1427688599
86.4638977051
86.1679611206
86.4991760254
86.5144271851
86.7615127563
87.019317627
86.8619842529
87.022026062
87.2198410034
87.3869781494
87.6323928833
87.8751678467
87.9806060791
88.1902923584
88.3326339722
88.7579574585
88.4691314697
88.4457015991
88.8212127686
88.7724456787
88.5111465454
88.5591964722
88.5216064453
88.5404968262
88.4209518433
88.7475891113
88.6840896606
88.487411499
88.6808853149
88.471282959
88.2802429199
88.0344543457
88.0116119385
87.8359680176
87.7376708984
86.8851547241
81.658996582
83.7953338623
87.3131942749
87.5832443237
87.4829101562
87.2287139893
87.0732192993
87.3092727661
87.6387863159
87.313659668
87.2788391113
87.4122161865
87.6792373657
87.7929000854
87.8093185425
87.9644088745
88.3390731812
88.6234970093
88.5635986328
88.621055603
89.1797103882
88.905166626
88.6134414673
88.2665481567
87.7021331787
87.9035110474
88.0115280151
88.4007492065
88.6297607422
88.6708297729
88.7533874512
88.6347885132
88.4231948853
88.3734893799
88.0282211304
88.1471939087
87.9900436401
87.7026977539
87.7762680054
87.7744674683
88.2300338745
88.5892181396
88.8340072632
88.7516021729
89.0748825073
88.8613815308
87.5522537231
85.6801300049
86.0293807983
86.9203414917
88.6783676147
91.6131515503
93.6239700317
94.1231002808
94.4853363037
94.6064376831
94.0772476196
93.2228927612
92.4247131348
92.1029052734
92.3602523804
93.009147644
93.5463180542
93.9609146118
94.2513198853
94.7124938965
94.4528961182
94.1092224121
94.1545410156
94.0739746094
94.0099411011
93.9785385132
94.0896682739
94.2075576782
93.9541778564
94.1931762695
93.7434539795
93.3455200195
93.0818710327
92.811050415
92.4985580444
92.4619903564
92.4067459106
92.4625701904
92.3588027954
92.1853485107
92.367401123
92.862701416
92.7173080444
91.7979660034
90.9144363403
90.4580764771
90.9330215454
90.6474685669
90.3711624146
90.167350769
89.9221191406
89.7312774658
89.6024246216
89.1585006714
89.3548965454
89.6171112061
89.4074478149
88.0880813599
87.2340164185
87.9004745483
87.350402832
86.6417617798
86.302947998
85.058052063
83.6600952148
83.2020645142
83.7385864258
82.4460906982
80.9085998535
80.7255401611
80.5113220215
78.544883728
76.4170303345
75.6755828857
75.2232971191
74.5665054321
73.8968429565
73.7521286011
73.297668457
71.0738601685
70.2732162476
68.493309021
69.7703018188
69.344329834
68.576171875
68.7602920532
67.421585083
66.421661377
65.8151473999
66.1212539673
67.1607818604
73.5651779175
79.936920166
80.9117507935
80.8057327271
80.7841644287
81.4813079834
82.3775253296
83.1132049561
83.7999038696
84.0687561035
82.5010757446
78.8866424561
75.1317901611
72.0976638794
69.2258987427
66.8154296875
65.9514160156
66.3201293945
66.6019134521
66.4967193604
66.3766937256
66.5545959473
66.5932617188
66.8479614258
66.9916381836
66.9101333618
66.9202194214
67.0436706543
66.9812011719
66.7189254761
66.54296875
66.6949615479
66.7935714722
66.6556549072
66.7392578125
66.7476882935
66.5478363037
66.3720016479
66.4560241699
66.3662261963
66.4336471558
66.375213623
66.2720031738
66.2463378906
66.2275238037
66.2901763916
66.5104370117
66.5734100342
66.7652664185
66.9794082642
66.9669189453
66.9464492798
66.7764816284
66.7239837646
66.5539703369
66.3010177612
66.3178100586
66.6764144897
66.93724823
66.561378479
66.4989929199
66.6343612671
66.7763442993
66.8846588135
66.954864502
67.1294174194
67.169631958
67.252166748
67.0932388306
67.3345489502
67.1491546631
67.2914657593
67.313949585
67.456741333
67.6797485352
67.7442474365
67.6972427368
67.4277877808
67.9235229492
68.1019973755
68.55027771
68.940826416
68.6000366211
68.3437728882
68.1288757324
68.4762802124
68.644493103
69.7505722046
68.7379989624
68.5919723511
68.8490066528
68.614364624
68.9926147461
68.3130187988
68.715965271
68.7132720947
68.1842575073
68.3161010742
68.8243103027
68.2972793579
68.1736297607
68.6737213135
68.8507766724
68.253364563
67.1414718628
67.4447860718
67.7833786011
69.2013778687
68.7664031982
69.0879821777
69.2146606445
69.6682281494
69.7233505249
74.33984375
80.8410263062
75.9089431763
69.866645813
69.8868713379
69.8467025757
69.5940093994
68.4576568604
68.4610519409
67.4562225342
67.6099319458
67.6775665283
67.673286438
67.1716537476
67.0996780396
67.2622528076
67.5697402954
66.784828186
67.3311157227
67.420249939
67.4794769287
67.6350784302
67.5618362427
66.5400390625
66.6832427979
66.4178314209
66.5580978394
66.9383544922
66.7812576294
66.8738098145
66.7707061768
66.8849411011
66.9222640991
67.2821578979
67.2423019409
66.732925415
67.3674850464
67.985244751
69.0361480713
68.4403991699
67.9722061157
67.9133605957
68.0663833618
67.9103927612
67.2656555176
67.6780548096
67.3587799072
67.3248672485
66.9070663452
67.3543395996
67.4638595581
67.1820983887
67.2108764648
67.3931045532
67.3735733032
67.5789489746
67.642829895
67.3759918213
67.2964172363
67.0825424194
66.1856918335
67.1827163696
66.5387878418
66.6182785034
67.6394958496
67.6172332764
67.4564361572
66.7251434326
66.2941818237
66.059387207
66.1590881348
65.2587203979
65.4748077393
65.3187713623
64.2055358887
65.5411834717
64.3698272705
65.2739562988
66.3843612671
67.1089706421
66.7008132935
66.3402786255
65.3179550171
64.955947876
64.1866912842
65.2172851562
65.7624969482
66.6256713867
66.4454269409
65.5699310303
65.442276001
67.9711990356
68.3491592407
67.5930709839
67.1467208862
67.1455764771
67.8487625122
67.9004592896
68.0757217407
67.7191772461
67.2738876343
67.4246902466
67.3561019897
66.8498687744
65.8320846558
65.693862915
66.0945510864
66.6963500977
67.6295928955
67.7751541138
67.2913894653
67.699432373
66.6196975708
66.993850708
67.1134185791
67.0725708008
66.5826339722
66.5684280396
66.5506057739
66.4777374268
66.8241119385
66.3055953979
66.433883667
66.367149353
66.8338546753
66.5863876343
66.5868606567
66.4452285767
67.4332962036
67.1815185547
66.8265838623
66.5681762695
66.8893280029
66.9826507568
66.669342041
66.444442749
66.3921279907
66.0630340576
66.4248657227
66.3259429932
66.2506561279
66.0926818848
66.3127059937
66.1403884888
66.1071853638
66.2522964478
66.408531189
66.0034790039
66.031578064
65.6694717407
65.4835739136
66.8137207031
65.8721008301
65.7402191162
65.5360946655
65.5642776489
65.9065170288
66.2786407471
65.9939727783
65.8031387329
66.2212600708
66.5708770752
66.5090866089
66.2255859375
64.4146270752
65.4440765381
66.6123733521
66.5593719482
66.466255188
66.4249572754
66.5511856079
66.4132919312
65.7824707031
65.8441009521
66.2843551636
66.2715911865
65.9856185913
65.770072937
66.0735931396
66.2441482544
66.4935760498
66.2554092407
66.1092605591
66.3268737793
66.2168655396
66.0671386719
66.0855255127
65.8091888428
65.7834320068
65.8478775024
65.3861999512
65.2153320312
65.6291503906
65.5548553467
65.5908584595
66.3109741211
66.9526062012
68.4536743164
70.0791244507
72.6592636108
74.0195846558
71.2754821777
69.0792007446
67.6268615723
66.1629562378
65.6924362183
64.9743118286
64.6276397705
64.3592453003
64.7173156738
64.6471099854
64.7710189819
64.9899215698
64.6608505249
64.8956832886
65.1269454956
64.5131759644
65.1178207397
65.8239517212
66.0100479126
65.7014541626
65.4003829956
65.3395690918
65.3755950928
65.5867156982
65.6218338013
65.5906066895
65.837348938
65.6174621582
65.5441741943
65.6503601074
65.7933807373
65.7166824341
65.5315628052
65.4607315063
65.2238311768
65.1338348389
65.270690918
65.2540893555
65.1387557983
65.3142929077
65.4011535645
65.625038147
65.7750167847
65.9939041138
65.8843154907
65.9646148682
65.6803665161
65.8769683838
65.5592422485
65.7681427002
65.8171844482
65.7184295654
65.6012496948
65.4906311035
65.7565689087
65.7555007935
65.9091415405
65.9949111938
65.9456939697
66.1547698975
66.3709945679
66.3641586304
66.386505127
66.4231033325
66.7583465576
66.8241195679
67.0562362671
67.3819503784
67.1596603394
67.4878845215
67.282333374
67.4188919067
67.3489532471
67.1800384521
67.6237411499
67.0774078369
67.5102615356
68.902671814
70.6545410156
72.8437652588
74.4834899902
74.1542739868
74.0425338745
74.1225891113
74.052192688
72.8760986328
72.7657241821
73.1586685181
73.8889770508
73.6557922363
73.8427200317
73.8859558105
73.4749526978
73.6621246338
73.801651001
73.3572463989
73.1354980469
73.5198669434
73.8788833618
73.8112869263
73.3270721436
73.5066986084
72.8288421631
73.3067321777
72.7576599121
72.7655258179
73.147819519
72.5837783813
72.8296127319
72.64793396
72.674659729
72.9056243896
71.5096130371
72.2692565918
72.386100769
72.142036438
72.3202590942
72.5458145142
72.2967910767
72.1661605835
72.4825210571
72.285987854
71.9113235474
72.8202896118
72.6239776611
72.5658111572
72.8637084961
73.0372772217
73.1742477417
73.6624450684
73.3554000854
73.4364624023
73.5793685913
73.8405380249
72.9829025269
72.812828064
72.8131484985
72.7464447021
73.1061019897
72.88230896
73.1968002319
72.9949111938
72.5879516602
72.924369812
72.8586959839
72.4181365967
72.1768875122
72.8076095581
72.7039337158
73.0155944824
72.2840194702
69.6022338867
68.3467559814
66.8043365479
66.1329803467
65.5420684814
65.5993499756
65.5578460693
65.1831283569
65.5321884155
65.8325805664
65.7673873901
65.9168167114
66.0401992798
66.1239700317
66.2784576416
66.3176803589
66.3676300049
66.1806640625
66.306854248
66.3107376099
66.4297332764
66.2105712891
66.1574935913
65.7105865479
65.8887252808
65.9832382202
66.2604064941
66.4013824463
66.0931091309
65.9092407227
65.7534866333
66.3080749512
66.478729248
66.426322937
66.4438095093
66.5601806641
66.3203735352
66.6630477905
66.5805435181
65.4355010986
64.2722930908
65.4734802246
66.3622970581
66.5558776855
66.6606292725
66.1522827148
66.1582107544
65.7896881104
66.0251541138
66.2736968994
66.1761856079
65.8829574585
65.4393768311
65.5194625854
65.758140564
65.8091506958
66.2201690674
66.754486084
65.6513061523
65.3829956055
65.8796768188
65.9796676636
66.0161590576
66.4618530273
66.2404098511
66.1789398193
65.9805450439
66.0790481567
66.4300384521
66.2117233276
66.0367202759
66.2356109619
66.3270263672
66.4480743408
66.2812652588
66.1212158203
66.3973999023
66.3169174194
66.5623321533
66.7093429565
67.0170135498
67.0354385376
66.5849685669
67.17578125
67.3303146362
66.5054244995
66.6634750366
66.7232894897
66.4736785889
66.5535430908
66.5017547607
66.4437713623
66.7025527954
67.0943069458
66.7965316772
67.70703125
67.3826751709
67.7160568237
66.2474136353
65.8528213501
66.1881332397
67.2876663208
67.3778762817
67.7208786011
67.6982574463
67.8237686157
66.6982040405
67.5156097412
68.1022949219
65.9468612671
66.2630233765
66.3587493896
65.4029159546
64.1843338013
65.0347900391
66.3416900635
67.0002975464
66.5010910034
64.9727096558
65.6007919312
64.3630447388
65.4049377441
65.210899353
66.0865249634
66.26612854
67.4710388184
67.8486938477
66.6608047485
66.9530105591
66.1926727295
67.1937026978
67.3815765381
67.6442947388
67.3718032837
67.3345031738
67.1818466187
67.4066848755
66.8791732788
67.1930770874
67.6684875488
67.5815124512
68.0186004639
67.9228973389
68.3917541504
68.377166748
67.2742996216
66.9767303467
67.2592926025
66.8876266479
66.7445220947
66.8241577148
66.8844833374
66.3684539795
66.6254196167
67.475189209
67.6400222778
67.484375
67.2517776489
67.2964477539
67.2432785034
66.9527587891
67.6659164429
67.3057861328
66.6605529785
68.7726974487
71.7751464844
72.9862594604
73.4185409546
73.2080001831
72.6437835693
73.9862518311
73.9537506104
75.703994751
77.3729629517
76.7193603516
79.2510910034
80.623878479
79.963104248
79.1587600708
82.1951065063
82.6923294067
82.0662384033
81.3202285767
77.1494445801
82.6927185059
95.2595291138
92.0824966431
90.0164031982
87.5204315186
86.0544509888
85.1773300171
85.7719192505
72.1756820679
66.6331710815
73.1665496826
72.9204025269
72.4722061157
72.4409179688
72.8274993896
73.1545410156
73.2959747314
72.3825073242
72.4098968506
73.0371246338
68.1209716797
66.2650146484
66.4088516235
66.7052459717
66.0789337158
68.9689407349
72.0288543701
72.2649993896
71.4955673218
72.774559021
73.0377807617
72.4050979614
71.205657959
69.9304504395
69.5723571777
68.3742904663
68.2405700684
68.338722229
67.7437057495
67.8096313477
66.3979415894
66.1795120239
66.692527771
66.4291000366
65.4897766113
64.9438171387
65.7007217407
65.6467437744
65.2360153198
65.9147338867
67.0223922729
68.1876754761
68.2353134155
67.4548721313
68.0925598145
67.7689666748
66.592414856
66.639793396
66.2855224609
66.2537002563
66.3697128296
66.4024047852
65.9617385864
65.7222137451
65.8125839233
65.8600082397
66.2539138794
66.0663986206
66.0026550293
65.5780410767
65.8488464355
65.9858322144
66.0906982422
66.046081543
66.0899581909
65.5842590332
66.2860107422
66.2666015625
65.5769882202
66.3369979858
66.1995849609
65.4580001831
65.1650009155
65.5601806641
64.793510437
65.9923248291
65.966003418
66.6748886108
69.1218414307
67.9030532837
67.3782348633
66.4951934814
66.2110061646
65.387550354
66.2649612427
65.7686843872
65.6011810303
65.6025314331
65.688911438
66.0774612427
66.1829147339
65.2149429321
65.9485626221
65.9096374512
65.3244857788
64.7608642578
65.6507873535
65.3722610474
65.740447998
65.4384613037
65.4398803711
65.3840332031
65.8016815186
65.3000335693
65.5657196045
65.5334014893
65.8677139282
65.5234069824
65.8424835205
65.7648849487
65.4186553955
65.6183776855
65.9380722046
66.1884307861
65.7381515503
65.6685791016
65.4675292969
65.7689208984
66.0569152832
65.4504928589
65.591583252
66.2705230713
66.666519165
66.5855865479
66.7657318115
66.9926757812
66.9601516724
66.1848678589
66.3987350464
66.1933670044
66.6783065796
66.0603256226
66.6576080322
66.6325683594
66.3561630249
66.0870819092
65.7214660645
64.9305267334
65.4864807129
65.2277908325
66.6803817749
66.2453842163
66.1393508911
66.3261184692
66.9730529785
66.8549575806
66.3313293457
63.1063613892
66.4801864624
66.595916748
66.4097137451
66.5144119263
66.7233428955
66.6475601196
66.5535430908
66.4710235596
66.3114624023
65.2003707886
65.6030654907
66.4303283691
66.6415252686
66.5862350464
66.521987915
65.8488845825
66.2637023926
66.0965194702
66.1180419922
66.504737854
66.6596221924
65.6162643433
66.002494812
65.4186172485
65.8340530396
65.8866882324
65.6708602905
66.0517807007
66.1640319824
65.7080764771
65.4430999756
65.9776763916
65.383102417
64.8356246948
65.2655563354
65.1025619507
65.1954803467
65.375869751
65.1601486206
64.8281936646
65.6211013794
64.451751709
64.8822021484
64.9959564209
65.7637710571
65.5953063965
65.1450424194
65.2815933228
65.2126312256
65.3617782593
65.9873504639
65.2484741211
64.9546661377
65.6038360596
66.1328277588
67.3366928101
66.6011123657
66.1653289795
66.4733886719
66.5726623535
65.8801498413
66.579498291
66.8361663818
67.6862258911
67.4267807007
67.4389343262
67.6562652588
67.2806625366
68.0142593384
68.0114440918
68.1011886597
67.8392868042
67.9050979614
68.149307251
68.3276443481
68.3590927124
68.1649856567
67.3064422607
68.4374542236
68.0331497192
67.616569519
67.2461547852
68.8798294067
68.380821228
68.3804092407
68.3553771973
69.1126480103
67.2376708984
68.0455627441
67.3605957031
68.6289672852
67.9755477905
66.8668670654
68.3572463989
68.4476165771
68.1962661743
67.4075546265
68.5241241455
68.8209915161
68.1392211914
67.7395477295
67.8223190308
67.2882461548
67.8640213013
68.0735015869
68.3402023315
67.9242858887
68.2226715088
69.2986831665
68.8073425293
68.2520904541
68.9441452026
68.6545333862
68.9972610474
68.7503662109
68.8172607422
69.0907821655
68.2623062134
67.5710067749
67.3828353882
66.8624038696
67.0065917969
67.6972503662
67.5107574463
67.6685638428
67.5219726562
67.4877624512
67.8599472046
68.3201141357
68.5831756592
68.4440460205
68.336151123
68.3156280518
68.8162765503
69.7027053833
68.6334686279
67.6164169312
68.0004272461
68.1451034546
67.9149169922
67.7767181396
67.3023529053
67.3296737671
67.7196731567
68.2067565918
67.8924407959
67.8178787231
67.6937789917
67.859085083
67.4751968384
67.6207504272
67.7648620605
67.0977859497
67.2821807861
68.1027603149
68.0104598999
68.3815994263
67.6725616455
67.3416366577
67.5716323853
66.8893432617
66.9144134521
67.6467056274
67.2756958008
67.5459823608
67.395690918
67.8088684082
68.0917358398
68.0422668457
67.5712585449
67.9310836792
67.5067062378
67.2262268066
67.8386993408
67.2851486206
73.0714874268
70.3072967529
68.2146682739
67.9139175415
67.3322219849
67.7320251465
67.8187942505
67.2697143555
67.0417938232
67.3935089111
67.5650634766
67.3003616333
67.3204879761
67.4920501709
68.0120697021
67.2027435303
67.5967559814
67.8168716431
68.0235977173
68.2574539185
68.045249939
67.5181808472
68.0431976318
68.7206115723
69.0573120117
68.4832839966
68.3307266235
69.2761535645
68.5307693481
68.182975769
68.3664779663
68.1199264526
68.2890396118
68.3482818604
67.2938842773
67.376373291
67.8847045898
67.426864624
67.1767730713
67.6100692749
67.3568649292
67.6287918091
67.3381271362
67.082069397
65.6805419922
66.9833984375
67.3792419434
66.4738616943
67.2473983765
65.7342910767
65.5075149536
63.520450592
64.8541793823
66.1711959839
66.5522003174
65.8904800415
66.4818344116
65.8585662842
65.3092041016
67.000579834
66.7684707642
67.2996749878
66.1815872192
67.0138702393
65.4527435303
65.3109436035
66.7321014404
67.0233764648
65.9007873535
66.2849578857
63.692527771
63.3712272644
62.3415260315
64.2835006714
64.7529678345
63.5395355225
63.9040794373
61.1387939453
61.1662597656
61.8116912842
64.2652053833
60.1523971558
58.8401107788
64.0968017578
66.3962631226
67.6779098511
68.992805481
70.2813720703
68.943901062
68.4069213867
70.808265686
70.6136016846
70.6945800781
71.2618560791
71.2958679199
70.833732605
69.7535629272
70.3858337402
71.2086639404
71.1392211914
70.8783493042
69.9642562866
69.9013671875
70.4902801514
71.1347808838
70.2050476074
68.8903503418
70.0785598755
70.479385376
71.0454025269
70.4186935425
70.8764419556
71.061088562
68.3635025024
71.8259887695
71.4414749146
70.2789840698
69.5031814575
69.9889144897
70.6009368896
70.4286422729
69.9658966064
69.5701446533
69.7777481079
70.3127288818
70.4200592041
70.1759490967
69.654624939
69.4468231201
69.9622268677
69.7542190552
69.8777542114
70.1992645264
70.1376647949
70.1541442871
70.7619094849
70.3849868774
70.1511993408
70.3417053223
71.047416687
70.5624008179
70.4029464722
70.124130249
70.1999816895
70.6907119751
71.6581344604
71.0195465088
68.8185882568
70.309211731
69.6809234619
68.9903640747
69.3610458374
69.6165542603
69.20362854
68.6489334106
68.7803878784
68.1947097778
69.1706085205
68.7642822266
69.2739715576
68.7840423584
69.3379898071
68.5083465576
69.1524276733
69.338973999
69.1907043457
68.7693328857
68.1150054932
67.3311309814
67.8421936035
67.7696380615
66.2794647217
67.3325424194
67.1334075928
67.984954834
66.883430481
66.9479446411
68.1115570068
66.798210144
66.8653717041
67.1190032959
67.426071167
67.2693252563
67.4432373047
66.315246582
65.1414413452
67.334274292
68.3567886353
68.2009048462
65.8330612183
66.9028015137
67.6779785156
67.8475646973
67.242980957
65.3284301758
66.8921203613
66.801361084
67.3253250122
66.8645935059
66.6767044067
67.5950241089
67.3669967651
67.7315826416
67.0157241821
68.0543441772
67.2073898315
67.3450393677
67.9931335449
67.9524612427
66.8739776611
66.5527038574
67.4554443359
65.7874526978
66.5500869751
65.2653884888
65.8576431274
65.4879989624
65.1393127441
65.43699646
65.3276824951
65.4965362549
65.5490341187
66.0334701538
64.5543746948
64.9299926758
65.4267425537
65.3218307495
65.7967376709
66.7163391113
66.3030319214
66.4156112671
65.8160324097
66.4771728516
66.0872802734
65.9068069458
66.2948455811
65.7521286011
66.186630249
66.0450515747
65.3316802979
64.9463272095
64.4799804688
64.5266036987
64.5564422607
64.6630935669
64.8382644653
65.1009216309
65.132019043
65.75025177
65.9913864136
65.8414230347
66.2981185913
64.9216918945
65.4630966187
66.4000015259
68.3165588379
68.3649597168
68.1273117065
66.6017990112
67.4979629517
67.0926971436
66.8115921021
67.3764038086
67.2538452148
67.2461547852
67.4871826172
67.2698059082
66.9513473511
66.2021026611
65.0698699951
64.2097854614
64.3592147827
64.4095230103
64.0545349121
64.3545837402
64.4487609863
64.3909454346
64.716255188
62.5881309509
60.3833236694
61.2870864868
61.6119499207
63.4957962036
63.9495201111
63.845123291
64.2356567383
64.3496398926
63.7270469666
63.9764938354
64.3923797607
63.4353065491
63.3676338196
63.175075531
64.3140335083
64.2506027222
63.286441803
62.9829177856
66.4797439575
66.6118621826
66.8516998291
67.4803619385
66.5914764404
65.9070587158
66.3069000244
65.1933746338
66.0890045166
66.4489822388
65.2209625244
65.3461456299
64.266494751
63.8692092896
63.737991333
63.7753791809
63.9790153503
64.3351821899
63.5199508667
64.1887435913
64.207244873
65.1539840698
64.7887191772
65.3283004761
65.0288848877
64.051361084
64.6433334351
65.7071075439
65.5025939941
66.2275390625
63.5995483398
65.4946594238
65.8441009521
66.000328064
64.5812149048
64.6158370972
65.6020431519
65.3218841553
65.1146621704
65.1028900146
62.3634262085
64.1999816895
63.2176551819
62.6915397644
62.5746650696
61.83984375
60.7795448303
60.8064918518
61.9586906433
61.9062080383
63.8655929565
62.6153831482
63.3019828796
61.6539916992
62.7891426086
63.2235145569
64.4005432129
64.8025360107
64.6377258301
63.4249572754
63.3673934937
64.2030792236
64.1399078369
65.1755523682
64.0131912231
64.1654968262
65.1220321655
64.5628814697
64.1962203979
64.5095291138
64.7274017334
63.9911460876
64.3861999512
63.4849128723
63.4200630188
61.9363327026
61.6972808838
60.9322166443
61.3552703857
60.6860961914
59.7415466309
59.8315200806
59.9122428894
61.0479354858
60.6381378174
61.1398162842
61.4209747314
61.3464698792
59.8233947754
59.9841804504
60.3740844727
59.9951019287
59.9314537048
59.936668396
60.6025161743
59.3875045776
60.2677612305
61.135433197
61.0236244202
60.6810913086
62.1090011597
61.9135742188
61.0238761902
63.6859130859
62.92578125
63.4961585999
62.8956222534
63.9524993896
64.6393890381
64.3636474609
64.9260787964
65.7796173096
65.8221969604
66.2021636963
66.8882217407
64.2275772095
64.8733596802
65.1546401978
64.7662124634
64.2938461304
63.9408493042
64.5266342163
64.4867019653
64.3827438354
62.9518203735
62.2022094727
61.2512130737
60.7102737427
61.0530281067
60.4295158386
60.9173736572
61.2276115417
62.1730461121
63.6396026611
63.9969139099
65.0515136719
65.1511459351
64.8949966431
66.0857543945
66.1829681396
65.4102706909
66.0535125732
66.1370010376
65.376701355
65.4135437012
65.4936141968
65.2422027588
65.5945587158
65.1151580811
65.7995758057
65.9596633911
65.3601150513
65.3714065552
64.6545181274
64.2690124512
63.79637146
63.8953933716
64.6424789429
64.9569854736
63.2242279053
64.0847015381
64.1064071655
63.5397377014
64.028213501
64.3488388062
64.5850219727
63.7352561951
63.4799079895
63.0644264221
63.3989562988
63.2901802063
63.1023330688
63.4153747559
63.6551704407
62.9317970276
63.7589454651
64.470954895
63.800403595
63.2957000732
64.8518295288
63.9533576965
64.9303817749
63.3107070923
64.5847625732
64.7356872559
64.8568878174
64.8750839233
64.6709976196
64.8570480347
62.7193984985
61.7710380554
60.0596580505
60.7339820862
61.4961967468
62.1671600342
62.7178878784
62.4542160034
64.9251403809
63.8020401001
64.2305526733
63.9208717346
64.1685180664
64.5775680542
63.8039855957
63.6576499939
63.8970336914
63.4654273987
64.3006896973
64.0114898682
64.3135910034
64.7800140381
65.734916687
66.0974578857
64.9272079468
65.0884475708
64.8589019775
65.1817474365
64.1648635864
64.2849502563
64.2872619629
64.4670181274
64.04246521
63.6258010864
64.3330383301
63.9787559509
64.5703964233
65.339263916
65.5002746582
64.9282684326
65.1526107788
65.1171569824
64.8983383179
64.9792709351
64.5374145508
63.9445877075
64.1476516724
63.5508155823
63.4969787598
63.5943412781
63.7270202637
64.0464096069
64.5653152466
64.7682723999
64.3575210571
64.4140014648
64.2754821777
64.5429229736
64.5828552246
64.78540802
64.5022354126
63.2826957703
62.895111084
62.4831581116
62.6372184753
63.7656822205
63.38671875
63.1488800049
62.9754676819
63.0117797852
63.5000305176
63.3461875916
63.5905761719
63.5328788757
63.4967575073
63.5620651245
63.3480415344
63.7045707703
