496.093383789
494.448974609
493.044586182
491.55279541
490.104644775
488.132720947
486.485626221
484.823608398
482.493377686
479.679138184
478.299835205
477.334075928
476.556121826
475.313690186
472.050323486
469.428070068
467.129974365
464.225097656
461.817901611
460.024932861
457.795623779
455.033874512
452.88192749
451.292602539
449.422790527
448.172668457
446.677764893
444.737579346
443.411651611
442.871582031
443.176757812
443.594818115
442.945617676
442.381561279
441.256408691
440.655426025
439.73550415
438.49307251
436.849761963
435.012664795
433.6690979
431.545410156
429.563140869
428.546936035
427.943786621
427.459350586
426.277130127
425.22253418
424.175109863
423.544433594
422.208862305
420.820587158
419.662414551
418.414306641
417.550323486
416.684844971
415.571502686
415.305969238
415.392181396
415.410949707
415.458831787
415.810638428
416.21307373
416.202728271
416.125610352
416.223205566
416.737091064
417.290740967
417.722839355
418.455535889
419.718688965
420.339447021
421.147033691
422.092132568
422.925994873
423.800933838
424.169189453
424.98928833
425.753631592
426.808105469
427.415008545
427.907836914
428.376037598
429.0730896
428.464599609
428.084289551
428.66418457
428.819488525
430.062774658
429.950775146
429.837768555
430.185058594
430.896118164
432.310791016
433.22164917
433.74230957
433.728363037
434.124450684
434.267272949
434.942047119
435.3543396
435.465118408
435.044006348
435.007202148
435.15826416
435.435302734
435.32144165
435.03604126
434.699920654
434.77746582
434.768127441
433.983032227
434.052825928
434.778900146
435.277923584
435.878662109
436.291748047
436.523223877
436.687194824
436.122436523
436.741546631
437.747131348
438.075164795
438.325622559
438.659606934
439.447998047
440.008392334
440.342651367
440.414978027
440.773956299
441.094207764
440.926544189
441.037109375
441.460876465
442.188476562
442.914337158
443.299346924
443.586151123
444.249572754
445.262695312
446.139953613
446.873840332
448.051239014
449.063018799
450.368469238
451.764709473
452.826019287
454.337036133
455.971923828
456.893951416
457.900482178
459.305725098
460.76071167
463.001708984
464.184143066
465.25994873
465.854248047
466.130554199
468.074798584
470.277954102
470.72555542
471.675598145
471.875152588
473.266479492
473.64239502
473.788024902
474.11920166
473.600646973
473.507751465
472.363800049
470.895019531
470.009338379
469.303161621
467.951568604
467.019836426
466.289855957
465.931213379
465.360931396
464.660308838
463.83480835
463.070648193
461.859649658
460.436523438
459.127471924
457.294647217
455.792388916
454.994628906
453.278564453
451.544403076
450.530059814
450.340393066
449.433288574
448.844085693
449.046508789
449.171691895
449.04284668
448.674713135
447.537078857
444.992858887
443.121795654
441.934051514
441.222381592
441.24307251
442.387939453
443.755767822
445.224182129
446.83380127
448.05581665
449.310333252
450.374969482
450.730560303
451.869171143
452.333984375
453.592193604
453.795440674
454.420898438
455.336425781
456.711090088
458.047821045
459.852813721
461.391815186
461.300170898
460.244689941
458.930145264
457.632202148
456.606994629
455.644714355
454.534637451
453.821136475
452.701873779
452.152191162
452.418548584
452.493835449
453.246246338
453.745635986
454.469482422
454.780731201
455.030975342
455.078155518
455.847839355
455.837158203
455.83581543
455.667999268
455.085296631
454.571350098
454.164154053
453.482299805
452.199584961
451.34487915
450.954681396
451.592224121
450.507781982
448.036437988
447.778625488
450.023071289
450.797668457
450.983398438
450.894012451
450.750610352
449.859405518
449.216308594
447.298522949
446.038208008
444.293762207
442.230987549
440.323760986
438.136688232
436.67779541
435.447570801
434.226654053
433.214050293
432.460449219
429.92855835
428.971435547
429.01953125
428.108428955
427.631561279
427.770263672
425.920013428
426.146118164
426.026580811
424.776153564
422.682891846
420.577972412
419.457824707
417.893463135
416.093963623
413.899780273
411.070556641
408.818939209
408.118774414
405.900024414
404.282531738
402.843231201
401.09085083
399.282958984
398.597290039
397.214447021
395.954101562
394.990936279
394.931304932
393.935150146
393.308258057
393.508605957
393.57635498
393.535095215
393.626190186
393.813812256
394.023773193
393.97769165
394.038665771
393.693359375
391.619659424
390.204193115
391.649810791
393.854736328
395.716552734
396.266265869
397.085510254
398.400848389
399.322174072
400.35458374
401.445281982
402.805847168
404.038421631
405.556152344
407.080566406
408.269042969
409.573394775
411.582427979
414.230895996
415.939758301
417.675140381
419.195922852
420.395843506
421.644134521
423.43838501
424.429992676
425.718200684
427.63394165
429.386260986
430.973205566
432.40826416
434.323577881
436.133239746
437.571533203
438.571868896
440.714416504
443.092193604
445.471862793
446.354309082
446.685913086
448.218414307
448.792510986
448.055084229
447.127166748
446.255493164
445.093902588
445.740081787
446.508270264
446.373596191
446.700073242
447.558746338
447.858306885
449.843688965
451.980438232
453.269775391
454.371154785
455.096435547
455.288269043
455.628265381
455.744598389
455.910369873
455.784790039
455.570037842
455.988250732
458.064025879
459.747406006
460.72744751
461.718200684
462.510467529
462.903594971
463.329498291
464.000915527
464.646362305
465.509002686
466.125366211
466.81729126
466.374206543
466.704620361
468.158935547
469.175048828
470.009307861
470.282104492
470.847900391
470.605224609
471.424713135
472.883728027
473.731842041
474.520385742
474.948669434
475.669799805
476.194732666
476.464691162
476.64932251
476.476074219
476.214050293
475.83114624
477.470184326
478.231109619
479.689025879
480.585418701
480.710754395
481.149200439
481.178955078
481.028320312
480.523498535
480.052185059
479.264404297
478.121002197
476.629089355
475.220947266
473.478637695
470.950744629
468.765075684
466.850494385
465.303894043
463.99130249
463.029296875
462.736816406
462.44241333
462.58581543
461.895446777
461.962432861
461.477600098
460.760894775
459.467071533
458.23147583
456.694946289
455.246765137
454.440185547
453.226013184
452.584503174
452.129119873
452.794036865
454.228393555
455.150177002
455.951660156
457.634277344
458.963470459
460.562530518
461.641021729
463.04864502
464.065612793
465.469055176
466.541107178
467.937194824
468.358764648
467.757293701
466.107818604
464.006591797
462.142333984
459.861938477
458.095092773
457.16973877
456.271911621
455.482635498
453.845367432
452.744354248
450.867797852
449.34185791
448.140625
446.09375
444.020751953
442.363250732
440.110321045
438.899169922
437.654266357
436.646820068
436.483093262
435.853820801
435.089111328
434.543609619
434.004699707
433.521697998
433.324859619
433.112487793
432.839782715
432.944824219
432.898986816
432.771942139
432.671234131
432.82925415
432.723937988
432.627166748
432.547576904
431.283782959
432.836517334
433.708312988
432.868927002
432.443572998
432.794464111
433.122528076
432.803253174
432.236083984
431.985565186
431.432983398
430.556152344
429.959655762
429.781188965
429.509887695
429.136108398
427.397094727
426.87310791
425.366790771
424.184417725
422.738861084
421.334350586
419.876525879
418.456817627
416.358947754
414.760314941
413.07119751
413.162689209
412.993896484
413.387939453
413.820709229
414.372283936
414.882049561
416.250915527
418.106994629
419.079528809
419.997833252
420.692504883
421.044281006
420.7706604
421.245727539
421.761901855
422.321899414
423.614746094
425.115203857
426.198852539
427.220581055
428.680236816
429.422271729
431.245178223
433.275817871
434.501617432
434.832092285
436.732971191
436.706604004
437.819580078
439.883453369
441.049194336
441.15322876
441.698059082
442.779205322
444.25289917
444.791381836
445.123352051
446.292694092
447.228149414
448.251312256
449.34085083
450.318695068
450.785339355
450.876922607
451.012237549
451.38671875
451.865386963
451.608764648
451.146026611
451.73449707
452.318115234
453.527404785
454.22845459
454.415039062
455.493652344
454.919616699
455.941589355
455.657165527
455.21963501
454.350067139
453.129943848
453.284667969
453.388580322
453.155212402
453.143676758
452.818664551
452.290557861
451.767852783
450.902099609
450.436126709
450.127258301
449.211029053
448.559112549
447.894226074
446.666992188
445.149902344
443.920562744
442.359985352
440.522766113
438.632415771
437.297149658
434.977966309
433.675262451
432.927642822
432.8152771
433.762054443
433.258209229
432.36328125
432.402587891
430.112762451
429.204223633
427.676605225
426.05581665
424.694458008
423.722930908
422.695953369
420.693084717
420.352905273
421.57043457
421.156158447
419.428619385
418.076293945
417.300415039
415.42364502
414.218383789
413.405670166
412.013549805
410.871673584
409.729522705
408.774139404
408.06072998
407.232910156
406.454223633
405.529205322
403.873718262
402.860656738
401.781311035
400.576721191
399.975524902
399.619689941
398.428527832
396.805450439
396.111175537
394.945404053
393.160308838
391.559051514
391.416229248
392.250152588
393.221710205
393.573364258
393.496856689
393.261383057
393.426727295
393.308410645
393.499664307
393.642913818
393.6875
393.856994629
393.691162109
393.838745117
394.015136719
394.29309082
394.360473633
394.647918701
394.809417725
394.767028809
395.030426025
395.137420654
395.485443115
395.580780029
395.404907227
393.761779785
396.336730957
398.42074585
398.545623779
399.018463135
399.490142822
399.157684326
399.351745605
399.426025391
399.953613281
401.107147217
401.811218262
402.875152588
403.677734375
404.635192871
406.290283203
407.331512451
408.700378418
409.856994629
410.875457764
412.367279053
412.898956299
413.203887939
412.463439941
414.269561768
414.983978271
414.762390137
415.445709229
415.507843018
415.095153809
415.005218506
414.694610596
414.161743164
413.679351807
413.279388428
412.470092773
412.299407959
412.290863037
412.12902832
411.676116943
410.960266113
409.582519531
410.143035889
410.43359375
411.190765381
411.515228271
411.508728027
412.211181641
413.30368042
415.00213623
415.492889404
415.85723877
416.146789551
416.438110352
416.746734619
417.689453125
418.585906982
419.523529053
420.615509033
421.456420898
422.862579346
424.287811279
427.187683105
428.143005371
428.939361572
428.500640869
429.113983154
429.578430176
429.978851318
430.406616211
430.814086914
430.776367188
430.710296631
430.741729736
430.850585938
431.050689697
431.673980713
432.715637207
433.066314697
433.629089355
434.197570801
435.023132324
435.777923584
436.716461182
437.625579834
438.579803467
439.351806641
439.183105469
439.578796387
440.166229248
440.463806152
440.243988037
439.19909668
438.355377197
437.197601318
436.39453125
435.213897705
434.470001221
433.587402344
432.771453857
431.804138184
431.036621094
430.857940674
430.701690674
430.660522461
431.011169434
431.169006348
430.570495605
430.353942871
430.134277344
428.934509277
427.62588501
426.608032227
427.430145264
429.120880127
430.865081787
431.581085205
432.785461426
431.659759521
430.497283936
428.776733398
429.407440186
430.337402344
431.375762939
431.388000488
430.521697998
429.328216553
427.175842285
426.778625488
426.917541504
427.742675781
429.298797607
429.514068604
429.789764404
429.99810791
429.961456299
429.819366455
429.857818604
429.943328857
430.510803223
431.318756104
432.944976807
433.546386719
434.497894287
435.673553467
436.416015625
437.183349609
438.384643555
439.704864502
440.701751709
441.399597168
441.146087646
440.825317383
440.502838135
440.668792725
440.32800293
439.689056396
438.391967773
439.120056152
439.049133301
439.529144287
439.831604004
440.55368042
440.397125244
439.688995361
438.666320801
437.377349854
436.843933105
435.636383057
434.633087158
433.741241455
432.941558838
432.099884033
431.2684021
430.813171387
430.696472168
430.673675537
430.872283936
431.226287842
430.740753174
430.50491333
430.344665527
429.448760986
428.167816162
426.550079346
427.569213867
428.494140625
430.434875488
431.349578857
432.444274902
432.116241455
430.80960083
429.460693359
429.49710083
429.855529785
430.498260498
429.569458008
430.370849609
429.88482666
429.216949463
428.803771973
428.299591064
427.83480835
428.070831299
426.980682373
427.367919922
426.073699951
425.540008545
425.540008545
425.808959961
427.046508789
427.920776367
428.729644775
429.942474365
430.404266357
431.458618164
433.343048096
433.588409424
433.061981201
434.079071045
436.828308105
436.918182373
437.131378174
438.887207031
439.312347412
438.746124268
439.321014404
439.754943848
440.263275146
440.494628906
439.972198486
439.695465088
439.306213379
438.627197266
438.321685791
438.957458496
439.096221924
442.70022583
443.314849854
443.246673584
443.349456787
443.483215332
443.276062012
442.458129883
442.163970947
441.042694092
441.074493408
440.624908447
438.784484863
438.916717529
439.321594238
438.281341553
438.649688721
438.232849121
437.617919922
437.266601562
436.884460449
435.706085205
433.975616455
433.997406006
434.346038818
434.665863037
433.723907471
432.144805908
431.750762939
433.225128174
433.764953613
433.049560547
431.669250488
430.933868408
429.348815918
429.346313477
429.623321533
429.984527588
429.815704346
429.074645996
428.56829834
429.480743408
430.851654053
431.457580566
431.996246338
432.492797852
433.126342773
433.220245361
432.872009277
432.628570557
431.522766113
432.504974365
433.041992188
433.308166504
433.753540039
433.082885742
432.816558838
431.918426514
432.754547119
433.595214844
435.271575928
435.547485352
435.799377441
435.405670166
434.529418945
435.152893066
435.580566406
435.898406982
435.332977295
435.547149658
435.789154053
435.282867432
434.790374756
434.286865234
433.837463379
433.792938232
433.697540283
433.498687744
433.919891357
433.130310059
431.922332764
430.752227783
429.342803955
427.690307617
426.761199951
425.627410889
425.11038208
423.874969482
422.818237305
422.034576416
415.295349121
418.006988525
420.520202637
421.812957764
421.354248047
419.100097656
415.874572754
410.585449219
405.504852295
407.398162842
412.801696777
415.01385498
416.067596436
415.225616455
417.56628418
420.408813477
422.531860352
423.697845459
425.030059814
426.991729736
428.857879639
429.361328125
429.25302124
429.808258057
430.107696533
430.864013672
431.183044434
430.860870361
429.982086182
427.879150391
425.396789551
422.373260498
420.794250488
417.509002686
416.34072876
415.098754883
412.962677002
411.760284424
409.990203857
407.796569824
407.999084473
406.11138916
405.660186768
404.392028809
403.218231201
400.976135254
398.660675049
394.827056885
392.389862061
391.132659912
390.840545654
391.944458008
392.759155273
392.731201172
391.876342773
394.517852783
395.919036865
397.869506836
400.210327148
401.853668213
404.376708984
406.000854492
407.180389404
408.671386719
408.577636719
409.495483398
410.060394287
410.683868408
410.887054443
413.313842773
412.421051025
412.814300537
413.522888184
414.556671143
414.484527588
415.007202148
414.172210693
413.129089355
413.082427979
411.168731689
410.715393066
409.675598145
411.094848633
409.386474609
407.680999756
407.390655518
407.157470703
402.997741699
401.145935059
403.271392822
397.751281738
397.337371826
394.493713379
397.368377686
399.151611328
402.667785645
404.634735107
406.593536377
407.408660889
410.36932373
412.581573486
414.228088379
416.839477539
418.9375
420.512390137
422.178771973
423.532562256
424.651397705
425.251678467
425.983001709
425.651947021
426.538085938
426.534484863
425.80178833
426.266387939
426.464782715
425.525543213
424.377227783
422.845062256
421.534790039
416.359039307
415.294433594
414.732543945
419.372924805
419.800811768
420.365386963
420.236785889
420.944671631
420.831665039
420.394439697
420.016479492
417.874725342
417.078155518
416.355834961
415.171905518
413.813812256
412.337036133
411.282989502
410.472717285
409.693878174
408.600616455
408.341827393
408.362182617
407.948791504
407.448242188
405.877624512
404.837341309
403.793701172
402.766204834
403.413208008
404.634338379
405.426849365
404.794769287
405.035095215
404.883117676
405.512023926
405.421875
406.063049316
407.113098145
407.870605469
408.278533936
409.427490234
409.999145508
408.27456665
408.142425537
408.907897949
407.704223633
407.346069336
407.607299805
408.241821289
407.831665039
407.926147461
407.628753662
405.75189209
404.085754395
404.258087158
404.486297607
405.678161621
405.943359375
404.866729736
406.284606934
405.087219238
405.099151611
405.408874512
404.801239014
404.591522217
403.967468262
403.644378662
403.018218994
402.457580566
401.961242676
401.233978271
403.962768555
404.825775146
405.039123535
405.81137085
405.85824585
406.681121826
407.152893066
407.792114258
408.344543457
408.502044678
408.425445557
408.473480225
408.959320068
408.707305908
408.129638672
407.874755859
406.662078857
405.498840332
404.1612854
402.621459961
400.902252197
399.604034424
397.813232422
395.350280762
394.101531982
392.179443359
390.744781494
389.66583252
388.370239258
387.232940674
387.186279297
387.118530273
387.410125732
388.329498291
389.288696289
390.015014648
390.71585083
390.912536621
392.2734375
392.285186768
391.724029541
392.089172363
393.191986084
393.29876709
393.756622314
393.908172607
393.643280029
393.054290771
392.293579102
391.752471924
390.815948486
389.502349854
388.492797852
387.258605957
385.714385986
383.765106201
383.926574707
381.694793701
376.047088623
374.116882324
373.331085205
369.736999512
368.163970947
366.869110107
364.918151855
362.781066895
361.641937256
360.280914307
358.661071777
357.96307373
356.145294189
354.684204102
353.958892822
352.850250244
352.235443115
349.578521729
347.750152588
347.044342041
346.602020264
346.402801514
347.653442383
348.256774902
342.73626709
335.267272949
332.84286499
333.095031738
335.602325439
354.243621826
364.270385742
366.808410645
368.730377197
370.955688477
373.821380615
373.111938477
374.618438721
378.943054199
382.423248291
386.069274902
388.03125
390.351928711
392.62979126
394.840484619
396.474090576
398.321960449
400.125518799
401.349304199
401.658325195
403.227813721
403.208221436
403.344726562
403.216705322
402.793243408
401.194793701
401.27633667
401.924835205
401.840911865
401.193634033
401.574645996
399.580993652
400.002685547
398.570983887
397.084106445
395.903717041
395.082122803
394.030395508
393.602172852
393.939300537
394.922637939
394.997070312
394.944580078
393.339874268
394.429168701
393.753234863
393.446075439
391.560424805
390.544921875
390.191833496
390.328155518
390.597442627
390.784545898
389.904510498
388.102081299
387.075012207
384.653533936
383.179870605
381.599578857
381.635162354
381.568359375
380.905883789
380.354187012
379.958221436
379.606781006
379.192962646
379.529296875
379.833892822
379.437957764
380.04284668
381.083465576
381.700866699
383.370025635
384.385650635
386.598388672
387.896362305
390.497314453
392.5128479
394.708251953
396.117004395
398.741790771
400.650482178
403.024658203
405.02746582
406.845245361
409.564331055
411.855499268
414.334106445
416.932037354
418.981750488
419.527770996
422.086456299
422.942199707
423.749755859
425.157897949
425.714111328
426.858337402
428.148162842
427.558258057
426.819763184
426.114227295
425.373748779
423.906890869
422.525024414
422.298706055
420.724273682
419.467773438
419.067993164
418.184020996
417.101074219
416.009094238
415.143127441
414.805633545
414.740142822
413.957458496
413.824188232
413.0206604
412.839691162
411.508453369
412.618774414
413.410217285
413.942138672
413.077911377
412.688873291
412.43637085
412.251312256
411.660675049
411.727783203
411.859588623
410.885742188
408.191162109
409.027954102
409.171813965
409.633239746
409.859130859
411.040405273
411.191223145
410.481018066
411.900939941
411.581115723
412.460113525
413.401824951
413.277954102
413.301818848
413.314208984
413.34375
413.385101318
413.206756592
412.759338379
412.963897705
413.737701416
414.213043213
414.142852783
414.484924316
414.216033936
414.153442383
414.112854004
413.427520752
411.997741699
410.929779053
409.927703857
408.334686279
406.494354248
405.24697876
404.401916504
402.721557617
400.35534668
400.239898682
401.166595459
402.91217041
403.636871338
404.562408447
406.260223389
406.748413086
405.701690674
406.340606689
406.652252197
405.929962158
405.268554688
403.628265381
402.594970703
401.399505615
400.886444092
400.975646973
400.866546631
400.317718506
401.322052002
400.50390625
401.363098145
401.856445312
403.128265381
403.373382568
403.994720459
404.865783691
405.030456543
405.501617432
407.042053223
406.887023926
406.461730957
406.422424316
406.587280273
406.857299805
407.517944336
408.196289062
407.893127441
407.632995605
407.446624756
407.628967285
407.312011719
407.131072998
406.506439209
406.706237793
406.537414551
406.784973145
406.373687744
406.114013672
406.01449585
406.218383789
407.225891113
407.53225708
407.811065674
407.816650391
408.014343262
407.849761963
407.467163086
407.593811035
407.794006348
407.234619141
406.621520996
409.437011719
409.619476318
409.559143066
410.076385498
409.716705322
409.398773193
408.277038574
408.374969482
408.725708008
408.842559814
408.169677734
408.047546387
408.963348389
409.650268555
409.584533691
409.510101318
410.038818359
409.919494629
409.292266846
408.97442627
409.226348877
408.215240479
409.365692139
407.789001465
405.722290039
405.724334717
406.367675781
405.117553711
404.429992676
408.152008057
406.564331055
407.576660156
407.24621582
407.700927734
407.462371826
406.794158936
406.667510986
407.996124268
408.919372559
408.624176025
407.765441895
406.734191895
405.107940674
404.989898682
403.660949707
404.235198975
404.594787598
405.950073242
406.944213867
407.718353271
408.057800293
409.221160889
409.708526611
410.239746094
410.480682373
410.568511963
410.361358643
408.431182861
407.161071777
404.599517822
404.095214844
404.196868896
403.986694336
404.633911133
405.101593018
403.283447266
400.155670166
400.178710938
400.572692871
402.760864258
402.388214111
398.768066406
396.093170166
396.835693359
400.269714355
401.215301514
400.249084473
400.126708984
400.510650635
399.248321533
398.539520264
397.272491455
395.576965332
394.578460693
394.288848877
394.224914551
394.463287354
393.333526611
392.723114014
391.454772949
390.097442627
389.751647949
390.303436279
390.914855957
391.807250977
392.147064209
390.507995605
390.614807129
391.738830566
392.460845947
392.721313477
392.285644531
392.399932861
392.801116943
393.200012207
392.991821289
392.417938232
390.927429199
390.37487793
390.032196045
389.245910645
389.166687012
389.34274292
388.369934082
389.2109375
389.907562256
389.970550537
390.578857422
390.505493164
390.622528076
392.017578125
393.266937256
393.334411621
394.341522217
395.228607178
392.846282959
390.011962891
388.277893066
389.665496826
391.560241699
391.94519043
391.206329346
388.433319092
387.53225708
387.459014893
386.709106445
386.568634033
386.111968994
387.27041626
388.755126953
389.308502197
389.068206787
389.515808105
391.419952393
392.521392822
394.155181885
395.567474365
396.089691162
396.80166626
396.62902832
396.425140381
396.330871582
394.651672363
393.524230957
391.921051025
389.578216553
386.0496521
382.162597656
378.786560059
378.195281982
378.367828369
379.328277588
379.601074219
379.925567627
381.788269043
383.888671875
386.229278564
387.031097412
386.808410645
384.394500732
382.245117188
380.153137207
374.974121094
373.887512207
374.71661377
377.77331543
380.803588867
383.70223999
384.542388916
384.051879883
383.114837646
382.252807617
378.338409424
375.069488525
374.865356445
375.173736572
377.725860596
380.527587891
381.653442383
382.1015625
380.75793457
381.656494141
382.634796143
381.544281006
383.830871582
384.230316162
381.872528076
377.713317871
371.640014648
369.628479004
367.991516113
364.467681885
360.204956055
349.398956299
356.129882812
354.439178467
354.19418335
353.124603271
354.045715332
352.772857666
351.869720459
351.573913574
351.403961182
350.32598877
348.332824707
344.780609131
342.050689697
339.860900879
337.148834229
334.720825195
332.852874756
331.929534912
330.105224609
327.973205566
327.960510254
325.809844971
324.619506836
323.922546387
325.72479248
327.182800293
331.135620117
333.764984131
337.58996582
340.950805664
343.518127441
345.451843262
346.252838135
346.572570801
346.041564941
344.725158691
342.561706543
340.672027588
339.798797607
342.483306885
341.422027588
338.983947754
342.405944824
344.410614014
345.370056152
345.970458984
345.998565674
346.775421143
347.401153564
348.449310303
349.406066895
350.529418945
350.133026123
350.281219482
348.826202393
349.372680664
349.016204834
349.083587646
350.092437744
348.25793457
344.996368408
344.77053833
344.224822998
342.925628662
341.581359863
340.080749512
334.861694336
335.739593506
332.932250977
330.31451416
326.997467041
323.10647583
320.652160645
316.459014893
313.272033691
310.20401001
308.461669922
306.068267822
304.22277832
306.164215088
300.484771729
300.018188477
300.013824463
299.713287354
299.005310059
299.171295166
300.57208252
300.298736572
304.123748779
303.408569336
303.935943604
303.740966797
302.867340088
302.700683594
303.226501465
302.668426514
302.877838135
302.277160645
302.270996094
301.630126953
301.105712891
301.956695557
302.285430908
302.15826416
302.320007324
302.472808838
303.621826172
302.602905273
301.94921875
301.545654297
302.260894775
302.388641357
303.308074951
302.25567627
302.069976807
302.320343018
301.913330078
302.596588135
303.944946289
304.988128662
307.099243164
309.22869873
311.303161621
311.692810059
313.508453369
313.136657715
313.030517578
312.501983643
311.311645508
310.306762695
308.468292236
306.80581665
307.319061279
307.963043213
309.008392334
311.190948486
313.529907227
315.365966797
317.72265625
318.38269043
319.256835938
318.116790771
317.417266846
315.970672607
314.742431641
313.379364014
310.95916748
309.12701416
306.672271729
305.341644287
303.209625244
301.048919678
299.823547363
299.123199463
299.474822998
298.915496826
299.613891602
300.889648438
300.623840332
300.6824646
295.370849609
294.596588135
295.344970703
295.549194336
294.541137695
301.894836426
303.802307129
305.062316895
304.525024414
304.487457275
303.685943604
303.398956299
303.462219238
302.361877441
302.42477417
302.380432129
301.100738525
302.52142334
302.817108154
304.173187256
304.423278809
303.493286133
302.881317139
302.056671143
301.496429443
300.423797607
300.139373779
299.793701172
299.128631592
299.904571533
299.872253418
300.718383789
304.103179932
307.157562256
309.332061768
312.826293945
316.000518799
318.249420166
322.864562988
323.931671143
326.838775635
329.810668945
331.373748779
334.956420898
337.644134521
339.361907959
340.728363037
342.21975708
341.906036377
344.682250977
346.352752686
348.19619751
348.672454834
351.243347168
349.97857666
351.053985596
349.006011963
347.596496582
344.877166748
342.864898682
339.330474854
338.257507324
336.328979492
333.319976807
329.879119873
327.465240479
326.648132324
322.288452148
321.296203613
322.511993408
323.383636475
326.61050415
328.929748535
333.979949951
334.06161499
336.308654785
340.405731201
342.963378906
343.617431641
346.289489746
347.303436279
348.769775391
348.566650391
349.394165039
355.716918945
357.137420654
356.593841553
356.336761475
356.09475708
355.999481201
356.418060303
356.856323242
356.904571533
357.020111084
356.450042725
356.15335083
354.676116943
353.464080811
351.715423584
349.587371826
349.44152832
347.493652344
348.914093018
347.886016846
347.067169189
347.985534668
348.799377441
349.022583008
348.618774414
348.770935059
348.348602295
347.99230957
350.656677246
351.604278564
352.737915039
352.389587402
351.619628906
352.16229248
351.973022461
351.664642334
352.23348999
351.882324219
352.158172607
351.962860107
352.063995361
351.637115479
350.518798828
351.279083252
350.639038086
350.662445068
351.052856445
350.841827393
351.041900635
351.214569092
351.396179199
351.417663574
351.692016602
351.684173584
351.73614502
351.678985596
351.948394775
351.887451172
351.853302002
351.827697754
351.832580566
351.833374023
351.839477539
351.772003174
351.717590332
351.67300415
351.640441895
351.530883789
351.539886475
351.725616455
351.99432373
351.730712891
351.671478271
351.362487793
351.443634033
351.347869873
351.375610352
351.385559082
351.447723389
351.124725342
351.12600708
351.082519531
350.862518311
350.087615967
350.66229248
350.502685547
348.824371338
349.355163574
350.419250488
350.881713867
351.134613037
351.586914062
351.234893799
351.714874268
351.832519531
351.980743408
352.926605225
352.035736084
352.492156982
352.971008301
353.505523682
353.663635254
353.41418457
353.247406006
353.57019043
353.425109863
353.157714844
353.245483398
353.191833496
352.919555664
353.800231934
354.851287842
355.265655518
354.737701416
352.98059082
352.489715576
352.176483154
351.888122559
351.479705811
350.75970459
350.834442139
351.561431885
351.718292236
351.506072998
351.733856201
352.04876709
351.678375244
350.859863281
350.895690918
351.291290283
351.913848877
352.06729126
351.857666016
351.824737549
351.346038818
351.309326172
351.626861572
351.893157959
352.139038086
353.010742188
353.056060791
353.381530762
353.388153076
353.291870117
353.588928223
353.58505249
354.402099609
355.05947876
355.846282959
355.659515381
356.250427246
357.185913086
356.627868652
356.633483887
356.717681885
356.421936035
355.372924805
355.418426514
355.062774658
354.594482422
354.251647949
353.948638916
353.673400879
352.97253418
351.920532227
351.719451904
351.980682373
352.559753418
351.737792969
351.180847168
352.748779297
352.379150391
351.120758057
351.029418945
351.791320801
353.267242432
352.942596436
353.054290771
354.023620605
354.434509277
355.205596924
355.342102051
356.336273193
357.019195557
357.804046631
357.560577393
355.841796875
354.980743408
354.478363037
355.01361084
353.621490479
352.757293701
352.010528564
351.566741943
351.88659668
351.883300781
351.326660156
350.95098877
350.546051025
350.275756836
349.60736084
349.022216797
348.875213623
349.377746582
348.971466064
349.05557251
350.016815186
351.187805176
351.508636475
352.477722168
353.122528076
353.509460449
353.663146973
353.70715332
353.414215088
353.737365723
353.482391357
353.095489502
352.602142334
352.04006958
351.49420166
350.725585938
349.866851807
349.317810059
349.178771973
348.972015381
348.809020996
348.9765625
349.446258545
349.967163086
350.146881104
350.276733398
350.402160645
349.931732178
350.021820068
349.825836182
349.819458008
349.892730713
349.726013184
349.938598633
349.869476318
349.907958984
349.981842041
349.999237061
350.027648926
349.979370117
349.819854736
349.800994873
349.478271484
349.047668457
348.741912842
348.500518799
348.407775879
348.125915527
348.004119873
347.730834961
347.682312012
347.551818848
347.568603516
347.360595703
346.874481201
346.458374023
345.956390381
345.62878418
345.469207764
345.371551514
345.015899658
344.677612305
343.969116211
343.159912109
341.891204834
341.160369873
340.10748291
339.579681396
339.560760498
339.511474609
339.229003906
338.828826904
338.638061523
338.587463379
337.2394104
334.633056641
333.705871582
333.813171387
334.598876953
336.145874023
338.154571533
338.338409424
339.487182617
340.605743408
340.8515625
341.105773926
341.470733643
341.964263916
