134.9876099
135.742569
134.4665375
129.882019
133.8773651
134.3436584
134.9707184
134.9919281
137.4316406
140.3515015
142.6021423
142.1613312
140.6088409
142.7250824
142.0011902
139.0435028
136.3044891
133.5510712
129.8582611
131.1369476
130.138092
128.1265564
127.5445023
122.0071411
120.485878
122.2722092
122.9485474
119.0621948
120.845314
121.3146896
120.1304321
117.4294128
116.2796707
115.8243103
119.0884247
120.5813522
119.6621399
118.918396
115.9063187
114.1416855
116.7086945
116.5966263
110.9551773
108.3501282
108.8199768
107.300209
104.427536
106.0474548
101.0774612
99.6814957
104.9100266
104.2811279
97.5108566
98.6941605
102.6132355
104.1230392
107.6672668
106.2659988
108.3041611
109.0446548
98.8964996
100.9204712
104.5119781
109.244278
111.6112289
108.7772293
104.7227707
102.2702026
105.3154068
108.2781906
111.1853333
112.1647873
107.9452438
108.5852432
108.5105591
109.1661453
111.8909149
114.9679794
116.715889
115.4077148
113.5813675
113.6061249
113.2076492
108.9881439
110.3702698
110.9741211
108.2659683
108.8048935
111.4419785
112.5927582
115.3841629
117.5637894
114.9868317
114.0043182
117.7061157
114.0075531
114.5699768
109.9068527
107.7985229
106.7994308
109.3620148
111.456871
111.0693283
115.6928329
118.7397308
115.0205307
117.1188431
113.834259
114.556282
110.9029694
108.2087402
107.2204208
104.9584656
102.3734436
103.1382675
105.4042435
108.7077713
113.1468277
115.6275101
115.3152313
116.3591766
118.3358154
120.0579987
122.720787
122.5462189
119.6349945
117.4031982
116.6871414
117.7979507
116.5378571
115.4280319
116.6123962
115.1467667
118.377388
119.0163727
113.3951492
111.0319595
114.2169113
118.7942123
122.2931595
124.6933517
125.8635559
124.6421585
125.5802612
127.0266266
123.8334351
122.2334213
121.6361618
123.332695
125.2518768
126.1439667
125.6375732
126.4339981
127.7969055
126.0200577
126.2871704
125.6059875
126.002182
127.0725784
126.8143997
125.9814987
126.8358459
126.4633865
126.8115768
128.3486938
129.5789185
130.2439423
131.1921387
130.1501007
128.8334656
128.833313
128.5209961
127.2844849
125.9247284
125.5091019
124.8116684
124.5768356
124.2708511
124.5754166
124.8726273
125.1581802
124.7771072
119.0848236
124.0064774
124.1526413
123.2481766
123.4564438
127.8513031
129.3885803
132.6246185
137.9152222
142.1824036
134.3501129
140.0978546
138.9074554
136.8328094
132.2776184
127.5045395
125.3558044
124.3607559
124.2486649
122.2608337
121.003624
123.3343506
121.7299957
118.5234222
115.3363037
113.8435135
113.6933365
115.2934189
118.4413986
116.7682877
115.9373703
112.510704
110.1399841
109.1072617
108.0862961
107.0562592
105.2934189
104.2895584
104.2407532
103.5293961
103.2770386
103.5368042
103.0175476
102.7631073
102.0890732
101.9413986
102.9852448
103.1532974
102.8349228
102.9172058
101.9836426
102.0753632
102.3201294
100.748642
100.2896423
98.6259842
97.7946548
97.7973709
96.7694702
95.716156
94.110466
93.3215637
91.7378387
91.5231628
89.2604218
90.9029541
91.4663086
91.6553574
91.5802155
90.1663895
89.2460251
88.2843323
88.3065948
88.275177
88.1532593
88.1187134
88.1702805
88.3298111
88.4505005
88.4494858
88.409935
88.27211
88.0225067
87.804863
87.6533356
87.8387375
88.5786362
88.2373352
87.4598389
86.5488968
86.0710297
85.6288605
85.1335983
85.1314011
85.3633347
85.1366501
83.3979034
84.4784927
84.2758179
83.6915131
83.7062225
83.6265564
83.7149811
83.3901825
83.4330597
82.8221436
82.1127853
83.7717514
82.7989731
81.6310043
82.5909882
84.1578369
83.6005478
83.0158386
82.2372894
84.7070999
82.8087234
84.0925293
85.2582321
85.6382904
85.2364273
83.5545731
81.5067749
79.1331024
81.3117599
82.2944794
82.952034
83.2782059
82.7355118
82.2751541
81.8245926
81.2219772
80.7153168
79.9567032
79.5961685
79.350853
79.0262451
78.9285736
78.6567535
78.5153351
78.3522797
78.1917038
78.0545349
77.850914
77.6915741
77.507164
77.2373123
76.8917465
76.4644318
75.8734055
75.921669
75.9789352
75.4142609
73.8550262
73.3446121
73.0945053
72.7886276
72.6391296
71.7823486
73.1912689
73.3770142
73.8023605
73.3800888
73.0234756
72.8315506
72.8447952
72.8800888
72.9211426
72.916153
73.7317963
79.1501846
78.8821716
75.0911179
73.7431717
73.4186554
74.8054657
75.1948013
72.2576752
74.1413651
75.2721329
75.627327
79.5821686
80.7801895
83.7465668
85.7725754
86.9522858
88.1889191
88.2098541
88.1557999
89.4843903
89.5191803
89.0530472
87.5943222
85.7500381
84.2986374
83.7270432
84.0372925
84.2951584
84.6082916
84.9028091
85.3853378
86.1873245
86.8191299
87.8902664
89.1963501
89.9672623
92.7972488
93.97892
93.6527863
92.1282425
90.1457062
89.2030716
88.417511
88.0280991
87.8033752
87.2586975
88.2439194
88.1960602
90.341301
91.0582962
90.4245758
89.8230667
90.5752563
89.5845413
86.7924423
89.0714722
88.5698776
85.4492264
86.5254288
87.3263931
89.6220093
88.7761917
88.1589661
89.1239243
89.8959427
89.3674164
87.5250854
85.4673538
83.2811508
81.5594559
82.1914597
83.1200867
86.6229553
82.8708954
83.0681229
83.1453323
83.3338699
84.1734772
88.6261215
89.3419876
89.6336212
89.6315613
87.7446747
87.1012192
85.136673
92.2655716
93.0726395
93.0518036
93.545311
94.0001907
93.1077805
91.60186
89.0489273
88.3664856
90.2426682
91.0213013
91.2887878
89.4776764
89.3096085
88.4022751
86.8283615
84.8843613
82.9414978
81.2612076
80.4738312
80.0845718
80.1439743
80.5296936
81.0861206
81.6562653
81.3912582
78.8269348
78.4634781
77.4643478
78.9509659
79.8248749
81.4539795
82.6711502
80.5468063
78.7457504
76.2909164
72.2971573
72.3279114
74.69944
74.3582611
71.5373154
71.2166061
71.3010178
72.7004776
74.2112122
78.5370407
72.4093857
75.4251022
77.5655594
77.9120407
76.6845169
72.9233704
68.5401611
66.133194
67.8246841
71.5567093
73.6044464
74.211998
73.6449585
73.0009003
70.6266479
65.4769669
65.6523209
69.3351746
61.7500572
60.4502029
70.1049652
72.6985626
75.9184875
74.7547913
67.5218658
68.7989807
65.6588745
64.1003723
62.4838257
59.1649666
57.9070435
57.8962021
58.2961617
59.6457787
61.1334648
61.1189156
60.9432564
60.3727036
59.7397346
59.0924072
56.2133026
50.9469528
48.6276016
46.233696
43.9182701
52.5495682
53.7401047
52.853138
52.1202316
51.5029678
51.1148338
50.9687805
51.0500793
51.3392906
51.809433
52.4020424
53.1955681
56.2038651
60.9193954
63.1449852
59.4824677
55.7317162
55.1581192
54.9212799
56.2220802
54.5218048
53.6499825
52.860363
52.1762543
53.2889938
55.4300995
54.8629837
49.8397636
48.5968552
47.1054649
52.2983437
54.8581963
55.3697548
55.1615906
54.2104378
53.6759987
54.0525208
50.4821625
46.4403
49.1755676
50.9736481
49.9273338
41.9745522
39.1171761
37.7432556
38.5796661
35.7098694
34.9777565
34.8693008
35.8648643
34.8558388
34.7465477
31.4532394
31.2363739
29.0642738
29.0375576
22.2078018
22.0421658
23.0710583
23.735693
23.6854362
23.8508282
22.5172672
22.4482498
22.0341663
20.6920471
19.1044903
18.2453766
18.0038395
17.7735882
17.9196854
18.2067184
18.5429707
19.6246796
11.7618322
5.4879665
4.7744045
0.7344783
0.1986887
0.194299
0.1495633
0.1335492
0.1532375
0.1325696
0.2267556
0.1975573
0.2373074
0.1713313
0.381584
4.5977225
7.5733104
11.5138283
21.9677315
21.6538715
22.7762146
23.7580109
23.7653046
23.0614147
22.3184605
21.5851192
20.8355103
23.0350933
24.2087669
25.9311085
27.2178211
26.6392422
26.0219498
26.1285324
26.922245
27.9934998
29.1922989
30.0475826
30.9707031
31.8411427
32.6564026
33.5269623
34.5982208
35.7344437
36.84972
36.8228111
35.8654442
35.0781746
34.5367355
34.2034721
33.0550766
31.5535412
30.6412239
31.5391216
32.3481369
33.3206825
34.893074
34.7228279
33.6089516
33.5263596
33.328598
33.9048271
31.8988876
30.9102726
30.3854542
29.6963787
29.0685253
28.9203568
29.6454868
30.2860069
31.005867
32.3603325
30.2070808
28.0866909
26.8150616
25.7853584
24.6024895
23.4797821
22.2635498
22.2607174
21.4962082
21.4346619
20.8752499
21.5868359
21.1003456
20.2802124
19.1537285
18.6415081
18.0309563
17.4375477
17.1708221
16.9840565
16.9103069
7.7175908
2.843318
10.0877724
16.5582333
16.7084007
17.1339302
17.9643135
18.6752777
19.598608
20.4601307
21.3126907
21.7925377
21.7474346
22.7479725
22.2812176
21.5440369
21.6928291
21.5066776
21.2111778
22.8583851
21.1571503
20.7878246
20.7716885
20.1844921
20.2541695
19.6331787
18.907341
17.7852459
17.6784458
17.7110806
17.2112808
16.357254
15.9510336
15.4503527
14.8815174
15.4455013
15.9657974
16.5026112
17.0497608
17.286377
17.3683987
17.7001324
18.005949
18.284029
18.6508446
19.3082523
19.9007511
20.5373077
21.0087757
20.8852482
20.7128277
20.5644665
20.4132061
20.1385689
19.8812466
17.7300777
19.0918045
20.1623325
21.0169411
21.0850792
20.5046921
20.171484
19.7242413
18.9037895
18.0851669
17.5121861
17.4483814
17.2208862
17.4233723
17.4744225
17.2345409
16.9097767
16.6418266
16.3327007
16.0597305
15.790554
15.5785961
15.3030281
14.8984766
14.3484468
13.4813404
12.3128862
11.0236797
9.8460217
8.7202005
8.1117067
7.0478868
5.9079518
5.0639186
4.6117568
4.1538725
3.817085
3.4442382
3.128834
2.7593
2.4641314
2.1229746
1.8461413
1.9714174
2.5769656
3.1577787
3.8577967
4.320837
4.6611834
5.4291029
6.3082156
6.4957018
6.8817606
7.864676
8.8910246
8.9200134
9.6516237
10.4130707
11.2704382
11.558691
11.515296
10.4806614
11.1892729
10.8623762
10.660615
10.4871712
10.2495852
10.0296707
9.730442
9.6065111
9.2827263
9.0435066
8.8378305
8.627306
8.4496679
8.2436323
8.0152006
7.700448
7.5479827
7.3273754
7.1032133
6.8640633
6.5892386
5.9584765
5.4210134
4.787168
4.4737763
4.4001155
4.3587632
4.2696629
4.1810727
4.1466169
4.0432796
3.8201833
3.3666043
3.1149037
3.0421369
2.97
2.8686585
3.2977369
3.3704157
3.5179057
3.6278491
3.9350336
4.3093839
3.799871
3.3699882
3.3450563
3.5894186
4.1612196
3.7885621
4.1545744
4.4602437
4.7508364
4.8087201
6.7491412
9.011198
11.228343
13.2542772
15.1362944
17.4464035
19.2878456
21.3730545
22.0163975
24.5073071
24.1724911
23.679451
23.8795204
24.1250668
24.8359108
25.3101063
25.9780922
26.7030926
27.2399998
27.5496273
27.4194679
27.6866283
28.1386776
27.865097
27.9816475
28.3117561
28.0250187
27.8371696
27.2424068
27.1339722
26.1353264
26.2472458
25.8395119
25.4524651
25.0561314
24.5604744
24.0351582
23.450428
22.999939
23.4263229
23.8708324
24.3934536
24.861227
25.1785851
24.9288139
24.6614094
24.3586063
24.0454426
23.7381401
23.7435856
24.3001194
24.7729683
25.1283321
25.4501648
25.992836
26.0290546
26.1421394
26.0039291
25.7771626
25.5163479
24.8940639
25.53965
26.0018158
25.6763973
26.6002922
26.8846836
26.4837093
26.1291409
25.7281322
25.4172745
24.7909508
24.4101467
24.0702724
23.6513958
23.2709446
22.9026222
22.8084469
22.2471504
21.847662
21.5725231
21.4419765
21.6118088
21.821207
21.9745941
21.8130779
21.5224972
20.9812145
20.4309711
19.8861904
19.3328991
18.8821144
18.1806126
17.7559738
17.4690952
17.0047188
16.3958645
15.5524006
14.4018288
13.677947
12.441308
11.1756811
9.7752266
8.2055674
6.451355
4.5462718
3.5347478
3.1270368
3.5689096
4.1950226
4.8196959
5.3217115
5.6895003
5.9442711
6.1395092
5.8917885
5.5130062
5.118628
4.7747703
4.5797429
4.5091734
4.5354915
4.6039038
4.1765509
4.1136737
3.4493291
4.0532246
2.9182763
3.6240087
3.0758958
3.3944764
2.5693479
2.7354057
2.3943982
2.7224123
3.6420982
4.0252995
4.381197
4.9493799
5.4193587
5.7659812
6.1742611
6.4704957
7.014596
7.4882913
7.7198062
8.4158745
8.7856026
8.3084145
8.1257067
9.2564754
10.3005667
11.8787136
6.2079749
11.2089729
11.6753807
10.5971384
9.8017521
10.6051626
11.7331085
12.9109316
13.988451
16.2933826
18.2692337
19.7609558
20.9054165
22.2531052
22.4154758
18.4713936
14.9081774
10.9558535
8.1687574
4.9050646
3.3889291
4.556879
3.9790895
3.7365561
3.6732342
3.5115964
3.5233836
3.6462557
3.3169222
3.2465434
3.6120174
3.1066182
3.0280006
3.2641709
3.5072229
3.785073
3.8070707
3.5990651
3.2589002
3.1126833
3.4219391
3.6712554
3.5079346
3.456635
3.7643201
4.0376859
3.8967862
3.5464969
3.3931494
3.5189819
3.7297864
3.9138668
4.0746994
4.2492552
4.0049853
3.6815295
3.8006063
3.6615338
4.1011405
4.0197582
3.890038
4.5170274
5.5133076
7.5607052
8.5001812
9.3533659
11.8408594
13.0349665
13.1135845
15.2044687
15.7128105
16.1830978
16.5461044
16.9149837
17.2913342
17.4151821
17.2408276
17.6740417
18.5386524
19.8395519
20.2530727
20.5697174
20.6026821
19.1001492
17.6283264
16.8583851
16.2801456
16.094965
16.6828518
17.2011814
17.7670879
18.2604961
19.4810467
20.8054562
22.0884686
23.0211067
23.9702873
24.1384296
23.5056076
26.7894764
27.3045559
27.412096
22.0928726
22.4974346
25.1871548
28.393404
28.6240616
29.634222
30.7651863
31.7457676
34.2064209
37.5481377
40.4083252
43.3113022
45.9694939
49.7032661
51.264492
52.9022636
52.7686768
53.5293503
53.6058273
53.5351181
55.3907013
55.2649956
54.7405891
54.4845314
53.3878365
52.8532829
51.8726807
50.7660522
50.2585907
51.2037621
51.9379616
53.6681671
55.5281487
57.1882248
58.4948311
58.5314636
60.3595619
59.5109406
59.3588409
60.0706596
59.7069893
59.0315704
58.8494415
60.1529541
61.6447601
60.9206467
60.5170021
59.4991493
59.3982811
59.0064316
58.8100281
58.6769066
58.5441666
58.7936668
58.7983894
58.1370811
58.4004707
58.7885857
58.9312057
58.1538353
57.6500549
57.1777534
56.7359123
56.2792854
55.3438187
54.289196
53.1821709
51.510231
49.8388214
48.7194023
51.131134
52.1211128
54.1226463
55.8233643
55.1778145
54.5245132
54.7404175
55.2289276
55.7744598
56.3932228
58.0640831
60.2662239
62.4622459
63.2036095
63.3621826
63.1983185
65.648613
68.670784
69.7765656
68.9952164
67.6531525
66.6478271
66.7453156
68.4054489
70.3108521
70.8300781
73.0202942
72.2008514
74.3567429
75.6796722
74.8435974
74.8440857
76.5583572
79.5352554
82.2533035
84.7073517
85.4112015
86.8976364
87.9624863
88.8255386
90.1106644
88.7012939
86.9393692
84.0376053
79.9375381
77.0280991
74.2474976
71.9005966
69.3003616
67.0392303
64.9769363
66.0691757
65.9493637
66.368309
65.8086243
65.1631775
66.8053436
69.2415771
70.8680573
73.5622787
76.7948761
89.0581818
88.6455765
87.6912308
86.6913147
85.133873
85.0728455
83.8848724
79.9420624
78.4866638
76.3071136
74.1093979
74.0139694
72.8215332
72.1491699
71.4384995
72.8356705
72.5054245
70.9085999
71.0734634
69.5594406
67.3044128
66.7485886
66.5593643
67.4074554
68.572197
69.501236
69.7632751
68.7089767
66.3654861
63.918911
62.5359764
61.0863113
59.7595825
58.5324364
57.4910049
56.5882607
55.6306152
54.7449722
55.5765839
56.0370483
56.077919
57.8443565
58.0670929
57.6558266
57.9179001
57.6698952
57.3480225
56.5528526
55.4790993
54.5831375
53.6761932
52.7514496
52.0109215
51.0041656
50.005558
48.6892891
47.7000084
47.4566803
46.5519371
46.4722137
45.479351
44.8486938
44.6127014
43.7896423
43.1220284
43.0723419
42.9074593
42.7184334
44.0606003
43.6292076
43.7439156
41.8260956
38.8470726
36.8094597
34.9656944
33.5966759
32.5302086
30.9181232
30.1542721
29.8832111
29.2944317
28.7685623
28.4464359
27.6623974
27.3474865
26.8827
26.5545597
26.6265354
26.6902447
26.6603909
27.0234814
27.3896885
27.5427094
27.8301258
28.329298
28.4120274
28.6880856
29.1290684
29.2690697
29.2825317
29.1372795
29.0633335
29.1619415
28.6439571
28.7364883
28.5311909
28.4177532
28.3237495
27.7514496
27.9959145
27.6258259
27.2297802
27.4926014
26.7112541
27.2959576
26.6167526
26.2793159
26.1190681
26.2342434
25.758234
25.7103367
26.2213058
26.414566
26.5327892
26.6986618
26.8625412
27.165947
27.0602112
27.280447
27.1307812
26.7912769
25.7457657
24.9312973
24.7988014
24.7304115
23.5260143
22.6455173
22.0271893
20.3678207
20.2070522
18.6395817
17.6627541
17.1174412
16.8139229
16.6252956
16.4309216
16.5655727
18.8205147
17.8090649
18.877739
19.8068523
20.3493042
20.7874432
20.2165279
20.2581482
16.9060745
18.1476192
16.8492413
16.4050217
16.9656734
17.5569229
17.8827915
18.2608662
18.6841431
18.9088955
19.1156311
19.3016548
17.3047543
16.4263897
15.9715996
15.3910532
14.4929743
13.4737825
12.6289444
12.9447212
11.7313356
11.4756832
10.7810946
11.5515652
13.3473482
8.6879787
12.080162
11.1744547
11.8410635
12.372941
11.974514
11.321084
11.7098923
10.1823874
9.0739775
8.1626444
7.6583829
5.1241827
3.2714355
0.36
0.350936
0.3575338
0.3207741
0.2804605
0.2699904
0.2893942
0.3939196
0.5562394
3.4442217
9.0270844
8.990118
1.9911449
0.3879939
0.3378888
0.3213864
0.400449
0.41
0.6111519
4.6984444
8.0776567
6.2629375
5.8621511
5.5921965
1.4724687
1.3336473
1.2361504
1.0604609
0.27918
0.353391
0.5883482
1.249199
1.8295439
2.9193549
5.08324
1.0784971
0.3231508
0.3937787
1.9854522
2.3913703
3.0208387
3.3135755
2.8371713
2.3930414
1.8515344
2.2937636
2.5257311
2.4096651
1.4361249
2.2329166
2.5084569
2.9397278
3.0969565
1.9530017
1.6835728
1.7635748
5.4580431
5.0418944
4.5904617
4.113307
4.0389404
4.0206919
3.2648571
3.274569
3.5196338
3.2341225
3.4513748
3.3408191
3.0572
3.3852932
3.9882994
4.3192024
4.137989
3.7103434
3.5371854
3.0936418
4.0381618
4.5349388
4.7752538
4.6960001
4.6015582
4.129776
4.0418243
4.0618315
3.6736743
3.9316382
4.148705
3.9754694
4.0246062
2.760263
1.927937
0.3158161
6.1915212
4.2503061
2.4328673
1.6471179
1.7137634
2.4833024
3.1645174
3.6257322
2.7648404
2.7585533
1.9741317
1.8549789
1.8087915
1.9070783
1.7528476
1.7287697
1.6154395
1.4897264
1.6394322
1.7147102
1.6232213
1.7269993
1.8759226
1.9503839
2.0566216
2.0115368
2.1028368
2.1446941
1.9416794
1.987054
1.9426423
1.7736523
1.8219525
2.2512491
2.5176468
2.3783875
2.4708817
2.4244156
2.5318911
3.5884755
4.6871295
5.0654578
5.504283
5.0193887
4.5891094
4.0817075
3.504869
3.1477957
3.021584
3.620173
3.3664532
2.4786687
3.6302402
3.3889675
2.1178172
3.3707514
3.8513188
3.8735883
3.785805
3.7447057
3.8658032
4.2017474
4.6486793
4.5988355
4.1438146
4.6026988
5.401515
10.0812159
7.9744678
8.498311
9.3313198
10.5614882
10.927556
5.7198992
11.9536161
11.8073568
10.3005028
9.6752729
12.7160492
11.1500082
9.2007504
9.8982029
9.8565998
9.8681307
10.0499239
10.4454365
10.8906975
11.4714842
12.6388597
13.4164705
14.0726423
13.683054
12.7807474
11.4718637
11.3288937
10.3592997
9.2932301
8.5290585
7.6923971
7.0020232
6.3416591
6.0557389
5.9550433
6.1198812
5.0514731
4.3583312
3.6817267
3.2471581
3.5235119
4.2823296
3.9788904
3.78
3.4688852
3.2540085
3.5899827
3.7682335
3.5528047
3.4997056
3.3446586
3.3284593
3.3648508
3.694977
2.968096
0.1118171
0.091146
6.401289
7.7545528
8.4973631
7.1554375
6.2242637
4.4251499
4.864233
7.8110428
7.8661981
5.4576197
4.0789933
2.2486153
1.7485877
1.8843056
1.8550528
1.5615727
1.5603414
0.7806085
0.5836463
0.7115156
0.6232392
1.4468871
1.7268075
2.3003578
3.5913322
1.3788968
0.9338902
0.8506355
0.8502538
1.2304267
1.40741
1.8520664
2.1658645
2.2041953
1.9488897
2.0079763
1.7690153
1.5409204
1.5137151
1.4200276
1.7463633
1.2806866
1.2786921
1.5085269
1.3389621
1.2789596
1.1192864
0.9384666
0.7846479
0.9210147
2.2798986
3.4651742
4.4089537
4.4741325
5.1108685
4.2032151
1.8764468
1.7650115
0.2284264
0.0536079
0.0506972
0.5856878
4.0514288
7.1410923
6.6364079
6.4757056
0.1222081
0.1451634
0.2646702
4.3234735
8.5525656
8.1465473
8.113965
8.1518984
8.3084812
8.1226826
7.616683
7.159018
6.2672501
3.7880845
2.1141188
0.3064335
0.099166
0.1030937
0.1086987
1.3569167
4.6029859
4.4082918
1.5103643
1.5806276
1.5699028
1.5733383
1.5984383
1.62
1.6848158
1.9636812
2.1495662
2.1239874
2.0033267
1.9172686
1.8931084
1.8728801
1.8634745
1.8966002
1.9707924
2.0060384
2.0732176
2.1016247
2.1446922
2.2271495
2.2472129
2.131237
2.0454099
2.0238342
2.0228667
2.0309675
2.032979
2.0074813
1.9793596
1.9669756
1.9290011
1.7835015
1.6982193
1.6645991
1.630321
1.551886
1.3757753
1.0568063
0.935177
0.9169188
0.8845885
0.757979
0.6377516
0.3942561
0.2460494
0.182147
0.1457842
0.1478845
0.3016013
0.8212772
0.9335175
1.0855919
1.1420614
1.1789254
1.2023894
1.2435285
1.3029004
1.3460004
1.4276143
1.5209965
1.5384182
1.508104
1.4789888
1.466455
1.4792681
1.5168447
1.5434234
1.5757055
1.5950178
1.5622382
1.4977047
1.5003051
1.5075965
1.51
1.513407
1.5156486
1.534546
1.6250129
1.8725904
2.1251957
2.4653966
2.6664805
2.9356332
3.2055748
3.3349171
3.3569167
3.3055565
3.2686677
3.2202129
3.1715517
3.1358321
3.105547
3.0660889
3.0202138
2.9409056
2.9332132
2.9303477
2.9096806
2.9028676
2.865428
2.8109069
2.7954261
2.8145013
2.8605609
2.8499999
2.8391194
2.783778
2.7644281
2.7381353
2.7105432
2.6719854
2.6422093
2.6219282
2.6092205
2.5946407
2.557009
2.5394895
2.5105095
2.4652419
2.4005129
2.4106824
2.4565251
2.5051162
2.4987125
2.4335268
2.3988833
2.4367187
2.4700174
2.4865155
2.5237107
2.5365164
2.5699999
2.5765862
2.6093733
2.6406629
2.652251
2.6702094
2.6999636
2.7140412
2.7362504
2.7665136
2.8028522
2.8366771
2.8450825
2.8816369
2.9089806
2.9190447
2.9103703
2.8779318
2.8297396
2.7878766
2.74
2.7203417
2.71
2.7000096
2.6791298
2.651284
2.6216283
2.6202178
2.6299615
2.6105449
2.5604618
2.5091398
2.4484179
2.390419
2.3546863
2.3145711
2.2735355
2.2343724
2.1966677
2.1789165
2.1687269
2.1522741
2.1223123
2.0999999
2.0772738
2.0293119
1.9578713
1.8670406
1.769704
1.6753249
1.6060545
1.5409778
1.4932269
1.4538245
1.4437326
1.4500771
1.4413749
1.4192896
1.3906828
1.3719566
1.3714659
1.3928391
1.41
1.4198653
1.441173
1.4565661
1.4640533
1.451842
1.45
1.4299999
1.4299999
1.41
1.39
1.370697
1.3500748
1.3215392
1.3084509
1.2997819
1.2584653
1.21
1.1900001
1.16
1.14
1.13
1.1229565
1.1053408
1.1000001
1.0903574
1.0584389
1.0664005
1.0793738
1.0830046
1.0700001
1.1340837
1.1845667
1.2152115
1.2564753
1.2877392
1.3485405
1.3897562
1.4318246
1.4944036
1.5478221
1.5634404
1.5837845
1.5912541
1.6201621
1.6395239
1.6817365
1.7176675
1.7810439
1.8066736
1.7971879
1.7497041
1.7684276
1.8219512
1.8240864
1.8668174
