574.866333008
571.608764648
570.663818359
572.798156738
576.506225586
575.969848633
579.001525879
581.450378418
582.366088867
586.555236816
586.426513672
583.494934082
579.031982422
573.130493164
577.410522461
577.362792969
578.434204102
576.284240723
572.812316895
571.645507812
569.699584961
570.298278809
573.362304688
576.265014648
576.890075684
576.983581543
580.042114258
579.322998047
579.69744873
581.143127441
582.26953125
583.270019531
585.219543457
585.270080566
585.158691406
585.157409668
587.145507812
589.082275391
590.35534668
590.874023438
591.300231934
592.426574707
594.364074707
596.132141113
597.285217285
597.417236328
599.901000977
599.656860352
600.549743652
602.20690918
602.874938965
602.800415039
601.909301758
601.100402832
601.368225098
600.060180664
597.297607422
597.558349609
599.744628906
600.487426758
602.233886719
603.732177734
605.16583252
603.323608398
603.530395508
603.36541748
607.078063965
606.957397461
608.432312012
609.790649414
610.416992188
610.13104248
609.752197266
609.780029297
609.717956543
609.720031738
609.247680664
609.467407227
611.474975586
612.653930664
612.533081055
612.539855957
612.952697754
612.68145752
613.81640625
615.698791504
615.827941895
615.859008789
616.057739258
617.150512695
617.557128906
618.108520508
618.724731445
618.715270996
618.988769531
619.685913086
619.968383789
619.359680176
616.812744141
619.51184082
619.763977051
620.664611816
620.279968262
619.121337891
615.582702637
618.321594238
621.199829102
621.512084961
621.378540039
621.003356934
619.861572266
619.158935547
620.291259766
620.820007324
620.287109375
618.709777832
619.632568359
621.157104492
622.655639648
623.028625488
622.295349121
623.210388184
623.312316895
624.710083008
625.265441895
626.053771973
626.423095703
627.32220459
627.821533203
627.907287598
627.902160645
627.876647949
625.812744141
627.670898438
627.870788574
630.024108887
630.944824219
630.940856934
630.857666016
630.917175293
630.930358887
631.255493164
631.61114502
631.925415039
632.358276367
632.805053711
633.40222168
633.869506836
633.867553711
633.90045166
633.168823242
633.524597168
633.765686035
633.973266602
634.888061523
636.516662598
636.684265137
636.748413086
636.688598633
636.52532959
636.453491211
636.587341309
636.363586426
636.364685059
636.504699707
636.86895752
637.256530762
637.865234375
638.807556152
639.71472168
639.952331543
640.044067383
640.08215332
640.135192871
640.120117188
639.677734375
637.867614746
639.867736816
640.082519531
641.229187012
643.10333252
643.131835938
643.130004883
643.130004883
643.130004883
643.130004883
643.145935059
643.182373047
643.236022949
643.244689941
643.511352539
643.724365234
643.947021484
644.22833252
644.570007324
645.073852539
645.766052246
645.934936523
646.116943359
646.110290527
646.188171387
646.212036133
646.262451172
646.643798828
646.56652832
646.259338379
646.932373047
647.020263672
646.180786133
646.819396973
646.912841797
647.04083252
648.616821289
649.567321777
649.942199707
650.422180176
651.039245605
652.080871582
652.265930176
652.271850586
652.581970215
652.444702148
652.269958496
652.270080566
652.270019531
652.269958496
652.276611328
652.269958496
652.269958496
652.645996094
653.443969727
654.846496582
654.252380371
654.882324219
655.180664062
655.251403809
655.319763184
655.376464844
656.518310547
658.131652832
658.09375
656.874267578
655.63494873
655.346862793
654.736816406
653.211914062
654.165771484
654.86529541
655.266235352
655.400634766
656.044494629
657.947509766
657.932983398
657.924865723
658.366088867
658.364807129
658.11895752
657.665405273
655.985229492
655.41796875
657.297546387
657.695800781
657.608764648
658.371765137
658.101379395
657.758850098
657.440002441
657.440002441
657.503295898
658.125610352
658.369995117
658.391662598
658.384277344
658.401855469
657.837158203
656.704406738
656.178894043
655.502624512
656.55065918
657.959472656
659.663574219
661.475769043
662.085998535
662.629089355
663.542419434
664.406677246
664.422607422
664.429870605
664.462158203
664.462341309
664.553649902
664.560302734
664.47265625
664.469970703
664.469970703
665.333984375
667.535644531
667.508422852
667.499023438
667.535644531
667.541931152
667.523681641
667.67578125
668.372253418
669.02911377
669.453979492
670.170288086
670.522094727
670.553222656
670.559997559
670.559997559
670.559997559
668.910095215
667.302734375
669.021179199
670.097412109
669.974365234
669.940490723
669.74041748
669.190917969
669.541870117
671.185791016
672.239501953
670.546142578
668.471679688
668.997680664
669.666015625
670.403137207
670.506347656
670.468078613
669.752685547
667.386474609
667.431030273
667.551208496
669.69519043
670.051147461
670.089172363
670.074951172
670.561401367
670.243591309
670.00982666
670.637451172
670.68737793
670.714782715
670.692382812
670.730529785
670.74041748
670.915527344
671.141113281
672.826538086
671.820007324
667.402770996
668.296936035
669.629516602
672.350341797
674.066345215
675.318359375
676.091430664
676.676452637
676.659973145
678.578796387
678.839172363
678.980895996
678.886535645
678.760314941
679.076721191
679.609069824
679.561340332
679.586364746
679.700195312
679.33581543
677.889892578
677.557983398
678.259399414
679.16973877
680.085449219
680.397644043
680.508728027
681.751831055
682.69909668
682.75958252
682.27520752
682.744628906
682.786254883
681.662658691
681.39855957
681.264038086
681.796630859
682.362731934
682.740478516
682.75
682.778137207
682.710388184
681.691772461
682.78503418
682.75
682.75
682.75
683.033691406
684.145385742
684.943115234
685.638549805
685.172851562
684.406738281
685.788391113
685.50012207
685.799987793
686.701843262
688.606262207
688.040405273
686.730285645
685.791809082
684.319763184
682.920898438
678.155273438
682.661254883
683.90447998
682.625976562
682.137268066
686.683654785
688.386047363
688.755004883
688.821899414
688.849975586
688.84375
689.035217285
689.216918945
689.367553711
690.077514648
691.497314453
691.840454102
691.820922852
690.936828613
690.797119141
691.297607422
691.899963379
691.93927002
692.17388916
694.104003906
695.429504395
696.048278809
697.465454102
697.845947266
699.141418457
700.440063477
701.301818848
701.511779785
701.607971191
701.427246094
701.079406738
700.682495117
700.588806152
701.051269531
701.045410156
700.454467773
699.931640625
700.39666748
699.616760254
697.627319336
695.471862793
698.344360352
701.199035645
702.716674805
702.764892578
701.567382812
701.370727539
701.111938477
700.850891113
698.034118652
699.838317871
701.500793457
702.109680176
702.065246582
702.075317383
703.003417969
704.195068359
704.460388184
704.435913086
704.856140137
705.950073242
707.105285645
707.756835938
708.871459961
709.810546875
710.263671875
710.186706543
709.431640625
708.710327148
707.140136719
703.407409668
710.272399902
713.878967285
708.847351074
710.21081543
710.373291016
710.211730957
710.191223145
710.185119629
710.222229004
710.629272461
708.840698242
708.113220215
707.171875
704.365600586
705.107543945
708.184387207
707.234802246
707.127380371
707.405395508
708.249267578
708.525634766
707.811035156
704.423461914
707.736450195
707.298583984
707.219482422
708.773925781
707.83605957
706.493347168
708.735107422
710.189147949
711.925598145
713.286987305
714.309936523
713.323791504
713.307556152
713.452880859
713.193237305
712.91595459
710.302062988
710.461914062
710.23236084
710.819641113
710.194274902
710.299194336
709.780883789
710.177856445
710.633361816
710.94921875
711.11126709
710.199707031
710.019592285
708.840759277
707.157775879
707.654296875
707.151367188
708.28314209
711.160827637
713.250305176
713.366638184
713.849609375
714.127197266
715.379150391
715.229248047
715.905822754
716.279968262
716.653259277
716.285217285
718.3671875
720.039794922
720.11138916
721.005310059
722.38079834
722.391540527
723.265319824
725.215759277
725.424072266
725.424560547
725.466796875
726.009277344
725.671081543
725.573547363
725.425720215
725.381286621
724.002624512
724.281311035
724.92401123
725.251037598
727.460876465
729.008850098
728.830444336
727.179626465
726.061462402
728.501525879
729.156616211
729.23626709
730.062072754
730.863342285
731.505187988
732.411193848
733.20513916
734.259094238
734.568786621
734.569946289
734.955749512
735.742797852
735.719604492
735.711730957
735.291564941
734.867004395
734.334411621
733.711853027
734.010498047
734.107849121
734.287841797
734.306335449
734.567993164
734.070007324
734.399353027
733.649353027
731.935302734
732.351379395
732.857177734
733.242004395
733.100341797
733.481323242
733.772644043
733.953613281
734.280395508
734.569946289
734.714294434
734.956542969
735.07043457
735.341064453
735.184509277
734.635131836
734.604919434
734.962768555
735.320373535
735.567077637
736.065979004
736.856872559
737.764160156
739.232177734
740.024353027
740.462280273
741.214660645
739.97857666
737.649719238
740.674194336
741.457336426
741.652648926
740.754455566
739.89074707
739.108825684
739.688537598
739.080200195
738.130554199
737.641052246
738.613830566
739.208312988
739.616271973
738.651916504
737.80456543
739.137634277
738.756713867
737.662353516
738.960327148
739.972106934
740.252319336
740.24609375
740.363342285
740.66998291
740.707275391
740.750244141
740.967407227
740.845458984
741.365722656
743.33026123
744.265319824
741.737243652
740.505554199
737.560668945
732.181518555
728.788269043
730.618225098
731.707092285
732.232971191
733.002258301
733.178161621
732.680114746
732.431335449
731.964355469
731.878479004
732.446166992
732.882751465
733.243225098
733.340148926
733.422729492
733.658508301
733.401855469
733.338623047
732.884521484
733.818664551
734.056884766
732.756286621
731.534301758
731.63470459
734.750427246
735.172851562
734.751159668
731.977294922
730.887695312
731.635131836
732.865722656
732.563476562
731.8203125
731.943359375
730.812316895
729.529785156
728.662902832
727.007629395
725.486755371
724.691345215
724.124145508
723.606262207
723.048583984
722.430236816
722.376953125
722.002075195
721.843322754
721.867858887
721.876464844
721.853637695
721.344299316
719.329406738
719.647338867
720.128967285
720.623535156
721.165710449
721.642822266
722.574829102
723.395996094
723.910217285
724.63482666
725.941894531
726.061706543
725.863342285
724.652709961
724.497924805
724.434143066
724.580383301
725.631591797
727.419067383
726.544006348
727.277832031
727.937255859
726.435424805
726.230712891
726.328674316
728.112060547
728.06262207
728.219543457
728.233581543
728.027893066
727.895690918
727.492126465
726.813415527
726.683349609
726.609985352
726.899536133
726.950012207
726.953308105
727.178649902
727.2890625
727.369018555
727.409179688
727.401367188
727.383728027
727.452087402
727.489807129
727.513244629
727.648376465
728.323547363
728.524841309
728.68359375
728.690795898
728.669372559
728.665283203
728.725036621
728.713317871
728.66796875
728.684020996
728.986938477
729.518249512
730.000244141
729.999389648
730.001586914
730.226379395
730.397705078
730.59552002
730.799987793
730.896789551
730.916992188
730.961425781
730.998901367
731.010009766
731.184692383
731.40057373
731.518005371
731.635253906
731.774230957
731.916259766
732.071166992
732.252563477
732.420593262
732.58203125
732.663635254
733.01953125
733.047912598
733.050415039
733.06048584
733.101257324
733.212646484
733.251342773
733.307312012
733.348510742
733.393005371
733.485351562
733.544128418
733.710083008
733.861022949
734.003601074
734.260253906
734.569946289
734.623840332
734.680725098
734.77734375
734.850219727
735.008666992
735.121520996
735.231567383
735.38482666
735.567199707
735.777832031
735.997070312
736.094604492
736.274841309
736.507507324
736.666809082
736.557006836
736.592590332
736.986572266
737.180969238
737.656555176
737.92779541
738.0078125
738.128234863
738.097473145
738.435058594
738.798400879
738.961791992
738.516906738
741.003112793
741.646911621
741.990600586
741.155090332
740.867675781
741.723144531
742.306762695
742.500427246
742.253234863
741.949462891
741.508117676
741.110839844
741.62713623
743.774902344
743.973144531
743.866882324
744.178894043
746.68157959
747.131958008
746.108154297
745.719238281
745.652160645
746.016235352
745.983642578
745.578796387
745.526245117
746.09765625
745.817199707
745.287780762
745.58392334
745.919311523
746.079650879
747.151184082
746.849914551
745.274597168
746.316833496
746.199035645
746.104919434
746.219177246
746.481567383
747.906188965
747.701477051
748.368103027
748.63671875
747.924133301
747.739257812
747.435974121
747.494873047
747.070922852
747.050109863
746.997314453
747.479370117
748.289489746
749.038635254
750.191833496
750.288330078
751.958557129
754.347595215
754.107727051
752.96862793
753.407836914
752.805419922
752.69329834
752.714538574
753.731140137
754.358642578
752.949523926
751.891357422
750.499511719
750.05480957
750.003540039
749.832885742
749.980285645
750.303894043
750.645446777
750.906677246
751.066223145
751.213378906
751.300109863
751.376647949
751.425720215
751.492431641
751.600036621
751.68157959
751.741088867
751.802307129
751.872558594
751.970275879
752.145812988
752.241760254
752.279785156
752.276916504
752.410888672
752.589111328
752.838500977
753.819335938
754.340270996
754.779418945
755.14630127
755.218078613
754.596374512
753.867797852
754.612426758
756.07043457
759.955078125
763.422729492
766.327148438
771.574951172
772.71307373
771.609985352
771.294616699
770.978149414
770.045776367
769.862365723
768.022644043
768.141845703
768.637634277
767.686035156
766.70690918
764.16015625
762.03125
762.567749023
763.078918457
764.388305664
765.571716309
766.173400879
766.210693359
765.289245605
763.616821289
765.547241211
765.040771484
762.759277344
760.588867188
759.452575684
761.515258789
761.557617188
761.470458984
761.476196289
761.389160156
761.057983398
759.63873291
761.186279297
761.350280762
761.889892578
761.24420166
760.147521973
759.481506348
759.367736816
759.380187988
759.385131836
759.389587402
759.392333984
759.397705078
759.400939941
759.388977051
759.393188477
759.400146484
759.392150879
759.37298584
759.361694336
759.366149902
759.367736816
759.367004395
759.36138916
759.370666504
759.391601562
759.403747559
759.409484863
759.415039062
759.422119141
759.437744141
759.46673584
759.487915039
759.495483398
759.505249023
759.530090332
759.554870605
759.600219727
759.665222168
759.731445312
759.803649902
759.873840332
759.942687988
759.969177246
759.927612305
759.879394531
759.865844727
759.879089355
759.889160156
759.880126953
759.834350586
759.618713379
759.333190918
759.155090332
759.157714844
759.300231934
759.526123047
759.676330566
759.7578125
759.782592773
759.779296875
759.756896973
759.718566895
759.670532227
759.618041992
759.56842041
759.513671875
759.405700684
759.230712891
759.08807373
759.036376953
759.030334473
759.281860352
759.599914551
759.924987793
760.262573242
760.622192383
761.010864258
761.393188477
761.759399414
762.166503906
762.593444824
762.989990234
763.351806641
763.645812988
763.834777832
763.967346191
764.105102539
764.26159668
764.44329834
764.638000488
764.836975098
764.986938477
765.053833008
765.064819336
765.065612793
765.132324219
765.505004883
766.073120117
766.418273926
766.570983887
766.672363281
766.743041992
766.806030273
766.900939941
767.03894043
767.198364258
767.374694824
767.58782959
767.805358887
768.05078125
768.645996094
769.454162598
770.124572754
770.725402832
771.284484863
771.854980469
772.3359375
771.981872559
771.436340332
770.65435791
769.797790527
769.61126709
769.659179688
769.700317383
769.683288574
769.628295898
769.552429199
769.469482422
769.408691406
769.394287109
769.440551758
769.56427002
769.801574707
770.165100098
770.549438477
770.772460938
770.84954834
770.86932373
770.871704102
770.874084473
770.877807617
770.878417969
770.876464844
770.875244141
770.877197266
770.875366211
770.868103027
770.855957031
770.83972168
770.820800781
770.801086426
770.784790039
770.776733398
770.782592773
770.865844727
771.277099609
771.928710938
772.357299805
772.574584961
772.75567627
772.946350098
773.155639648
773.381958008
773.59753418
773.812255859
774.195129395
774.930603027
775.495483398
775.883850098
776.290710449
776.725830078
777.22479248
777.789123535
778.261169434
778.506774902
778.61932373
778.659667969
778.633605957
778.593811035
778.568054199
778.588012695
778.668395996
778.784606934
778.89855957
779.002075195
779.094421387
779.169616699
779.177856445
778.441894531
777.778198242
777.586486816
777.424072266
776.926025391
776.59576416
776.502258301
776.523010254
776.563415527
776.593200684
776.534118652
776.449035645
776.398193359
776.477294922
776.826721191
777.515563965
778.184631348
778.553833008
778.772583008
778.940307617
779.069885254
779.134765625
779.121154785
779.040771484
778.961853027
778.85168457
778.78326416
778.757568359
778.813659668
778.949890137
779.079589844
779.200622559
779.328430176
779.464416504
779.614379883
779.77154541
779.858276367
779.965270996
780.190185547
780.762695312
781.467651367
781.94909668
782.265014648
782.516174316
782.704833984
782.835144043
782.905761719
782.90234375
782.807983398
782.6484375
782.485229492
782.374389648
782.335144043
782.342529297
782.303161621
782.250976562
782.19152832
782.125976562
782.054077148
781.981872559
781.928161621
781.90246582
781.929748535
782.080444336
782.492797852
782.95513916
783.444458008
784.039367676
