280.0263977
281.3764648
283.2803955
284.519165
284.9519348
285.4625854
286.6769714
289.6167908
292.6566772
295.2154846
298.2110901
300.1091919
300.7566223
301.523407
298.8396912
295.1993713
290.612915
286.8302002
285.2514648
285.1482544
284.0223083
281.9250488
279.2243347
276.9598694
275.3552551
273.6350708
271.1393433
269.1306458
269.3041992
270.2382202
270.6587219
270.8588562
270.6512756
269.7685852
269.0959473
268.1286011
266.9257812
265.041626
262.0708008
260.5445251
260.139801
258.6361694
252.5462189
248.8195038
257.5594177
259.7398376
265.316803
267.6819153
267.4052734
268.4500732
271.3015137
270.5884705
268.74646
268.3070984
268.3389587
268.5725403
266.5629883
265.5655212
265.7967224
266.605957
267.5722961
266.4353333
265.8864136
265.3053589
264.5116882
264.1723328
264.2702026
264.2740173
264.4301758
267.3250427
270.1983948
271.6065979
272.7869873
273.4957581
275.2670288
276.0075378
275.8317566
276.3357239
280.5428467
282.1982727
282.6982117
281.0728455
280.7995911
279.6156921
277.1859436
278.3061218
281.737854
283.5492859
284.26828
287.2972107
289.4222107
287.4121704
285.8039246
281.3641052
281.331665
277.066925
278.4864197
281.2991028
282.9144287
283.8955383
282.7381897
282.3252869
283.2028198
284.5263672
285.6056213
287.520813
290.6134338
293.0386963
295.2592163
296.2426453
296.5945129
297.1334839
299.1697998
299.5646057
299.9852905
299.7393494
299.1040344
302.227478
306.1742249
305.8286133
306.532196
307.0548096
306.2358398
305.9161682
305.8275757
306.3057556
307.2108459
304.1068726
302.0649414
298.2577209
297.0380859
295.6864929
293.737915
291.487915
288.6470032
286.3753967
285.3895874
285.1437378
284.2918091
283.2969666
282.9885254
282.3069763
281.1081238
280.5395813
280.4334412
280.3524475
280.1687622
280.58255
281.0907288
280.7074585
280.380249
280.8197327
280.8569031
281.0918274
281.9766235
283.1162109
283.525238
283.344696
282.5951233
282.5951538
282.5440674
282.0792847
281.3838806
280.809906
280.8952637
281.3088684
281.2170105
280.4831848
279.6852722
279.4629822
279.2243958
279.3522644
279.1290588
278.8919067
277.5588074
273.8312378
273.5582275
273.3431091
272.6688232
271.4603882
271.8010254
272.3360596
272.3845825
272.2922363
272.4507751
272.2809143
272.0988159
272.199646
272.8882446
273.0570374
273.7938232
273.5539551
273.1105347
273.4037476
273.6198425
273.3713074
272.1858826
270.3670044
268.4570312
266.8391113
264.341156
261.8939819
260.7644348
264.7722168
265.9811096
266.6206055
267.3594666
268.9249878
271.9735107
273.8672791
274.0925903
276.0681152
278.6070862
279.5955505
282.5114136
286.5008545
288.5292358
291.0348206
294.879303
297.1451111
297.6011658
298.1129761
300.4832458
302.667511
304.729187
304.5531616
303.5776367
297.9750061
297.5970764
295.2980652
293.0237122
290.2579956
287.7947998
286.7748718
282.847168
281.668457
280.9035339
279.6418457
274.8543396
272.4362183
275.003479
274.8099365
276.2518921
280.4829102
281.0229187
281.5699158
282.1882019
282.6738892
283.5875854
285.3979797
290.9493713
292.8534241
294.2112122
294.3086853
293.7762146
293.5796509
295.016449
295.7740479
296.1260986
296.3677673
297.031189
297.8981628
298.0697632
298.20578
298.5006409
300.3669128
303.0201721
303.9697571
304.2303162
305.1728821
306.1178894
308.2846375
309.5031433
310.4634705
311.0715942
312.5104675
312.8380432
313.3345642
315.2714539
316.9724731
319.1563721
320.260437
320.626709
320.4992371
320.2388
319.7810364
319.2165833
318.5989685
317.7514954
317.7323303
312.5301514
309.9005432
308.0854797
306.3009949
306.0935974
305.6156616
305.3327637
305.8917542
307.9773254
308.3376465
308.4478149
307.6541138
305.0158997
303.4518738
303.2161255
303.5587158
303.0622559
301.7249756
302.210968
303.8561096
305.6512451
306.1724548
307.5668945
308.212738
304.8223572
304.0325317
301.9842224
301.0374451
299.7867737
298.6068726
297.6034851
298.8920593
300.0639343
301.3383789
301.4694214
298.8798828
297.170929
296.4836121
296.4506531
296.5458069
296.673584
296.4761353
295.8134766
294.5689087
294.0291138
293.7351379
292.7767334
290.5840454
288.7960815
287.8183899
286.7268677
285.5469971
284.2634277
282.1137085
280.1161194
278.849884
278.3034668
275.7653809
273.2653198
270.5074158
268.5586243
268.3845215
268.4807434
268.6689148
268.6542969
268.6296997
269.384552
270.1003723
270.8892212
271.6526184
272.4572449
273.1988525
273.9532166
274.3701477
274.4608765
274.5932922
274.9938965
275.401825
275.6134033
275.9505615
276.129364
276.3260803
276.5351257
276.7402344
276.8912964
276.9748535
277.1389465
277.2852783
277.5255127
277.6515503
277.8349609
278.1393127
278.5343628
278.6414185
278.734375
278.9808655
279.2949829
279.2857361
279.4598389
279.4562378
279.5715637
279.7048035
280.6553345
282.1758118
283.4592285
284.828064
285.2960815
285.460022
284.7153931
283.8439331
284.2000122
284.6856689
285.2277222
286.0587463
286.1864624
286.2094421
286.1836243
286.0941162
286.0863342
286.0942078
285.9006348
285.2757263
284.7987366
284.8054199
284.6748047
285.0001526
284.6687927
284.3087158
283.9212646
283.4600525
282.8625488
282.0809326
281.3738403
280.5761719
280.6347046
282.0022583
284.1116943
286.8474731
287.8785706
289.0839539
291.2279358
292.6478577
293.5227051
294.9796448
296.3651123
296.3712158
296.8448792
297.4142456
297.8229675
297.6940613
297.7321472
298.2394104
297.9501343
299.2159729
300.1036377
300.9243469
301.1690674
300.5692139
299.753418
298.1252441
297.1749878
296.2223206
295.4768677
294.7432251
295.0961304
296.5252991
298.2173767
299.1621704
299.5289001
301.2285156
302.8991699
304.7446594
305.6121826
303.4745178
301.9866333
300.4189758
298.1775208
297.2488403
294.3208008
291.4858704
290.0306091
286.4679565
284.9966125
282.7373352
279.0099487
279.2602234
280.322876
281.9176025
280.1717834
279.0348816
277.0184937
275.8824463
274.8005981
274.8102417
274.9724121
275.6350098
277.6528931
279.3463745
282.234314
281.8755798
281.1609192
281.0723572
281.0188904
280.583252
278.2421265
276.8847961
276.5987244
275.8775635
274.6469727
274.1433716
271.8586426
269.6530762
265.066803
266.0843506
267.2498474
266.8161011
267.5110474
270.0899963
270.8642273
269.3385925
265.9579468
273.8784485
278.6501465
280.5918884
280.6565552
281.190918
281.3872681
281.2874146
280.9881287
280.5690613
280.7522583
280.7452087
280.7513123
280.290863
280.2760925
280.2782593
280.4060974
280.8043518
281.1720886
281.9942322
282.8213196
283.5256042
283.1594543
283.3641357
284.4810791
284.8559265
284.9459839
284.6137085
284.7704773
283.4066162
280.7762756
283.392395
283.2558899
282.7935791
282.6047363
282.1674194
280.4880676
277.4864197
277.0024719
279.0987549
278.8452148
277.7769775
273.8184814
273.0109253
272.4235535
278.3070679
280.5633545
281.381073
282.8229675
284.3016968
285.1229248
285.1014404
285.3119812
285.699646
286.2764893
286.2207642
286.0127869
281.3299255
281.2579346
281.5157471
280.8402405
282.3231201
282.0396118
279.4783325
274.641449
276.2292175
279.5346069
279.4754333
278.2240906
279.8735352
280.9204712
281.0091553
281.5299377
282.1095581
282.6323547
282.8903198
284.0328979
284.194458
286.8424377
286.9929199
287.2086792
286.8862
286.9249878
287.173584
289.5438843
293.7945251
294.7674255
295.2358398
295.5971985
296.789978
296.586853
298.8132629
299.6047058
299.9065552
299.9437561
300.8065186
302.7807007
300.1115417
298.6578674
298.1051636
297.5825195
297.4628601
297.6316223
297.4432983
296.7865906
296.5056763
294.7519836
294.211853
293.3152466
291.1625671
289.1928406
288.0408936
284.8790588
285.5075073
291.6522217
292.3147278
290.5922546
287.7384644
285.2116699
281.4951477
279.5960693
280.2924194
284.1702881
281.9224243
277.7778015
273.3227539
275.0849609
275.7804871
275.7477417
275.7106628
276.5292358
277.896698
278.5329285
277.9057617
280.5021973
276.3972473
282.7784119
282.0347595
279.7478943
284.982666
290.2859497
294.1624451
295.6279907
297.937439
301.1315613
301.9729309
299.4577637
296.0042725
294.425293
292.5765991
287.2547302
294.8147278
298.2071838
300.4725037
295.8057861
293.4877625
292.5038452
291.4303894
293.1548462
295.3266907
297.3383484
297.2592468
298.3857422
299.7383423
306.352417
308.8450623
310.4510498
307.6117249
305.495575
302.7839966
306.0209961
313.6509094
317.8608093
318.7153015
318.8380432
318.4785767
317.2026672
315.1347656
313.1668091
310.8657532
308.3822021
307.3129578
308.603241
307.7715149
307.0848999
305.9084778
302.0765991
297.2945251
294.7902222
291.6823425
291.1240845
289.9927368
287.3971558
284.8130798
280.8443604
279.8657227
279.760498
279.8036804
279.9609375
280.0965271
281.5054016
283.1586304
287.8930054
290.9891663
292.9815369
293.7521973
292.2466431
290.8363342
287.7414856
286.6557007
287.6228943
285.743988
284.2355652
280.5192871
280.181366
277.966095
274.8481445
275.1026917
276.4684143
276.7885742
276.5481262
275.0239258
268.7393799
270.193634
272.7677307
271.7093201
266.9697266
264.5413513
263.32724
265.5393066
264.7748108
262.8792114
264.3684082
266.1152039
268.2670593
273.1360779
281.0784607
283.1696167
285.4309998
293.1251526
297.1422119
299.6788635
301.3203735
302.0821838
301.7257385
301.3042297
302.4868164
305.7349243
307.704834
308.6159973
309.0080261
311.9616394
314.2197571
314.9763184
314.9687195
317.3606567
319.5424194
319.7764893
319.9277039
320.4019165
321.0605469
322.2464294
324.1942749
325.8677979
327.6802063
327.9326782
327.4679871
326.6585999
325.8969421
325.2057495
325.3903809
325.4963989
325.7154541
328.3196411
329.3642578
330.3092957
331.3422241
332.8093567
335.6599121
336.6734924
337.1282349
337.625885
338.457489
339.2155151
338.835968
338.3338013
337.7210388
336.0357666
334.8315735
332.4717407
331.8338013
331.4526062
331.8873901
331.6603088
330.9547729
331.3135071
331.5601807
331.7643433
332.49646
332.691864
332.4317322
333.9104004
336.6606445
338.3753662
342.1285706
344.2825928
345.7079468
345.8487854
346.3666992
347.396698
348.1505127
349.3348389
350.2615662
350.6200867
349.9222717
348.4887085
348.2994995
348.9816589
348.9232788
348.8912354
348.63797
348.5240173
349.283783
349.7943726
350.0654907
350.0837402
349.7173767
349.2267761
348.2531433
347.324646
347.032135
346.8769836
346.6842041
346.736084
346.8938293
346.9087524
346.8786316
346.9118042
347.2296448
348.067627
348.8518982
348.2294006
347.1465149
345.3960571
344.2025146
343.8062134
343.0445862
342.4518738
341.8028564
341.4890747
341.5670166
341.5278931
342.3474121
343.6489258
344.6282349
345.3406067
345.7409668
345.8141174
345.7911682
346.5511475
347.8653259
350.9467773
351.4710693
349.7583618
347.7794189
348.2866211
349.5832825
350.2654114
350.3138428
349.9384766
348.9630432
347.721405
346.8369141
346.3783875
346.1265869
345.2593384
344.4382019
343.2484741
343.5134583
346.1051025
348.0650024
348.3379822
348.0102539
347.9703369
347.8825378
348.3411865
350.0717773
351.3527222
351.6593018
350.2514954
348.5958862
348.0918884
348.0241394
348.1169434
347.9151611
347.9593201
348.2805481
348.714386
348.9732666
349.6661987
350.5623779
350.9193115
350.6051636
350.2174072
349.8109131
348.5591736
347.7197571
348.8679504
351.1106873
353.6772766
354.9188232
355.6289368
357.1307983
358.3320618
358.6160278
359.6805725
361.6770935
363.7303162
364.6741333
363.8279419
361.8878174
360.8451843
360.5811157
360.8533936
361.0391235
361.1540222
361.1262512
361.2400513
361.8413086
362.0652466
362.5479736
363.7071838
364.2816772
364.3135681
364.8204041
366.8149109
368.0762634
368.8798523
369.4823608
369.2238159
368.4422607
366.4632263
364.3638
363.8501282
363.7921448
363.6420593
363.481781
362.9931335
362.8846436
362.7270508
362.6221008
362.1081543
361.401947
359.3616028
358.3086853
357.9508057
357.2670898
357.2763672
356.2431641
353.2268677
350.7371216
348.8496704
348.455658
348.817688
350.4546814
352.4023438
353.6912842
356.5389404
358.2332458
359.2550354
361.0089417
362.2672729
362.7252197
362.7850342
362.4053955
362.0786133
362.2802429
362.7522278
362.3855896
362.0971985
361.7131348
361.6726685
360.5886841
358.8272095
358.0637817
357.8231812
357.8415527
357.5630798
356.6748962
354.2863464
350.9484253
351.195343
351.2679138
351.0973816
350.9667053
350.7480164
350.3212891
349.4626465
347.5112
345.684967
345.164093
344.7458191
343.9415588
343.032196
342.0291138
341.04245
340.8093872
340.7843018
340.8370056
340.7510986
340.5351868
340.3728333
340.3077393
340.2923279
339.8361206
339.2235413
338.7701416
338.4455872
338.5063171
339.0513611
339.7381592
339.9919434
340.0906982
340.4469299
340.8419189
341.2321777
342.6776733
344.2775879
344.723999
344.45224
343.8213806
343.6045532
343.7182312
344.0374451
344.4161682
345.0135193
345.5472412
345.9020996
346.1723938
346.5733032
347.3362122
348.5386047
349.3870544
349.7918396
350.0811768
350.4416809
350.1184082
350.0194397
349.9873657
349.9382935
349.9432373
351.4144287
352.6764832
352.6966248
352.344696
351.943512
351.5734863
351.1817932
350.9255676
350.6120605
350.1604919
349.2226257
348.1930847
346.960083
345.9197998
345.5989685
345.2246704
345.2023621
345.3151245
345.3386536
345.5060425
345.6487427
345.5211792
344.7917786
344.3508911
344.1728516
344.504425
344.9187317
345.3545532
345.273468
344.5553589
342.6674194
341.130249
340.4319153
339.9840393
339.7028503
339.1717224
338.7067261
338.473175
338.3059998
338.0001831
337.8147278
337.4794922
337.433136
337.5282898
337.9255981
338.0507812
337.8957214
337.6942749
337.6951599
337.3596497
337.1928406
337.2696533
337.603241
338.0638733
338.2332458
338.3778381
338.5788879
338.8070984
338.4029541
337.9797668
338.0654602
338.5195618
339.0231628
339.4525146
340.2528687
342.2154236
343.6134033
344.0024414
344.1099548
344.0537109
344.0254211
344.3042297
344.4953003
344.8401184
345.0584106
345.2606201
344.9648438
344.2689819
343.3753967
342.9925232
343.0533447
343.1331787
342.6891479
341.8056335
340.7615967
340.3629761
340.0575867
339.381958
338.3334045
337.5893555
336.658905
335.1225281
333.2794189
332.5150452
332.2979126
332.1729126
331.9453735
330.9124756
329.2928467
327.6089172
326.4723206
325.7417908
325.380127
325.3463745
325.3897705
325.3360901
325.1472778
324.4169006
322.7939453
321.0705872
320.1371155
319.6818848
319.2323914
318.880188
317.6338196
315.3539734
314.3670044
313.6304932
313.1568909
313.3711853
313.3619385
312.3143005
310.9971924
309.3463135
308.5709839
308.4187317
308.166687
307.9013977
307.5705566
307.1035767
306.0666504
304.4414673
303.0780334
302.4077148
302.0391235
301.7506714
301.4447632
301.0630188
300.6187134
300.3753052
300.2555237
299.8710632
298.6106873
296.9425659
296.1052856
295.6099243
295.1812134
294.9002075
294.7158508
294.4476013
294.162384
293.8005371
292.2455444
289.9462891
289.1080933
288.90802
288.8484802
288.8431396
288.8357544
288.7485046
288.4712524
288.1163635
287.44104
285.585144
283.7396851
282.999115
282.6109619
282.3088074
282.1021423
281.991394
281.8764343
281.2548523
279.9087219
278.8424377
278.6257324
278.765686
278.6524353
278.6951294
278.6792297
277.6131897
276.0097351
275.1629333
275.5232544
275.6081848
275.4032898
275.3282166
275.247406
274.7913818
274.0446777
272.7201233
272.2087708
272.4762878
272.8943481
272.9838562
272.8389282
272.2981567
271.6511536
270.7816772
269.8688965
268.889679
267.8999939
267.5405884
267.3981323
267.0223694
266.2715454
264.933197
263.9107361
263.008667
262.1390076
262.3258362
262.8010254
263.2009888
263.6602783
264.1278687
264.3513184
264.6946411
265.1782227
264.5512695
263.5786438
262.2936707
261.1568298
260.6170654
256.9554749
253.700058
253.8412323
255.6543427
256.9796448
258.1744385
259.8552246
260.6726379
261.1086121
261.1075439
260.3953247
259.3687134
259.1418152
259.2907715
258.2185974
257.0296326
258.0724792
259.2150879
261.0765991
262.3717957
263.2311401
263.788269
265.0602112
266.7587585
268.4026184
269.5875244
271.035553
272.5265198
273.1255798
274.7720337
276.1281128
275.8938904
275.4075317
276.2710266
277.9768066
278.9822998
279.5794678
281.8620911
283.4547424
283.8992615
284.1080322
284.4247131
285.5117493
290.0019836
291.1953735
291.4594421
291.8701172
291.4197998
289.9689941
287.9321289
285.5771484
284.782135
284.9144897
284.3444519
282.0240173
279.4032288
278.3999634
277.1290588
275.9981384
274.4607849
272.8546448
271.7738342
272.0460815
272.456665
272.4252319
272.0599976
271.050354
269.8964844
268.6034851
267.8644104
267.4703979
267.045166
266.8338013
266.9316101
267.5975342
268.0435486
267.9686584
267.550415
267.0137634
266.5397949
266.2453613
265.8131104
265.5294189
264.8908997
264.0176697
263.6724854
264.2058411
265.8413086
266.7060547
267.153656
267.2807007
267.4385376
268.2324524
268.8769531
269.2187195
269.4470825
269.6295471
270.0423889
270.6211853
271.5831299
272.5624695
273.2935791
274.0083923
275.4625549
277.9632568
278.9570618
279.8256531
281.784668
282.5509033
282.6204529
284.0091248
287.2197571
288.321167
288.2759705
288.9023743
289.4999084
291.0466309
293.3268738
293.9599304
294.1355286
294.4865417
295.6658936
298.3249817
299.7054138
301.1635437
305.3841553
308.3117371
310.0088806
311.6287231
310.8358765
308.3294678
307.0454407
306.3109131
303.2486572
300.8816528
301.19104
301.6795654
301.4191284
301.3002014
299.9480896
296.3368225
295.6497192
295.0357666
292.1477966
289.8437195
286.1596069
283.4400024
282.3717346
282.5849304
282.7623596
281.7758789
279.5417786
275.786377
273.4482422
273.4995117
275.3902588
276.0361023
275.9292603
275.2821045
274.2078247
270.9995422
269.7147827
268.4407654
266.3819275
265.1336365
264.4549255
263.7469482
262.9963989
262.2002563
260.6614685
260.6003723
261.164978
261.6125488
261.8306885
261.2655334
260.9595642
260.5436707
260.1699524
259.8392029
259.4588928
259.0985718
258.6537476
258.2663879
258.3197632
259.3078613
260.7549133
261.3120728
261.5385742
261.690094
262.1448059
262.588562
263.1810608
264.0871582
265.6529541
267.0382385
267.4972839
267.5314026
267.3718567
267.4309692
267.4534302
267.3757935
267.0809326
266.8586731
267.3991394
268.7144775
270.6701965
272.3265991
273.6208801
274.9897766
274.8962708
273.9894714
275.0806274
279.0878296
281.6624756
283.3227234
284.2694092
283.9828491
289.0793457
290.2430115
291.8623962
295.12146
296.1627197
294.9271851
291.1182556
288.2058105
284.9387207
282.2396851
281.8667297
279.3469849
277.8244324
277.390686
276.5140076
274.3571472
272.9200439
271.4649353
267.9333191
267.0328674
266.4882202
265.4189758
262.802063
261.4011841
260.8401184
259.6799011
258.0220947
258.1149292
258.5845032
257.305542
255.2776947
254.5217743
252.6327972
250.6995544
249.7577209
249.5196533
249.3033905
248.282074
247.1908112
248.3309784
248.6726074
249.3046875
254.5007172
255.4702454
254.8448029
254.0295105
252.9029388
251.7924042
251.2051392
250.2281952
248.7152252
248.7552795
249.5679474
251.8992157
252.3624115
249.4395752
248.4201508
247.945343
248.5285797
247.7475281
246.1044159
242.7083588
241.4689026
241.5214691
242.1455994
242.2704926
241.15271
240.0201263
239.4081421
239.373642
239.4401398
239.2388916
238.9052429
238.354248
237.6547394
236.728302
236.1538696
236.2646179
236.3419647
236.449707
236.3617706
236.1834106
236.9394073
238.6387024
239.86763
241.2853699
243.0288544
245.0130005
246.7799377
248.8426666
250.6771851
251.4684601
251.6334076
251.0042572
249.4709625
247.5066376
246.1137543
246.0066681
245.6121216
243.6677094
243.2510986
243.6600342
245.6985016
247.9276123
249.6442108
250.5114288
251.2499695
251.898468
252.6667175
253.3685455
254.3437653
255.2592773
255.7965393
255.752533
254.465744
252.5844727
252.4855042
253.8023834
255.8123932
256.973938
257.4156494
258.8134766
259.6098328
260.1307983
260.2389221
260.7102356
261.5420227
261.7557983
261.9701233
262.3886108
262.4309387
263.8099976
265.9139709
267.6872559
268.2071533
268.4803162
270.4066467
272.5293274
275.0874634
276.9818726
278.5600891
279.5937805
279.2363281
280.2501221
281.8074646
283.492157
284.8902283
285.3248291
286.2268066
286.774292
285.6399231
284.7878723
283.6167297
280.9573364
278.729248
277.2149963
276.9612122
275.165741
271.2759399
270.7891846
269.417511
265.3247681
263.7258606
263.4631348
263.3241272
262.3106995
258.6749573
258.3429565
258.2096252
258.0480042
257.5677795
255.0419312
254.0023499
254.6735687
254.0827332
251.9217987
247.8480225
246.656311
244.497879
240.7179565
240.2195587
240.0423279
240.153656
240.7177582
241.0027008
239.948349
238.8835907
238.4176788
237.6188202
236.4442749
235.9766235
235.1805115
233.7056732
232.2594147
231.3927002
231.0069275
230.6776428
230.3514252
230.2943115
230.3479156
230.5054169
230.5878906
230.7438965
230.7094116
230.3582001
229.2925873
227.5251617
226.0751038
225.8946381
225.8236389
225.7976532
225.8163757
225.8704834
225.8561096
225.8873444
225.9005737
225.9045868
225.928299
225.8854065
225.8830414
225.9545593
226.3732758
226.7371674
226.7520142
227.0240326
226.8139191
226.1173096
225.9363708
225.8981018
226.5380707
227.4669037
227.9699097
227.1915283
226.3241272
225.912323
225.9845428
226.6687164
228.5839691
231.1127472
231.8141174
232.1197357
232.4502716
232.9905396
233.7863007
234.1894226
234.4051514
235.0103912
236.0043335
237.3059082
238.8762207
238.9781342
239.1973877
240.6487427
243.1451569
245.9231873
248.0400085
248.8178711
250.3295135
252.7671204
252.9816742
254.252243
256.7127686
256.6988525
254.5460663
251.3139648
248.8583069
247.0487061
245.53685
244.3539581
242.572998
240.7346802
239.6627655
238.7949219
238.4785156
238.3098297
237.5824127
235.2572174
232.9461517
232.4689484
232.46875
233.0576019
233.8538513
234.2267761
234.4420013
235.2124634
236.2914734
237.6852722
239.4741821
241.5820618
243.3177643
244.2427368
244.5401001
244.8825226
244.9183044
244.9959564
245.4851227
246.4987488
246.7058411
246.7288513
246.5584106
245.6235046
243.6559601
241.4251862
238.9464111
238.7054138
238.7709045
238.3358459
239.3048096
242.4272614
243.5055237
243.5870361
243.585434
241.7633209
238.2545929
236.5677338
235.2260132
233.9078674
232.8452759
230.3633728
225.7870026
225.7870026
225.7870026
225.7870026
225.7870026
225.7870026
225.7870026
225.7870026
225.7870026
225.7870026
225.7870026
225.7870026
228.9190674
241.057785
242.2722015
242.0368042
241.8301392
241.2018433
241.0847473
241.4229431
241.890152
241.7483063
242.2310333
242.345932
242.3553772
242.2451935
242.2768707
242.173584
242.0664825
241.9395905
242.0430145
241.5678406
238.0582886
236.5875397
236.2527161
235.8189087
234.6761627
232.6764374
231.2963715
231.2870026
231.2870026
231.2870026
231.2870026
231.2870026
231.2870026
231.2870026
231.2870026
231.2870178
231.3198395
232.3141327
233.5903931
233.9289246
234.5167542
235.8292236
236.4933014
236.4474792
236.2891693
236.7119904
237.9503479
238.1021423
238.4421692
239.0370789
239.5319672
239.6542816
240.4347839
241.5636597
242.6476898
244.4576263
247.8230438
248.7645264
248.5050659
247.5913086
247.3298035
248.3141174
248.8742523
248.9761963
249.1721039
249.3816986
249.3905792
251.6100769
252.8450317
252.1440277
251.5283813
250.6581268
250.9096527
251.827774
251.206955
251.0677948
252.0257568
252.8278656
253.2832336
253.2505951
252.8790283
252.5389252
252.5156555
251.843399
251.2629547
250.5810394
250.437149
250.7396393
251.8124237
250.4141235
249.8314514
248.9069977
248.6204071
247.6555023
246.7304535
247.3902283
248.7901764
249.2145538
249.1987762
248.9827728
248.4950409
247.2349701
245.7192688
244.5178833
244.70047
246.7986145
247.7449188
247.9463959
247.6898193
247.7626343
248.0228119
248.2041779
248.2126465
248.2943726
248.4823761
249.6294098
250.7527313
250.863739
250.9216003
250.971283
251.0910492
251.0684052
251.0822144
253.6242828
255.6399841
255.6136169
255.5444641
255.6318817
256.0111389
256.187561
256.1802673
256.2418823
256.2276611
256.2293091
256.1810608
256.1890869
256.3337097
256.4860229
256.0040588
255.6197052
255.3277893
255.3493042
255.5863953
255.6109161
254.70224
252.9174347
251.041214
250.3546143
250.9466095
254.4968872
254.3752136
253.4513855
252.894455
252.2311859
251.34375
250.1698608
249.5054016
249.406189
249.2279205
248.9477539
248.7973785
248.6439972
248.5513306
248.2095337
248.1016388
248.348114
248.8569946
249.0101166
248.9261475
248.2305756
247.4050293
247.7737732
247.3746948
247.6281433
247.6585693
248.2451935
247.638916
243.3388062
242.7898865
240.9964447
238.0018005
237.9601135
237.449646
236.0792694
235.2804718
234.6240997
234.0015411
233.2265625
231.6610718
231.5837555
231.5405426
231.5556946
231.5603027
231.5370483
230.1860504
228.6831512
228.0960693
228.2295837
228.4815216
228.5769958
228.1368866
227.5995331
226.9187164
227.1536865
227.6958313
227.6804657
228.420578
230.4455872
231.1424866
231.3170776
232.0776215
235.2137146
236.0322876
234.2073517
232.9576874
232.7947083
233.0821533
234.2563019
235.1749878
235.4245758
231.929184
228.8145294
232.7768402
234.2979736
237.1534424
237.2076874
237.7940063
231.9395294
227.0076447
227.2845764
227.8013611
228.0900116
229.0574493
228.8095093
228.9228821
228.8600311
228.9782867
228.7090607
229.6754761
230.2769775
230.2230072
229.8969727
228.9497681
229.3825073
228.4082794
228.4087372
228.481781
227.4731293
226.6388397
226.2988129
226.1269226
226.0064545
226.588562
228.0327454
228.6051483
228.7992096
227.9711761
227.2457733
226.8236389
227.5224762
227.6289368
227.60849
228.5724335
230.1611938
231.8018036
233.8980103
236.0493927
236.4782562
231.9849243
230.9880219
231.0592651
231.8328247
233.6363068
235.1344757
235.869278
238.1854095
241.2417908
243.5435638
241.9832458
243.7200012
239.2385864
237.932785
238.4208069
237.5840912
237.5950165
237.763443
237.373642
238.6686554
242.1109161
243.9161072
244.9612427
246.5505829
248.0615387
248.1217346
246.779953
248.7723999
248.4303589
251.7240448
251.4535217
251.6472015
252.0989227
252.9923859
255.6485291
256.6795349
258.74823
260.5489502
262.6491699
264.5592346
266.5901489
268.9962158
271.9890747
277.1548767
278.1260986
283.6622009
287.562439
291.4083557
296.9483643
298.7628479
301.1237183
304.491272
305.7713318
304.9989624
301.3919983
301.1707458
303.607666
304.0202026
304.3921814
304.8993225
304.7519226
302.6307373
298.4090271
293.0845642
292.8079529
292.8042908
291.7793884
292.8000793
289.8635254
286.2536316
285.7486572
288.0389404
291.7269287
293.785614
295.9996338
297.493866
303.9456787
306.2052307
301.9512024
299.0853271
298.3710632
294.7601318
292.3250732
292.1634216
291.084198
286.9030762
282.1127319
279.5264893
278.6620789
279.0364685
279.0011292
279.2633057
279.0831909
278.347168
277.1471863
276.2181702
274.1425171
274.1183777
273.8140869
273.0419006
270.8263855
270.2723389
270.1203918
269.8443909
269.6967468
269.6360779
269.2141113
268.4495544
268.1715393
268.0684814
268.0239258
267.9963684
267.8841553
267.7719116
267.6991577
267.4361267
267.1412354
266.7449036
266.3356018
265.6857605
265.2312012
265.0038147
264.7507019
264.5662537
264.5795898
264.5498352
264.2860718
263.9356995
263.625885
263.2629089
262.6989746
262.0515137
261.9970093
261.9970093
261.9971313
261.9750366
261.9967346
261.9970093
261.9969177
261.9971313
261.9970093
261.9970093
261.9970093
261.9970093
261.9970093
261.9970093
261.9970093
262.0300598
262.0475159
262.0365906
262.1736755
265.0215759
265.5576172
267.0192566
268.4251404
269.0098572
269.0291138
269.2578125
270.0545959
272.5519104
275.7932739
277.0525513
279.1360168
282.1794128
282.8962402
282.5746765
281.7731323
281.0881042
280.4584045
281.0319824
281.5649719
282.9710388
284.4717102
285.5888977
285.3977356
283.20755
282.2145691
281.803772
279.7540588
278.368927
277.104126
277.2419434
278.0127563
278.2301636
276.6162415
274.9930725
272.1060791
269.1389465
268.8240662
267.6834106
265.2718201
264.7980042
264.0750732
263.7788391
265.0758057
265.4714661
267.0393066
267.0511475
265.499115
264.8074341
260.7310181
256.8534241
258.5124207
264.7088318
269.8684692
270.7154236
272.3055115
275.1729736
275.509613
275.6760864
276.3991699
276.3553162
279.06604
282.5810852
286.31427
285.5322266
287.350647
288.3844604
289.7415466
292.9124146
294.3901672
295.5570374
297.3023071
300.2432556
300.7438965
304.460022
304.9587402
304.9625244
306.8596191
309.7320251
313.3566895
314.5714722
314.9404297
315.7392883
319.7731934
320.5994568
320.891571
322.0008545
325.4697571
326.6895752
326.8804932
330.473175
331.4414978
332.5656128
332.924469
336.5377197
338.1391907
338.5783997
340.1513062
343.5835266
344.6924744
344.1766663
344.9942932
346.9909668
351.5503235
352.349762
352.8486328
356.7998962
357.0325012
355.5326843
355.6361084
357.6927795
361.7593689
360.8685303
361.7172852
364.9728699
367.3710632
367.8044434
368.3094788
369.7897949
373.2102051
374.9558105
374.992218
376.3442993
380.4723511
381.2486267
382.5598755
382.6945496
386.2444458
386.8844604
388.0979309
391.7384644
392.2200928
393.0389404
395.9415894
398.2492981
399.1174011
401.5683289
403.7018433
403.958252
404.6923218
408.3386536
408.5284729
409.1986694
410.9045715
411.9585876
414.7344971
415.930542
419.8100891
420.9986267
424.2272034
424.8979797
425.6430359
427.4362488
429.818512
429.7810059
429.8240662
431.4617004
432.4154968
430.9830322
429.5645142
427.8067017
427.0954895
422.90979
421.0451965
418.5097961
408.217926
411.8287354
414.5944214
414.923584
415.8022766
415.904541
415.9429321
413.4282532
412.7398376
412.6260376
412.5935364
410.9091797
409.0440674
407.889801
405.5440979
405.9327698
403.9851074
403.5641174
405.179657
406.9126587
407.5297241
407.2432556
406.7295837
403.175293
401.7349854
400.0440979
397.8833313
395.3195801
393.4607239
391.7998657
386.8590088
374.9123535
369.9481506
373.5516968
389.5567322
392.5033569
394.4654236
394.8984985
396.2817993
399.4919739
400.6218567
401.8959961
403.2425842
403.5079956
403.5800476
403.6717224
403.9213562
404.1665344
404.3563232
404.4545898
404.4544373
404.100769
403.5184631
402.6184692
401.3334045
402.1369934
403.3898315
404.429718
405.0179749
405.5447693
406.2380371
407.3548584
408.776001
409.6864624
410.5130005
411.3518372
412.2911682
412.6362305
411.1921997
409.1919556
408.0468445
406.4959717
402.8832397
402.6352844
402.7633667
403.2852783
404.9069214
408.5089417
410.605835
411.3352661
409.7826233
410.9207764
412.103241
413.6633301
414.077179
422.8468018
423.6853027
425.0125427
426.1853943
426.718811
426.7857361
427.0623474
427.5107117
428.0455322
428.7015991
429.4473267
429.8892517
430.2851868
430.6598511
431.0778503
431.6314392
432.2259521
433.0751038
434.2156372
436.2071838
437.9403076
438.4782104
438.5319519
438.5793152
438.7265625
439.0238342
439.3652649
439.4577026
439.5229492
439.6175232
439.7781677
439.8650513
439.9458923
440.0076294
440.2788391
440.4120483
440.165802
440.1771851
440.289093
440.9867249
442.0465088
443.08255
444.0558167
444.7179565
444.9328918
444.9651794
444.9596863
444.1726074
442.7731628
441.4482727
440.3774109
439.6777649
438.9038391
438.2506104
437.9875793
437.7798767
437.3729858
436.8733826
435.905365
434.309082
433.744812
433.8750916
434.0939941
433.9666138
433.6737671
432.7749939
431.3693848
429.8451233
427.969635
427.063446
426.5796814
425.9576721
425.5715332
425.4258423
425.0059509
425.1858215
425.3353577
424.5790405
423.4069824
421.1766357
418.7197571
416.913147
417.0126648
417.2037659
416.04599
413.8152161
413.2273254
413.2256165
413.3153381
412.4533386
412.2844543
411.5430298
409.8656921
409.1507874
406.9683533
405.4202881
403.9773254
403.6870728
404.5986633
403.7369385
401.7904358
399.8355103
400.0298767
400.1807251
399.9185181
399.4785767
399.0723267
398.9994507
399.4643555
399.5765381
399.4730225
399.7967529
400.4606628
400.9545593
401.4931335
401.9092712
403.1514893
405.662262
406.1399231
405.6283875
405.5121155
405.4136963
405.4141235
405.7718201
405.9450378
405.9740601
406.0608826
405.9969788
405.4464111
405.122467
405.4920044
404.9541626
404.4050903
404.1072388
404.1482239
404.4308777
404.7322388
405.0681152
405.2722473
405.693573
405.9879761
406.2428284
406.3514404
406.4105225
406.6096191
406.7111816
406.7679749
406.8520813
406.6647949
406.7622375
406.5973816
406.4343567
406.4063721
406.1877441
406.2892761
406.3188782
406.3680115
406.6581116
406.3355103
405.8793335
406.2845154
406.5353394
407.1881104
408.5608826
411.5571289
412.0330505
412.0341492
411.8549194
411.3003235
411.5460815
412.0094299
412.3790283
412.3645935
412.4899597
412.9047546
413.7448425
417.2906799
417.6903381
417.5809326
417.1154785
413.8578186
412.2055969
411.855835
411.7070312
411.9244385
412.2284241
412.2868042
412.379425
412.4844055
412.4911804
412.5190735
412.1036377
411.6029663
411.1424561
411.1618347
411.5709229
411.9129639
412.7104492
415.5887756
416.5348206
416.491394
416.7492676
417.5687561
418.4805298
420.2966614
422.9147644
423.6730652
422.5200806
420.2962952
417.98349
416.8881531
416.2954712
415.9967041
415.1622009
414.0109253
414.5037842
415.2785645
415.3178406
416.3488464
417.0154419
417.6741028
418.3919983
419.1413879
420.023407
421.4614563
423.1117554
424.0450134
424.3365479
424.4623108
424.4820251
424.3346558
424.2681885
424.2702332
423.9669495
423.5644226
422.8568726
422.2915955
422.5492859
422.6985779
422.9245911
423.3574219
424.4441223
426.3762817
428.013916
429.4728699
429.8613892
430.5938416
433.026062
434.0819397
433.5848694
434.5571899
435.1314392
435.6440125
436.1693115
437.5617371
438.8554993
439.6918335
441.6733398
443.1300659
444.8288574
445.1515198
445.2331848
447.545166
449.0438843
449.954834
451.4338989
453.234375
454.9646301
455.4078064
455.5615845
456.6010132
458.6703491
458.6890564
459.3043823
460.2967529
461.5612793
464.0937195
465.5743103
465.691864
466.302063
467.5892639
469.6195984
470.4291382
470.7557983
471.8495178
474.0524902
476.6135864
478.5216675
479.5917053
479.8078308
482.0447998
483.774292
484.2984009
485.9301147
488.35672
489.2578125
490.3825378
491.4480286
492.5718689
493.4685974
495.1638489
497.0042419
498.3530273
499.56073
501.3618469
503.1180115
504.3620911
505.174469
505.894989
508.1053162
509.9910889
511.2650146
511.0471802
510.6350403
510.9335327
510.8274231
510.515625
509.9300537
509.975769
509.8132935
508.9850769
508.1283875
507.9329834
507.0528564
505.6762085
505.1276855
505.2017822
504.806427
504.4547729
503.7821655
501.5749817
500.0062256
499.6385193
499.5719299
499.335022
498.7851257
497.3661194
494.5112305
492.8905334
495.8751831
498.3569031
500.5460815
501.2180176
500.6280518
497.9892883
495.5382385
494.0755005
493.4780884
492.7989807
489.1028442
489.1407471
489.1522522
488.565918
487.8996887
486.8535461
483.6626587
482.6463928
482.2088318
481.6820068
480.8926697
479.5677185
477.7011719
477.6666565
477.25177
477.5412292
477.3630676
474.1495972
473.1207886
472.7876892
472.5153809
472.4729309
472.7213745
473.0892029
473.0111694
471.3969727
469.7607727
469.7706299
469.9079285
470.2486267
470.5169983
469.7850647
469.0705872
469.2200928
470.3807983
472.3587952
472.4645386
472.2929077
472.3920898
472.5502014
472.806488
472.81604
473.4645691
474.0214233
473.1869812
473.4883423
473.0943604
474.059082
474.3671875
473.7769165
473.3084106
473.2196655
473.1206055
472.9786072
473.1220093
473.4954834
472.8097534
471.9619751
471.5586243
471.7011108
471.6472168
470.4108582
466.7410889
465.0583191
464.1802063
463.1580811
461.4374695
460.306488
459.8242188
460.9184265
461.4232788
461.8442993
462.0609131
462.0619507
462.1703186
461.7553101
461.927124
461.627594
460.4246521
460.2470398
463.4048462
466.3469543
468.3388977
471.0039673
471.7265015
470.5951538
470.2096863
470.4889221
470.7991638
470.9899292
471.1765442
471.2065735
470.7232666
469.688446
469.1658325
468.9782104
469.901825
470.3354492
470.5045166
471.5757751
472.1810913
475.0292664
475.9044495
476.1292419
476.0761719
476.7427673
477.5834961
478.206543
478.180481
477.690033
477.6725769
477.5964661
477.5867615
477.5231323
477.2461853
476.8062134
476.3491516
476.3737793
476.5665894
476.633606
476.6508179
477.0166016
477.0899658
477.2376099
477.4040222
477.2722778
476.9369507
477.2650452
477.7153015
478.4171143
478.1434937
477.9681396
478.4671021
481.7050781
483.0742493
483.1790466
483.1398315
483.0591736
483.9771423
484.4044189
484.5310059
484.6707458
484.5550842
485.7708435
487.2750244
487.6601868
487.5456238
488.0510559
488.5968018
488.9923706
489.6074829
490.1575623
487.7613525
489.3255615
493.9861755
495.6584167
500.0032043
503.3744507
505.3890686
508.8986816
510.6165771
515.0164795
516.5009155
519.9921265
522.0371094
524.0672607
526.6234741
529.9614868
532.7877808
537.3722534
542.1224976
541.5110474
541.3717041
540.8157349
536.7011108
536.3510132
534.6611938
531.3120728
529.5297852
528.5413818
526.876709
524.4968872
519.1950073
518.9313354
519.1553955
519.2567139
521.2581787
521.6729126
521.7278442
524.3431396
524.8553467
525.8224487
531.8063965
533.244812
533.3866577
533.0446167
532.5519409
531.206604
529.3386841
529.7030029
529.7799683
529.7109375
529.0509644
526.7040405
527.3319702
526.9624023
527.0010986
526.6636353
525.4790039
524.0599365
523.6789551
522.5914307
521.2498779
521.440979
521.4595337
519.7406616
517.2952881
517.1948242
517.1085205
517.2122803
516.8482056
516.2371826
515.8915405
514.0174561
512.9918823
512.3717651
511.8119202
511.8451233
511.8575745
511.5606079
511.3595276
510.9238281
510.0092468
507.9354248
506.9080811
507.2934875
507.6926575
507.7526245
507.1238098
506.8044434
506.4509277
506.8291626
507.2311401
507.790802
508.3154602
508.6755066
509.706543
510.7531128
511.652771
511.6491394
511.7557983
511.7303467
511.7155151
512.0115967
512.6223145
513.527771
513.9240723
514.847168
515.9321899
517.581665
518.3062134
522.8289185
523.8326416
526.9759521
525.3251343
524.2728271
525.7026367
526.1986084
528.0330811
528.835144
529.980835
530.085022
532.4421997
535.2973633
538.4602051
540.7778931
542.3134766
544.5750732
542.5690308
541.0195312
540.5181885
539.8239746
539.3961792
539.6499634
538.9057617
537.9486694
537.8099365
537.3690186
535.5356445
534.4834595
532.5707397
530.4485474
529.4700928
528.8822021
528.4968872
528.4979248
528.3997192
527.9882812
526.1370239
527.5195312
528.4248047
528.5278931
528.2748413
527.5596924
526.2634888
523.9974365
521.2265625
519.8178711
515.6427612
513.2710571
511.6638184
510.5784302
510.1636353
509.5277405
510.4149475
514.1203613
514.5599365
513.7169189
509.9033813
507.1083984
502.3726196
501.7318726
501.235199
497.8297424
497.4899597
496.5444031
495.8296509
495.9265747
497.0234985
500.9771729
501.5013428
501.973999
501.2686462
499.9109192
500.1973572
499.6184387
499.1320496
498.8254089
498.4373779
498.1310425
497.8318176
496.8457947
494.4869995
493.146637
489.7513428
480.2804871
487.8249207
490.9983521
492.8674927
494.0514526
494.9591064
496.1742249
497.4337463
498.4927979
499.2280273
501.2964783
503.964325
506.0900574
507.2187805
509.2420349
510.9570923
512.0427856
514.5148315
517.6160278
519.1596069
521.5928955
522.9772949
523.6381836
524.4069214
525.5032349
526.4229736
528.3116455
530.0181885
531.4544678
533.0354004
535.0802002
536.5670166
538.1603394
539.5402832
539.9642944
541.5231323
541.8433228
541.9536133
541.7674561
541.8339233
541.2483521
539.3487549
537.5981445
537.3447266
538.0083618
538.8223877
540.5585327
542.1329956
542.2216187
542.986084
543.9356689
543.9414062
543.3565674
542.6105347
542.9951172
544.711853
545.8820801
544.0571899
543.1858521
542.8427734
542.4644165
540.8959351
538.6112671
539.7657471
542.2382812
543.5623169
544.6676636
546.3028564
547.4518433
547.4085083
547.8950195
548.7679443
549.9526978
550.282959
550.3239136
551.8238525
552.6179199
553.1242676
553.3446045
553.6089478
553.5860596
553.6348877
553.7157593
553.4237671
552.0097046
549.8700562
548.631897
549.3933716
552.6436157
554.3460083
554.1217041
552.0942383
549.0772705
550.1990967
550.7788696
550.5392456
551.178772
553.5958252
553.9296265
550.9667969
549.2214355
548.5333252
548.6275635
549.208313
548.5690308
548.4042358
548.446228
552.8328247
553.3040161
549.3060303
548.5621948
549.3071289
550.8751221
553.9371338
554.2723999
552.9284058
550.0333252
548.8660889
551.5739746
553.9521484
553.9996338
553.5634155
552.9139404
551.7766724
550.5150146
550.0352173
550.6940308
551.0893555
550.7401733
549.1256714
548.0302124
547.1542358
545.9725952
547.7327271
548.1300659
547.7364502
547.6638184
548.7331543
548.9910889
549.444397
549.6807861
549.8859253
550.0755615
549.723938
551.0390015
552.4928589
552.7014771
554.0672607
554.5047607
554.6417236
554.652832
555.2633667
555.4385376
557.3616943
560.1954956
561.3022461
561.6296387
562.1473389
562.1867065
561.1366577
561.5859375
562.4954224
562.6174316
561.3672485
559.8192749
556.4039307
556.8853149
557.3527222
558.677063
558.5517578
558.1373291
557.7024536
557.3776855
557.7669067
558.1160889
558.0383301
556.041748
555.0192871
554.9194336
556.678833
555.1175537
553.0040894
550.5773926
548.9762573
549.0430298
550.942627
553.1066895
555.5365601
558.822937
559.9400635
562.6975708
565.0255737
565.982605
568.5245361
569.6370239
569.6359253
569.6298828
572.0725708
572.6538086
573.7970581
573.8563232
573.8753662
574.0249023
573.5615234
572.8751831
571.6831055
569.3285522
567.0588989
564.8828125
562.2814941
561.7827759
562.7023315
562.9785767
561.1478882
559.8631592
556.1311035
554.3995361
552.5097656
553.1652222
554.5419312
555.4620972
555.1206055
554.7036133
555.9271851
556.8551025
557.8589478
558.3320923
558.4768066
559.09552
559.7333374
559.5999146
560.7694702
561.8948975
562.7150879
563.4067993
562.3328857
562.0393066
560.9577637
560.7020264
560.5997925
559.9729614
559.0253906
556.300354
555.4223022
556.8942871
559.1696777
559.3700562
558.4939575
557.9816895
558.0614014
556.723877
557.9434204
558.9105835
558.1409912
558.6618652
559.4487915
558.8137207
557.4012451
555.6094971
558.1577148
558.7460327
558.9671021
558.987915
558.3790283
561.6917114
564.890686
565.3762817
563.9974976
562.8239746
565.9570923
566.6722412
569.2246094
571.833374
572.395813
572.6566772
572.6230469
572.3552246
572.1435547
571.9794922
571.9095459
570.9586182
569.9699097
569.3319702
568.5933838
567.7799072
567.111145
566.8995361
566.2297363
565.7822876
564.9224854
564.4989014
564.8690796
565.2394409
564.0349121
561.3880005
560.9790649
560.9969482
561.0187378
561.4103394
561.4172363
562.6233521
565.0570068
566.4887085
567.619751
567.5079346
567.114502
561.9620361
561.4111938
560.720459
559.7778931
559.0341797
558.3143311
557.5485229
556.7370605
556.0096436
555.4075317
554.522583
553.3387451
552.0732422
550.9174805
549.8199463
549.3617554
549.3557129
549.6952515
549.8118286
550.1696167
550.354187
550.552063
551.0048828
551.8120728
552.4517212
552.8745728
553.3294067
553.6289062
554.0728149
554.6901855
555.1490479
555.491394
555.593689
555.3919067
555.1645508
554.9619751
554.968689
554.9506836
554.9310913
554.9551392
554.9882202
554.9900513
554.9648438
554.7210083
554.3867188
554.5598145
554.6820679
554.8511353
554.9523926
554.9729614
554.9853516
554.9912109
554.9765625
554.9655762
554.9634399
555.1849365
555.4180298
555.593689
555.4653931
555.1052856
554.6135254
554.0044556
553.6066284
553.3179321
552.8809814
552.519043
551.8792725
551.0916748
550.5903931
550.4031982
550.1928101
549.8188477
549.7067261
549.303894
549.4012451
549.9008179
551.0240479
552.1771851
553.4539795
554.6195679
555.4786987
556.0286255
556.78302
556.572876
556.1043701
555.9017944
555.4090576
555.1296387
555.0223389
555.1509399
555.5181885
556.0648804
556.7650757
557.4760742
557.1342773
557.3354492
557.5917969
557.5988159
557.6077881
557.4666748
557.5385132
557.2663574
556.7094727
556.1298218
555.7307129
555.3875732
555.1403198
554.8892212
554.701355
554.4070435
554.1433105
554.0014648
553.8937378
553.9552612
553.9019165
553.9053345
553.87854
553.7987061
553.7446899
553.8026123
553.8483276
553.8303833
553.6192627
553.6229248
553.6069336
553.8902588
554.4553223
554.6853638
554.680481
554.6174316
554.2131958
553.9242554
553.6689453
553.4191284
552.8550415
552.6828003
552.5793457
552.3519897
552.067627
551.6604004
551.4445801
551.4337158
551.4714355
551.4580688
551.2514648
551.1200562
550.9650269
550.5510864
550.388855
550.3413086
550.2087402
549.9807129
549.5266113
549.1716309
548.8865356
548.7730713
548.3740234
547.9960938
547.8192139
547.9384155
547.8120117
547.8094482
547.7116699
547.5392456
547.3080444
546.9451294
546.5498657
546.0618896
545.2786865
544.892395
544.628418
544.3508911
544.0873413
543.8022461
543.706543
543.6293945
543.5524902
543.6652832
543.4078979
543.213562
542.9158325
542.5973511
542.1837158
541.4667969
540.3734131
539.338562
538.9014893
538.4854736
538.1580811
537.9388428
537.4099121
537.1196289
536.7195435
536.4041748
536.3899536
536.2619019
536.0859985
535.8496094
535.6738892
535.5510864
534.7943726
533.9638062
533.0906982
532.4873047
532.7850342
532.9806519
533.1732178
533.449646
533.7647705
533.8588867
534.7338867
535.944397
536.2456665
536.1585083
536.0919189
536.2119751
536.2946167
536.2493286
536.2639771
535.7027588
536.0686646
536.4832153
536.6154175
536.9436035
537.4484863
537.4185791
536.6759033
536.3464355
536.2843018
536.5151367
536.5844727
536.3914795
536.3798828
536.2227173
536.0303345
535.8466797
535.6269531
535.3648071
534.645874
533.7763062
532.9229126
532.4852295
532.8544922
533.046814
533.2442017
533.5629272
533.852356
533.9358521
534.2211304
534.4382935
