782.0628052
783.1389771
783.8474121
783.5844116
781.9638062
780.7493896
779.1344604
776.6678467
776.6643066
774.7627563
772.4631958
766.3917847
763.7622681
762.5597534
759.1674805
756.1314697
753.1740112
750.5164795
750.1886597
743.770752
742.034668
741.0911255
740.2930298
737.8880615
732.2428589
730.7027588
730.6542358
730.5645752
729.3964233
729.0664062
728.913147
728.9036255
728.8529663
728.9588623
729.9009399
730.6141357
731.588501
736.0455933
737.1149292
732.6179199
730.5394287
730.6376343
731.0742188
731.3762207
735.5952759
738.1499634
739.4481201
739.3738403
739.8097534
741.154541
741.3126221
741.7334595
740.3463745
739.3579712
739.0894775
737.4176636
736.1772461
735.7000122
735.5611572
733.3635864
731.5532837
731.4403687
732.279541
734.9672241
734.9880981
734.9692383
735.0473633
734.9180908
734.3720093
731.9458618
731.4553833
728.8690796
726.7767334
725.6763306
725.4981079
725.8609619
725.6255493
725.3311768
726.5120239
728.6520386
730.6000977
730.8256226
730.710144
730.6720581
730.8594971
730.4743652
729.8547363
729.0458374
727.8900146
726.3861694
724.5481567
722.0951538
719.3743286
719.0239868
718.1878662
717.5213623
716.4736938
714.9677124
712.2763672
707.5214844
706.9122314
706.7927246
706.8000488
706.5667725
706.4838867
706.4476929
705.2642822
703.9023438
701.8671875
699.6016235
697.8284912
696.2352905
696.4459229
696.3781738
694.847229
694.8369751
694.6732178
693.7036743
690.2565918
686.6553345
684.6963501
683.5466309
677.7119751
674.0803223
672.7912598
672.9707031
673.0542603
672.5001221
669.7478027
664.6627808
662.7451782
662.0044556
661.1463013
659.1046143
653.5184326
651.7598877
661.0115356
664.9576416
667.9141235
669.7918701
673.8928833
678.0733643
680.1176147
680.9293823
681.4390259
682.1276245
683.2092896
685.3053589
686.2650757
686.3847656
686.8335571
687.2984009
688.3116455
689.0095825
690.4896851
694.1695557
695.0109863
695.7781982
696.6893311
696.7584839
696.3581543
696.2128296
696.5325317
697.5361938
698.1844482
698.3394775
697.6283569
699.0166016
702.1972046
706.305603
707.2433472
707.6922607
708.0257568
708.2360229
708.3231201
708.1560059
708.0961304
708.2570801
709.3789062
711.1447754
713.4533691
715.399353
717.5872192
717.7629395
715.8568726
713.40448
711.9013062
710.9058838
708.5206299
706.9764404
707.0446777
708.005188
708.8331299
708.8632202
711.390625
715.0742798
717.7696533
721.237793
723.8734131
725.2073975
725.7128906
726.2993774
727.1651611
728.2507324
729.3347778
730.5116577
734.3782959
735.1386108
735.1715698
735.5215454
735.7716675
735.0723877
733.8275757
732.0969238
731.5742188
727.90979
724.7167358
723.8204346
730.4578247
732.9782104
732.5929565
732.5115356
732.6176758
733.1904907
733.6152344
733.9647827
733.8615723
733.5171509
733.0463867
732.7809448
733.1221313
733.2952881
733.4993896
733.6556396
733.6157227
733.5779419
733.4608154
733.4501343
733.4833984
733.430603
733.1461182
732.8959961
732.6020508
732.4893799
732.3723145
732.4134521
732.5670776
732.6992798
732.5748291
731.9591675
731.4802246
732.4517822
733.6234131
733.5838013
732.8984375
732.2225952
731.6594849
731.4680786
730.3291626
726.8071289
724.2988892
724.5535889
726.0255127
726.7002563
726.7149658
726.1345215
725.0853882
724.7210083
723.3206177
722.494873
723.2973633
723.6259766
723.1152954
722.4630127
721.958374
722.427124
725.5628662
729.5585938
731.9747925
732.5157471
732.2314453
731.5465698
730.7960205
730.3283691
728.5220947
724.6397095
720.3240356
719.8876343
723.1555176
724.6365967
723.659668
721.1178589
722.8221436
722.3594971
719.7525635
718.7281494
718.7282104
718.7282104
718.7282104
720.0723267
722.4685669
726.3009644
728.2741699
729.3320312
729.3200073
729.5716553
729.8725586
730.0985718
730.348877
731.4230347
733.1373901
737.5609741
739.9663696
741.4552612
742.2518921
742.4494629
742.8282471
742.9369507
742.7247925
742.5274658
741.8947144
741.1793823
740.1630249
738.8887939
736.901062
735.4481201
735.6320801
735.3076782
734.5497437
733.0581055
731.6480713
733.0995483
734.0662842
734.7844849
734.7075195
735.4547119
736.6104126
738.2191162
738.7929688
738.3684082
737.7802124
736.9281616
737.5755005
739.0551147
739.5803833
740.0244141
740.7288818
740.401001
739.1012573
739.3132935
739.9107056
741.3929443
741.7848511
742.0674438
742.3575439
742.4989014
743.6517944
743.6408081
743.6925049
744.5119019
747.0951538
751.3288574
747.777771
752.0489502
754.3226318
755.5363159
759.171875
759.7994995
760.2875366
760.192688
758.3509521
757.7739868
759.2685547
761.8721924
764.697998
765.1326294
765.5939941
767.5161133
769.4381104
771.3331909
773.3050537
775.9985962
776.9133911
774.7885742
772.7441406
770.7176514
769.3164673
766.5588989
766.1853027
764.0241699
761.1553955
759.4765625
759.1593018
758.4833374
755.4638672
753.9780884
751.2998657
750.4174805
753.3500366
752.546875
753.3389893
754.0475464
753.8399048
755.7888794
759.7293701
762.2699585
763.8348999
765.9352417
766.9515991
767.37146
768.5576172
771.9387817
772.9854736
772.6585083
772.4574585
771.210022
769.2489014
767.0980835
766.7036743
765.9297485
763.4630737
762.0905762
760.7423096
759.8717651
757.5134277
757.0326538
759.0171509
759.4917603
758.9205322
758.8497925
757.7802734
757.1895752
756.8615723
759.7619629
761.6035767
765.9574585
767.2139282
768.8779297
770.3145752
771.5107422
774.5476685
776.8181152
777.2929077
777.9824829
777.1116333
775.9812622
776.2993774
777.2631836
778.711792
778.5016479
779.4544067
783.2597046
785.1776733
785.3821411
788.5339355
789.6644897
785.7453613
784.1869507
782.2637329
779.5679932
779.1271362
779.3198853
778.6206665
778.4171753
778.2067261
777.9071045
775.8222046
773.3449097
771.9970093
770.7920532
768.8869019
768.3161011
768.8826904
768.9665527
768.4862061
768.9014893
768.7984619
768.7219849
768.565918
766.3984985
765.3401489
763.9127808
761.3391113
759.286377
757.6363525
756.4259644
756.1865234
756.1802368
756.7957764
757.6913452
757.5471802
756.8918457
756.4007568
755.508667
751.3670654
750.4899292
750.2966309
750.5133057
750.6425781
750.5947266
754.3665771
754.2391968
753.9691772
753.9877319
753.9793701
753.5127563
753.4894409
753.2606812
753.0292358
752.8620605
752.4828491
752.3986816
752.3942261
752.7904053
753.6558228
754.8981323
755.3308105
754.7030029
754.7589111
755.7247314
756.706604
756.5787964
757.3464966
758.5205688
759.8342896
760.7054443
760.8265991
760.4876709
760.0761108
759.947876
759.7955322
759.3330078
758.0119629
755.776062
754.9294434
754.956543
754.6772461
754.1797485
753.8279419
753.543396
753.241333
752.6012573
752.0820923
750.7634888
748.6465454
747.9416504
747.7467651
747.5327759
747.1572266
746.7370605
746.3128052
745.6760254
744.8978882
743.4414673
741.9665527
741.1316528
740.270813
739.1306152
738.5169678
738.2288818
738.0748901
738.1129761
738.0922852
737.0145874
733.6825562
733.0385132
732.5791626
732.1380005
731.7033691
731.3601685
731.6027222
732.3840332
733.3696289
734.7875366
736.9962158
737.3898926
737.3330078
737.5253906
738.7750854
739.7360229
741.0273438
742.0526123
742.6245728
742.522644
742.3391724
743.3795166
741.8644409
739.1994019
738.4147339
738.3217163
738.2197266
738.1643066
738.767334
738.9215698
737.2446289
735.1289062
732.4083252
730.0177002
728.3955688
729.4970093
728.1417236
727.2698364
726.8850098
726.4575195
725.8323364
725.2211304
724.6960449
724.0473633
724.159668
724.6688843
724.925415
725.1091919
725.1464844
724.8278809
724.4078979
724.473877
724.2579346
723.0321655
722.4345703
722.4000244
721.0939941
717.74823
716.5311279
716.0970459
715.9397583
716.7607422
718.8238525
720.1878052
720.401001
720.7125854
721.0388184
721.2244873
720.4815674
719.7572021
719.3716431
719.6519775
719.9210815
720.1281738
719.8872681
719.5245972
719.9758911
719.597229
717.8743896
716.017395
714.642334
714.5213013
716.1281128
717.5369263
718.2559814
717.0009766
715.1725464
712.9013062
712.6000366
712.4359741
712.4266968
712.5314331
712.7091675
712.958313
713.4830322
714.3303223
715.0695801
715.4854126
715.74823
715.7233887
715.3701172
714.8677368
713.7805786
713.211792
712.0842285
710.9946289
710.3328247
709.7208252
709.1448975
708.5742798
708.1503906
709.5687256
711.477356
711.2208252
710.6466064
709.8006592
708.96698
708.3359985
708.2919922
708.5523682
707.9949341
707.7232056
706.7017212
705.5369873
705.0897827
704.9819946
704.9279175
704.8853149
704.8031006
704.6835327
704.5952759
704.6223145
704.5748291
704.4755249
704.4127197
704.2680664
704.1850586
704.0385742
703.8667603
703.5449829
703.3900757
703.2649536
703.2694092
703.2546387
703.3101196
703.1380005
702.8418579
702.526001
702.2271729
701.8279419
701.6419067
701.6292725
701.6722412
701.8042603
701.7024536
701.6256714
701.5083618
701.0223999
701.2752075
703.2411499
703.4528198
702.0969849
700.5987549
699.9613037
699.1372681
698.4615479
698.366394
698.2731323
698.1587524
697.9572754
697.760376
697.3983765
696.9671631
696.3903198
695.5547485
696.0441895
695.6389771
696.4529419
697.0280151
697.4487305
697.7973633
697.9712524
698.1589966
698.2994995
698.3684082
698.477417
698.477417
699.1951294
699.9992065
700.6083984
700.770752
700.6496582
700.6010742
700.3380127
700.5625
700.5628662
700.5037842
700.3571777
700.1746216
700.06427
700.0126953
699.9231567
699.8602295
699.8374634
699.3259888
698.5427246
697.9495239
698.286438
698.0882568
697.5910645
697.5474243
696.9002686
696.6211548
696.7314453
696.6743164
696.3369751
695.7924194
695.1334839
694.8712769
695.3704224
695.9380493
695.8753662
695.4395752
695.5485229
695.675415
695.9981689
696.1478271
695.8414307
694.631958
694.2750854
694.2689209
694.2765503
694.2911987
694.2948608
694.2717896
694.2196655
694.2477417
694.3014526
694.473938
694.3903809
694.4490356
695.5839844
696.0769653
696.0335083
696.0192261
695.9933472
696.12146
696.2316284
696.6036987
696.8828735
697.2042847
697.4060059
697.3377075
697.734436
697.9470215
697.8379517
697.857605
697.9121094
697.9119873
698.0521851
698.4498901
698.4075928
697.9089355
697.3795776
695.6958618
692.8247681
692.1261597
691.9680176
691.8261108
691.0234985
688.2080688
687.6239624
687.4890137
687.0491333
686.7457886
687.022583
687.3641968
687.7907715
687.9482422
686.366394
685.5812378
685.2879028
685.9241333
685.7030029
685.1502686
685.0999146
685.2421875
684.5557861
682.3151855
681.7550049
681.6785889
681.6408691
681.7893677
681.8421631
681.6503906
681.5237427
681.5269165
681.6382446
681.7619629
681.9054565
682.0010986
682.0683594
682.151062
681.6781006
679.9641113
679.5834961
680.2131958
680.9272461
681.1002197
681.3192139
681.5053101
681.5643311
681.0879517
680.1359253
678.9351196
677.8297119
677.1682739
677.2119751
677.8798218
678.392395
678.5580444
678.1757202
678.1497803
679.1792603
680.3754883
681.765686
682.9122314
683.3240356
684.095459
685.7874756
685.9758911
684.7440186
683.3795776
681.5133057
679.9517212
678.9179077
677.9277344
675.5690308
674.8900757
673.265686
674.0435791
673.6114502
672.9938354
673.0005493
673.1358032
674.0563354
674.2529297
674.8659668
677.428894
678.1141968
679.0585938
679.256958
679.0231323
678.5693359
678.2423096
678.1592407
678.1003418
677.9477539
677.9794312
678.0316162
678.0847778
677.411438
676.6030884
675.5078735
673.9193726
672.0133057
671.555481
676.2457886
676.7959595
673.0027466
669.4630127
666.7335815
664.6856079
663.7172241
662.3137817
661.6223145
664.0297852
664.3954468
664.5591431
665.2809448
665.489563
665.9608765
666.0269165
666.3887939
667.0919189
666.8852539
666.0639038
667.0863647
669.7486572
672.5285034
674.199646
674.8161011
674.4675903
674.8609009
675.1677246
674.2752686
672.9038696
671.9876099
671.5176392
671.8199463
672.8384399
674.0808105
675.1640625
676.3567505
677.6727295
678.9815674
680.0615845
680.7581787
681.3568115
681.7597046
682.3758545
683.3984985
684.2780762
684.0359497
682.9214478
681.8314209
680.9244385
680.0682983
678.9841309
677.6976318
676.331665
674.9818726
673.3913574
671.4042969
670.2717896
670.0228271
669.7786255
669.4437256
668.5237427
666.1599121
665.3150635
663.5811768
663.0302734
662.5376587
661.9954834
660.2676392
660.0611572
660.3773804
660.256897
659.8258057
659.5402832
658.8759766
657.4912109
656.75354
656.017334
655.3189697
654.7189941
654.0167847
653.5153198
652.8197021
651.7437134
649.3467407
647.1989746
647.7279663
648.9290771
649.9455566
650.3597412
650.3249512
650.0407104
649.105835
649.1283569
649.3584595
649.5697021
649.734314
649.7219849
649.6422729
649.5423584
649.3554688
649.4708252
649.5654907
649.6181641
649.8047485
650.0897827
650.4824219
650.8207397
650.878479
650.2648315
648.8757935
648.3480225
649.2151489
650.4229126
651.6690063
652.7391968
653.7104492
654.7010498
655.8641357
656.8200073
657.9683228
659.8422241
662.5471191
664.8930054
666.2246704
667.3624268
668.0926514
668.3569336
668.2322388
667.80896
667.0713501
666.2518921
665.5828857
665.0349121
664.5530396
663.7498169
662.5734253
661.8326416
660.5582275
659.0150757
656.6486206
655.5128784
654.432251
652.3033447
651.0130005
650.9004517
650.8137207
650.4243774
649.3274536
647.168396
645.9580078
645.1621704
644.1259155
643.1121826
643.499939
643.887207
644.442688
644.3939819
643.8322754
642.8421631
642.1542969
641.7438965
641.4700928
641.9067383
642.3079834
642.5282593
642.5255127
642.2730103
642.2176514
642.2042847
644.8831787
647.3449097
649.3673096
651.7558594
652.9702148
653.4985352
653.6615601
653.8925171
653.8682251
653.2363892
653.0856934
653.0510254
653.0499878
653.190918
653.1166992
652.9987793
653.1576538
653.2771606
653.3726807
652.7363281
651.3500366
650.5743408
649.8939209
649.4413452
649.4998779
650.0109253
650.4273682
650.8345337
651.6055908
653.4315186
655.3661499
655.9916382
655.3930664
653.852356
652.7420654
652.1481323
650.255249
647.9198608
645.8137207
644.7540283
644.052063
642.9829102
642.3478394
642.8634644
643.3436279
643.9389648
644.2685547
644.4665527
645.5834351
646.5161743
648.982605
650.0599365
649.9203491
648.7908936
646.1599731
645.8585205
645.1796265
643.7409058
641.9077148
640.9852905
640.0571289
639.663208
638.7296753
638.3613892
638.2543945
638.1647339
638.1193848
638.1168823
638.2349854
638.4053345
639.3886719
642.1187134
643.0779419
643.90802
644.1097412
642.9473877
642.281189
642.7871094
643.1972656
644.0526123
644.9064941
644.9182739
643.6169434
642.1239624
642.6843872
644.7728271
646.9631958
649.3973389
649.8331909
645.7006836
643.8047485
642.8484497
642.8186646
642.8278198
642.6670532
642.9761963
644.71698
646.7735596
648.0975952
648.4680786
647.9442139
646.1262207
645.7659302
645.7357788
645.7886353
645.8043213
645.9438477
645.9085693
645.7297363
645.253418
645.057251
644.0510864
643.03479
642.5688477
641.746521
639.8942871
639.1112061
638.9161987
638.633728
638.5241699
638.625
638.8852539
639.0084839
639.1658325
639.2989502
639.4729004
639.6170044
639.6253052
640.600647
643.8006592
645.2804565
647.0568848
649.6525269
650.5839233
651.0169678
651.4883423
652.3395996
653.7822266
654.5211792
655.1389771
655.6467285
656.4164429
656.9488525
657.2403564
657.2597656
657.2224731
658.125
659.3126221
659.6004639
659.8339844
660.4346924
660.7729492
661.2090454
661.848999
662.4229126
662.8571167
663.4129639
663.9539795
664.4100342
665.2463379
665.2891846
664.7028809
664.4769287
665.1211548
665.4646606
665.9471436
666.526062
667.1704712
667.7149048
668.1389771
668.6296387
669.0294189
669.1583252
669.1213379
669.2232056
669.4818726
669.8786011
669.8627319
668.0322266
665.0646973
664.1873779
663.4711304
662.9611816
662.4382935
662.0061035
661.5089722
661.1671143
660.8330078
660.4035034
659.7960815
659.1488037
658.4825439
657.2154541
656.322937
655.9124146
656.1896362
656.2956543
656.2510986
655.5602417
654.6347046
653.4781494
652.6735229
652.3173828
652.3132935
652.7497559
653.1773071
655.072998
657.1234131
658.793457
661.3963623
663.0229492
663.8380127
665.9371948
668.0987549
668.5502319
669.1602173
671.1509399
671.5019531
671.534729
672.3091431
674.8995361
676.8676758
678.3356323
680.1880493
681.5099487
682.1438599
682.225708
682.2451782
682.675293
684.7699585
685.5889893
686.331665
686.6309814
686.3487549
686.2964478
686.6737671
687.2441406
686.1752319
682.8649292
681.9630127
681.1001587
678.8621216
676.0623779
673.8938599
671.5377197
670.3363037
666.5330811
664.7616577
662.8236694
659.0187988
658.614624
656.1791992
654.774231
653.6838379
652.7590942
649.9976807
648.8584595
648.2313843
645.2910156
643.133728
640.7265015
638.4343872
636.4569092
635.0571899
634.2747803
633.2987061
632.0938721
630.8729858
629.7827148
629.0893555
628.6643677
627.737854
626.8724976
626.0247803
625.2799072
624.635437
623.0510254
621.907959
621.7262573
621.6830444
620.4506226
619.9061279
619.1317749
618.6781006
617.913269
617.229248
617.277771
617.6134644
617.2608643
616.6496582
614.7092896
614.137146
613.6207275
612.8706665
612.3688354
612.1153564
611.6890259
610.713501
609.7819214
609.211853
609.0973511
609.0859985
609.0097656
608.8915405
608.5661621
607.9217529
607.3552856
606.6661377
605.7189941
604.8549194
603.8874512
603.7612915
603.8831177
603.5474854
603.4038696
603.7622681
604.2177734
604.2791748
604.2437134
604.0848389
603.5436401
603.324646
603.2340088
603.2596436
603.3273926
603.4053345
603.4237671
603.4240723
603.4038086
602.0244751
602.6255493
603.4208374
603.4240723
603.4229736
603.4232178
603.6248779
603.8566284
604.0548096
604.3056641
604.5553589
604.7262573
604.7201538
604.7721558
604.7539673
604.8041992
604.7819824
604.8034668
604.6870117
604.7346191
604.6846924
604.5386353
604.2497559
604.2565918
604.6369629
604.9342651
605.0996704
605.2383423
605.1943359
605.1279907
605.1450806
605.2330933
605.3563232
605.4400024
605.3088989
605.1030273
604.8156738
604.4311523
604.2346191
603.9058838
602.8740234
602.7112427
602.3285522
602.0090332
601.9609985
601.6818237
600.9422607
600.2954102
599.7318726
599.2142334
598.4400635
597.7233887
597.3399658
597.2907104
597.2911377
597.2911377
597.4314575
597.7579346
598.1125488
598.4985352
598.8291626
599.1349487
599.3790283
599.5541992
599.5992432
599.6517334
599.604248
599.3831787
599.2454834
599.1207275
599.1531372
599.281189
599.4089966
599.6488647
600.0067139
600.1760254
600.2606201
599.9824829
599.4005127
598.4594116
597.5064697
597.3421631
597.7930298
598.7162476
599.5250854
600.414978
601.480896
602.2700806
602.7321167
603.0001831
604.072876
604.9193726
605.3018799
605.6158447
605.8162231
605.8375854
606.0162964
606.3250122
606.7242432
607.2294922
607.7062988
608.1431274
609.0424194
610.2255859
610.4118652
610.619751
611.0345459
611.1637573
611.4144287
611.8696289
612.1070557
610.894043
608.6403809
608.1021729
608.0008545
608.2371826
608.411438
608.3746338
608.1722412
607.7843018
603.947937
603.2786865
602.8171997
601.3070679
598.0767822
596.7808838
596.1713257
595.2036133
594.3759155
593.7675171
594.3914795
596.7079468
599.0806885
599.6157837
599.770752
599.8374634
599.7594604
599.8034668
599.7268677
599.7019653
599.4469604
599.3693848
599.4549561
599.5518799
599.5467529
599.708313
599.5891113
599.1947021
596.8721313
596.6566772
596.4091187
596.1189575
595.5370483
594.1748657
596.5633545
598.4605713
597.9090576
596.611084
595.7866821
595.2387085
594.7894897
593.7907715
592.6824341
592.3814087
591.8398438
591.437561
591.4639893
591.552002
591.6417847
591.6792603
591.7705688
591.9034424
592.1224976
592.3835449
592.8070068
593.1888428
593.5737915
593.7783813
594.024353
594.4171753
594.9222412
595.1289673
594.5720215
593.9425659
593.8764038
593.8040161
593.7998047
593.774353
593.8341675
593.8831177
594.031311
594.1243896
594.1555176
594.2421875
594.2911377
594.4943848
594.536377
594.4725952
594.3466187
594.3484497
594.2746582
594.333374
594.5717773
594.5847168
594.5762329
594.7303467
594.8726196
594.9595337
595.0021973
595.0024414
595.0444336
594.9244995
594.8604736
594.8137817
594.605957
594.4070435
594.0131836
593.3035278
592.1619263
591.2108765
591.038147
591.020813
591.6491699
591.3562012
593.7521973
592.8706665
592.6068115
591.5956421
591.1911621
591.1911621
591.1899414
591.6071777
593.5153198
595.4876099
596.2219849
596.4993896
596.4611206
596.6398315
596.8617554
597.288269
598.6791382
600.7606201
604.1741943
607.6049805
610.067627
610.5654907
610.8516235
611.3634033
612.2073975
613.312561
613.9429321
612.8250122
610.6611938
610.1721802
610.2589111
610.4708862
610.4554443
610.4506836
610.0373535
609.5084229
609.4912109
609.5701904
609.50354
608.4525757
608.2301636
609.5540161
609.8635864
609.6449585
608.2042847
603.5844116
600.2371826
597.4396973
594.5214233
591.9543457
592.1201782
593.6845703
595.9874878
599.1152344
602.164856
606.3879395
608.9023438
609.3223877
609.9371948
613.0671387
613.7150879
613.8699341
613.8762207
615.6998291
616.1393433
615.9481812
615.8476562
615.9226685
616.2304688
616.5220337
617.2268677
617.2164307
616.9718018
616.9819336
617.6690063
620.897644
622.6240845
623.0578613
623.3123779
624.3418579
625.7775269
627.5706787
629.1635742
629.4549561
630.3587646
631.9118652
633.5183716
636.0649414
636.6345215
636.2190552
636.9488525
638.52771
639.3916016
641.3204956
644.5311279
646.786377
649.0857544
647.2595825
646.3737183
643.9172363
641.25
639.3605347
638.4030151
636.1291504
634.1314697
632.6880493
632.4842529
632.4251709
632.1871338
631.5669556
630.7034912
629.2791748
629.1818848
629.0606079
628.6240234
627.3296509
626.0061646
623.8480835
621.8950806
620.0452881
618.135498
616.5136719
615.2738647
615.2293701
615.8562622
616.1717529
616.6819458
618.3852539
619.7084351
620.4933472
620.4682617
620.0380859
618.9145508
617.0905151
615.0100708
614.1447144
614.9257812
617.711792
621.8583984
624.0079956
622.5968018
618.8934937
615.2258911
609.755249
603.2767944
601.7244263
599.987915
598.0305786
597.5203857
597.3103027
597.2075806
597.2192993
597.6647949
598.1647949
598.1263428
598.3804932
598.487793
598.3247681
597.5250244
596.0776367
597.5966187
598.9108887
600.7757568
601.4934692
600.7825317
600.1591797
599.6490479
599.2772827
599.0248413
598.8953857
599.3240356
599.7293091
600.1699829
600.7663574
601.5913086
601.9798584
602.0474243
601.9352417
601.8198242
601.8166504
601.7954712
601.8006592
601.8161621
601.8162842
601.829895
601.7954712
601.6464844
602.157959
602.8081665
603.0195923
603.1324463
603.1383667
603.0918579
603.1412964
605.7246094
608.1982422
608.3161621
608.3294678
608.2869263
608.1376343
609.0440063
612.6640625
615.8510132
618.3014526
619.6738281
620.6672974
621.4609375
621.5252686
620.4939575
618.1462402
616.132019
617.3880005
618.7869873
620.8829346
624.0545044
627.1592407
631.6761475
637.9528198
644.0679932
645.1427002
649.1574707
650.1934814
649.1541138
650.6360474
653.2472534
652.1118164
653.3186646
654.2213745
653.9663086
652.2750854
648.5783081
645.4956055
647.6620483
654.6924438
657.9798584
652.663208
655.3671875
659.7628784
661.6157837
660.5977783
660.2677002
657.9536743
657.5288086
656.0632324
654.0404663
651.5050049
647.640564
645.4020386
644.4602661
646.0467529
646.4107056
646.8200073
648.838501
651.74646
652.1357422
652.2221069
652.0491333
652.0390625
652.1234741
652.0928955
652.2682495
655.5278931
657.8981323
658.0959473
659.0969238
661.3505859
662.4403076
662.9381104
663.3483887
663.6292114
664.1102905
664.2975464
663.6674194
661.8237305
658.9421997
657.1578369
654.4847412
652.4442749
652.0198364
652.0722656
651.8239136
648.1015625
649.0571289
648.6647949
648.4550171
649.5097046
652.1136475
652.1911011
650.0184326
648.8411865
648.0158081
646.7219238
646.5526733
645.8335571
644.9083862
644.5384521
644.1378784
643.9404297
643.8342285
643.7116089
643.2532349
641.164978
639.9118652
643.8369751
645.1347656
645.2241211
645.366272
645.6398926
645.4493408
645.1244507
642.5562134
640.4644165
641.2507935
642.8184814
643.7286377
643.343689
642.0245972
640.4854736
639.9905396
639.9047241
639.4141235
636.0527344
634.4294434
634.5211792
635.5812378
637.3447266
638.5566406
639.152771
639.440918
639.4736938
638.8335571
637.4844971
636.8608398
636.3816528
637.2755737
639.4053955
640.0595093
640.5006104
640.3818359
640.34552
640.0779419
639.9588013
639.7212524
639.1583252
638.2330933
637.703125
637.3424683
639.0966187
639.2150879
639.2322998
639.2387085
639.2946167
639.3217773
638.7809448
637.9627075
636.8121338
635.6711426
635.0094604
634.9190063
633.5945435
631.9746704
629.8100586
626.8962402
626.6751709
624.5063477
623.9310913
622.7684937
621.9418335
620.5719604
621.0853882
617.6693115
615.689209
621.5488892
625.9375
628.3988647
631.0333862
636.519104
639.8400269
639.9177856
639.8640747
639.121582
638.0105591
635.6461182
636.3347168
638.274231
638.9458618
639.140686
638.8475342
638.5780029
638.1496582
638.1210327
637.385498
638.3786621
638.4545898
638.6461792
639.12146
640.9744873
641.8608398
639.7338257
639.7330933
640.4172974
640.1881714
641.1568604
642.9046631
645.3475342
645.6906738
645.583374
646.0980835
646.0931396
646.097168
646.4013672
651.9101562
652.2862549
654.9983521
655.5264893
653.8040161
652.2384033
652.1254272
650.7622681
649.1401978
648.3894043
647.7827759
646.366394
645.5369263
645.1749878
644.3103638
644.1661377
644.8952026
645.3452759
644.4297485
644.645874
644.713623
641.0616455
640.4534912
638.5631714
636.9920654
636.4869385
635.3806763
634.5830688
633.4971924
632.7781982
631.8319702
632.161438
633.199585
632.6089478
632.8692627
633.3501587
630.4459229
625.3649902
622.8282471
620.223999
618.6148682
622.6339722
624.9847412
627.7680664
630.3253784
633.9225464
635.8862305
638.8024292
639.0269165
638.8939209
635.6298218
634.2293091
633.8201294
633.7479248
633.7189331
633.4838867
633.1754761
632.8388672
632.7946167
629.7492065
628.6878662
627.1566162
626.8331299
626.9336548
627.1549683
626.6303101
626.6591797
626.0044556
625.9848633
624.4057617
623.21698
622.8662109
623.7513428
620.6891479
619.6333008
617.4904175
616.3644409
617.135437
621.0501709
622.1847534
622.4909058
622.3199463
622.1044922
621.8926392
621.4781494
621.2179565
623.1429443
624.9379883
625.2236938
626.1038818
625.6506348
625.4151001
625.8991699
627.4793701
628.7595825
631.0422363
633.017334
633.0479736
632.6182861
634.9379272
632.7235107
631.6298218
630.2608032
627.5078125
628.0485229
627.0114746
627.2229004
630.4008789
631.5866699
632.9112549
633.0635376
636.2432251
639.7084961
639.0766602
642.1508789
643.5435791
643.1820679
641.5410767
642.0546875
639.5249634
637.4146729
636.2122803
634.8405762
634.005249
634.0404663
634.1709595
631.3641968
629.7572021
629.3775635
629.477356
630.382019
631.9623413
631.2906494
632.7876587
633.1317749
632.8347168
633.7653809
635.6784668
638.9605103
635.5407715
632.3347778
632.3812866
633.3790894
631.7545776
629.9089966
627.2943115
623.9586182
619.1381226
619.1234131
618.6630249
616.1110229
614.2751465
614.0475464
613.7666626
612.0988159
613.5883179
613.5331421
610.9541016
609.8282471
610.5164795
613.1401367
613.956604
614.4508667
615.3549805
619.8928223
621.3760986
622.065918
625.6702881
626.7131958
624.6398926
626.8737183
626.1193237
627.5436401
632.0012817
631.5921631
634.1213989
634.7157593
635.314209
638.0759277
641.5535889
643.8883667
643.9744873
646.4576416
652.392334
659.6833496
662.6625366
667.2938232
669.2700195
668.3173218
662.6082764
659.6356201
655.3844604
649.8720093
646.8597412
644.5602417
642.282959
639.6417847
635.2525024
634.1033936
633.3464355
631.5543213
631.2608643
630.9185791
629.9338379
629.4941406
628.6026001
628.0077515
627.4395752
627.3392944
628.9752808
628.7877808
626.6707153
625.5646973
625.2946777
626.6278687
625.4313354
624.0321655
620.9882812
619.9364624
618.8170166
618.8934326
618.2047729
616.8616333
616.8434448
616.7772827
619.7993774
622.1629028
623.4525757
628.4782104
630.2335815
628.9695435
622.6807251
618.710144
620.508667
622.0510864
624.6908569
627.9522095
628.9906616
628.7684937
628.1953735
627.4130249
629.380249
630.1313477
631.4584961
630.0714111
628.1422729
626.8041992
625.9663086
624.7523804
625.4091797
624.3692017
623.0744019
621.8973999
622.3529053
622.4400024
620.7802124
618.7521362
618.2522583
616.0821533
614.904541
615.0610962
613.8637085
614.4133911
612.885437
614.0564575
614.6552734
613.0731201
610.0405273
607.8442993
605.7259521
604.0386963
605.0154419
605.5897217
607.2267456
609.0549316
610.2165527
611.5302124
612.6420288
614.0288086
614.9489746
615.4509888
615.5450439
617.1053467
618.5119629
621.8062134
622.3904419
620.7874756
622.5679932
624.3256836
626.0948486
627.694458
627.2901001
626.802063
627.015564
626.9115601
628.1971436
627.9797974
628.6043091
629.9291992
631.7285767
632.9255371
633.3956909
636.1359863
637.2230225
638.5683594
639.9484253
641.5392456
641.7662354
639.272583
637.2044678
634.7121582
632.8427734
631.2180176
627.9545898
627.8618164
627.6802979
626.6973877
622.9848633
621.9873047
621.4431152
620.7589111
620.4998779
620.4550781
620.5197144
619.8504639
617.6289062
615.9662476
614.7872314
614.1566772
613.8040771
613.5618896
613.4571533
613.5369873
613.5542603
614.2441406
617.2011719
617.8479004
622.7312012
625.0407715
623.5846558
624.6015015
625.600769
625.1929932
621.9017944
621.9221191
621.1304321
620.1939697
615.5264282
615.5300293
612.9307861
609.8535156
609.519043
608.8691406
606.3756104
603.3843384
604.480835
605.7473755
607.1607056
607.8028564
608.2686768
608.4978638
609.4403687
611.6483765
614.2888794
615.5894165
616.2890625
619.2108765
620.0487671
620.5214844
620.84729
622.989624
624.4672241
625.4749756
626.9758301
627.2047729
627.4796753
628.1069946
628.7631226
631.3082886
631.5792236
629.2470093
627.2340698
623.1727905
621.3651733
617.5517578
615.696106
615.8426514
615.8398438
614.8273926
612.690979
612.708374
611.3961792
610.46875
608.6522827
608.4949951
607.8442993
607.5495605
606.1984253
602.449646
601.8226318
601.9741211
602.7093506
606.9943848
609.0250244
609.302002
609.446167
609.4243774
608.5545654
604.6553955
603.4639893
603.9807739
606.0844116
609.633728
611.6413574
612.1307373
612.0570068
612.6072998
614.5449219
617.9644775
618.5060425
618.0050049
618.9227295
620.4596558
619.4629517
619.9841919
621.1539917
618.2721558
617.4647827
616.7506714
615.3312378
613.3128052
611.2470093
609.5531006
608.6008911
605.5518799
602.5786743
603.8353882
603.9221191
604.0387573
604.048645
603.8330688
603.8252563
604.2168579
604.1925049
603.5753784
602.5101318
601.2456055
601.0811768
601.8803101
602.4246216
602.166748
601.5737915
599.3469849
598.5413818
598.2542114
598.2434692
597.8618164
597.480835
597.6929932
598.2952881
597.8930664
597.7843628
596.8526611
594.3796997
591.3458252
590.5506592
588.4656982
586.3779297
586.4302979
586.0571289
584.0733643
581.6096191
578.7387695
576.3805542
575.4210815
573.4249268
572.1762085
572.3162842
572.8175659
577.9660034
584.5192871
586.2428589
587.0268555
588.4661255
588.861084
589.1505737
589.1088867
586.3148193
583.9820557
581.9106445
579.1390381
576.6316528
575.6644287
573.7869873
572.2463379
572.2473755
571.7362671
569.8751221
569.4083252
570.2832642
570.3838501
569.8811646
568.0414429
565.3751831
564.8953857
564.6134033
564.7180786
562.9174194
561.0150146
560.1673584
559.2541504
559.2219849
558.7099609
558.7843628
558.3348389
557.944458
556.8188477
556.5115967
555.281189
554.6109009
555.2481689
555.8733521
555.9899902
555.8862915
555.7640991
555.6896362
555.9574585
556.262207
556.8035889
556.7111816
556.9473877
557.6212769
558.3062744
558.617981
558.4729614
558.2869263
558.2403564
557.7617798
556.8980103
555.8170166
555.3422241
555.1536865
555.4251709
555.6231689
555.3140869
555.2593384
554.4140015
551.7055054
550.2697754
549.8688965
550.2214966
550.4712524
550.0220947
549.4664307
549.2404175
549.4664917
549.7467041
549.9749756
549.9396973
549.6419678
548.9354248
547.4226685
545.9840698
547.3242188
548.7113037
554.1659546
557.385376
559.4710693
559.3922119
558.5639038
556.9341431
555.8613892
554.6072998
553.8433228
552.3252563
552.1669312
551.4030151
549.4386597
547.9743042
547.1855469
547.2012939
547.3005981
546.7429199
545.708313
546.5618896
547.6946411
547.3131104
546.8535156
544.4885864
543.0622559
542.7722168
542.637146
542.5269775
542.5473022
542.3847656
542.0311279
543.4382935
544.4795532
545.0253296
545.0283203
544.8853149
546.3412476
549.0692749
552.6131592
552.2918701
551.8364258
553.8901367
557.0422363
557.6591187
557.336731
558.3831787
558.6268311
560.1764526
564.4837036
566.6959839
567.5028076
567.1065674
566.6960449
566.2053223
566.0864868
565.6660156
564.993103
561.9537354
560.0059814
559.1890869
558.1890869
557.7137451
555.0978394
552.2241211
551.8016968
552.0446167
552.5874023
552.6586304
552.0646362
554.0578003
553.6469727
553.399292
553.9180908
554.2651978
550.449707
549.8339844
550.7705688
553.751709
554.487915
554.4379883
553.571228
552.7388916
550.7598877
549.3861694
547.7600098
547.3123169
545.4457397
543.2457275
545.421936
545.409729
546.0568848
545.9368896
544.9076538
544.1546021
544.9976807
544.743042
543.1947021
543.1624146
544.8956909
544.9371338
545.5685425
546.0740967
546.5109863
546.7542114
546.1719971
543.3740234
541.513855
539.8657837
538.2047119
535.6398926
531.6459351
532.2698364
533.0526733
534.0516968
534.7011108
535.6712646
537.8248901
540.6378174
544.022644
547.2530518
548.1548462
547.4070435
546.9080811
546.4272461
545.7462158
545.6223755
545.6875
545.3920898
544.9396973
544.2261353
543.793457
543.7195435
543.6727905
543.6323853
543.5626831
543.4761963
543.4993896
543.5040894
543.465271
543.508728
543.4144287
543.3554688
543.3636475
543.3809204
543.9786377
544.8352661
545.5587769
546.1762695
546.9943237
546.7019653
544.6688232
543.1088867
542.1107788
541.8742676
541.9321289
541.6610107
541.0488892
540.4935913
539.734375
538.7179565
536.930603
535.1226196
534.6710815
534.7035522
534.7346802
534.762085
534.7584229
534.6433105
535.0344238
534.9206543
534.4195557
533.6784058
533.9416504
535.8424072
536.6013184
537.2268677
538.9068604
540.6837158
542.5184326
544.3129883
546.144104
546.6848755
547.4349976
549.2347412
551.9639282
553.7592773
554.0250854
553.6169434
552.6343384
551.7125244
552.6787109
555.4784546
556.5730591
557.1791382
557.8275757
558.4771729
559.112854
559.4854126
559.6450195
559.1242065
557.0170288
553.2947388
551.8623657
551.411499
552.2225952
553.3165283
553.5193481
553.3295898
552.8704834
552.1054688
551.1189575
549.2174072
547.6363525
546.3856201
545.4145508
544.8485107
545.0857544
546.362854
547.6087036
547.8137207
547.2944336
546.8136597
546.7468872
546.8302612
547.2421875
547.6547241
547.8510132
547.9073486
548.1380615
549.2522583
549.5565796
550.1115112
550.6497803
550.5947266
550.0697021
549.1569824
547.9031372
547.262207
547.1626587
547.2212524
547.4018555
547.2746582
546.6849976
545.2003174
543.1141968
541.7042847
541.000061
540.2684326
539.3909302
538.1655273
536.8952026
535.8918457
535.1516724
534.0609131
532.3778687
530.5617065
529.7076416
529.5043335
529.3688354
529.0588989
528.5911255
528.2268066
527.8404541
527.7567749
528.0958862
528.4966431
528.7828979
529.0042114
529.4370117
529.4561157
529.309021
528.9486694
527.9958496
526.6435547
525.4014893
524.50354
523.6315918
522.8233032
522.0612793
521.2521362
521.0627441
521.0737305
520.7266846
520.3198853
519.7010498
518.9349976
518.0792236
517.65625
517.3017578
516.5745239
515.9117432
515.7480469
515.8012695
515.677124
515.7796631
515.7356567
515.4267578
515.104187
514.7945557
514.6560669
514.4390259
514.3135376
514.3866577
513.8679199
512.8587036
511.9851379
511.5680542
511.3826294
511.4301147
511.4718018
511.3563843
511.2253723
511.3130798
511.3867493
511.4060364
511.3965149
511.0861816
510.7434998
510.6108093
510.5842285
510.5679626
510.5608215
510.5563049
510.5543213
510.5533752
510.5528259
510.5529785
510.5591736
511.2621765
513.0187988
515.2740479
516.578064
516.8613892
517.3726807
518.2802734
517.9192505
516.6911621
515.4104614
514.1342773
512.9780884
512.3203125
511.7309875
511.4299622
511.2733765
510.8990784
510.6488953
510.553009
510.553009
510.553009
510.553009
510.553009
510.553009
510.553009
510.553009
510.553009
510.5735168
510.8768616
511.3550415
511.7042847
512.0394287
513.6491089
515.4857178
516.3478394
516.2495117
517.7461548
518.5061646
519.4195557
520.0635986
520.4753418
520.7996826
523.2333984
523.2562256
523.2790527
523.3019409
523.3247681
523.3475952
523.3704224
523.3932495
523.4160156
523.4385986
523.4563599
523.4741211
523.4918823
523.5096436
523.5273438
523.545105
523.5628052
523.5805054
523.5981445
523.6159058
523.6349487
523.6539917
523.6730957
523.6921997
523.7113647
523.7305298
523.7496948
523.7689209
523.788147
523.807373
523.8248291
523.8422852
523.8596191
523.8769531
523.8942871
523.9115601
523.928772
523.9459839
523.9631348
523.9807739
524.0413208
524.1018677
524.1623535
524.2229004
524.2834473
524.3439941
524.404541
524.4651489
524.5256958
524.5863037
524.6925659
524.7988892
524.9052124
525.0115356
525.1178589
525.2241821
525.3304443
525.4367676
525.5430298
525.649353
525.7832642
525.9176025
526.052002
526.1864624
526.3209839
526.4555664
526.5901489
526.7247925
526.8594971
526.9942627
527.1223145
527.2503052
527.378418
527.5066528
527.6349487
527.7633057
527.8918457
528.0204468
528.1491089
528.2778931
528.3980713
528.5180054
528.6379395
528.7580566
528.8782349
528.9985352
529.1188965
529.2393799
529.3599854
529.4806519
529.6633911
529.8495483
530.0356445
530.2216797
530.4075928
530.5934448
530.7791748
530.9648438
531.1503906
531.3358765
531.5794067
531.8267822
532.0738525
532.3205566
532.5668945
532.8128662
533.0584717
533.3037109
533.5444946
533.7819824
533.9706421
534.1525879
534.3325806
534.510498
534.6864624
534.8604126
535.0323486
535.2022705
535.3702393
535.5361328
535.5924683
535.6270142
535.6596069
535.6901855
535.718811
535.7454224
535.7701416
535.7928467
535.8135986
535.8323364
535.7005005
535.5259399
535.3510132
535.1755981
534.9996948
534.9449463
534.944519
534.9459229
534.9491577
534.9542236
534.954834
534.8786621
534.7978516
534.6844482
534.5568848
534.432251
534.3106689
534.1920166
534.076416
533.9637451
533.854126
533.7474365
533.6518555
533.5578613
533.4616089
533.3630981
533.2622681
533.1591797
533.053772
532.946167
532.8300171
532.7104492
532.5921631
532.6151123
532.6703491
532.7259521
532.7801514
532.8330078
532.8843994
532.9344482
532.9801636
533.0124512
533.0449219
533.0776978
533.1106567
533.1438599
533.1773682
533.2110596
533.2450562
533.2792358
533.3023071
533.3250732
533.3475952
533.369751
533.3954468
533.4345703
533.4767456
533.5220337
533.5704956
533.6204834
533.6726685
533.727417
533.7845459
533.8442383
533.9064331
533.9710693
534.038208
534.1077881
534.1620483
534.2033081
534.241333
534.276123
534.3076782
534.3360596
534.3612061
534.442688
534.5637817
534.6851196
534.8079224
534.9269409
535.0421143
535.1534424
535.2609863
535.3646851
535.4645386
535.5606079
535.6690063
535.8201904
535.9639893
536.1004639
536.2296143
536.3513794
536.4658203
536.572876
536.6726074
536.7697754
537.0113525
537.25
537.477417
537.6937256
537.8692627
538.0054321
538.1342773
538.2559204
538.3702393
538.4772949
538.5770874
538.6695557
538.7876587
538.9868164
539.1779175
539.3609619
539.5359497
539.7028198
539.8754272
540.0532227
540.2217407
540.3811035
540.531189
540.8303833
