138.113082886
137.966598511
139.436233521
138.276733398
139.014297485
138.563339233
138.345855713
138.755447388
137.928497314
139.242523193
139.758666992
141.007736206
143.495910645
145.661376953
147.176971436
148.506561279
149.395172119
149.310638428
148.739257812
148.680603027
148.384262085
149.269836426
149.323486328
149.204696655
149.044647217
148.91166687
148.709655762
148.755630493
148.639160156
148.984573364
148.673187256
147.990142822
147.080429077
146.396270752
146.099563599
145.744812012
145.030563354
144.304718018
142.837921143
141.638763428
140.902572632
139.566375732
138.704284668
137.301559448
136.082458496
136.026855469
137.255889893
137.072982788
138.04119873
139.805206299
141.946060181
143.904632568
146.43711853
148.779647827
150.928039551
153.445831299
156.200485229
158.858886719
160.976119995
162.791595459
165.631072998
167.258071899
168.654037476
169.760757446
171.467758179
172.584793091
173.64050293
173.642379761
173.872528076
173.561935425
172.740188599
172.143478394
172.891464233
173.209991455
173.864501953
174.479400635
173.963607788
173.404998779
173.26789856
173.178894043
171.786682129
170.300201416
170.967559814
171.158981323
170.577651978
171.397415161
171.515625
171.465072632
171.394439697
171.407440186
170.330780029
171.039520264
170.4503479
171.081604004
171.260345459
172.405654907
172.330429077
172.935165405
173.476699829
173.439865112
174.463134766
175.396606445
177.073104858
178.596954346
180.117980957
181.722488403
183.626480103
185.285369873
187.180175781
189.953384399
192.501434326
194.824615479
196.455474854
198.660354614
200.951370239
203.296951294
205.496337891
207.247528076
208.911849976
211.515975952
211.110488892
214.483657837
216.712600708
218.922561646
219.438308716
220.19984436
218.464935303
217.036346436
216.996749878
216.188720703
214.862686157
213.975997925
213.774490356
212.733428955
210.182037354
208.52532959
206.495391846
205.236923218
202.790481567
201.383071899
199.869827271
198.137252808
197.967575073
196.53678894
195.67225647
194.378341675
194.590301514
194.6300354
193.417373657
191.354064941
188.919342041
186.582489014
184.273300171
181.344558716
178.507598877
176.707397461
174.550842285
173.238830566
171.740661621
170.502075195
169.520446777
168.448532104
167.512695312
166.328170776
165.358322144
164.402786255
164.157165527
163.411071777
164.233627319
163.393127441
163.853408813
161.739395142
161.043777466
161.162536621
160.474487305
160.520324707
159.833755493
159.663665771
158.760452271
158.068450928
157.684768677
157.242294312
157.112701416
156.739242554
156.13684082
156.106033325
155.966949463
155.699111938
155.877624512
155.800704956
155.0597229
155.432815552
155.681686401
156.363677979
156.609573364
155.760955811
155.21257019
155.472976685
155.379333496
154.668563843
154.080551147
153.854660034
153.520584106
152.99571228
153.116836548
152.532897949
152.488723755
152.358108521
151.877761841
151.722732544
151.462768555
151.541061401
151.702880859
151.45274353
151.790023804
151.736572266
151.546081543
151.142608643
150.487915039
149.910614014
149.615524292
149.138580322
148.680435181
148.481124878
148.296890259
148.209091187
148.103500366
147.662002563
147.658508301
147.871749878
147.919723511
147.803756714
147.794189453
147.693695068
147.553070068
147.588470459
147.41003418
147.690811157
147.832763672
147.410202026
147.196731567
146.917953491
146.954086304
146.527633667
146.776611328
147.74810791
149.230529785
151.779037476
154.441833496
155.942886353
156.795806885
156.060394287
155.260910034
153.979309082
152.56817627
151.9246521
151.117462158
150.31300354
149.068984985
148.535827637
148.60345459
147.770080566
147.22354126
146.899658203
146.74230957
146.664245605
146.800537109
146.882888794
146.990264893
147.039154053
146.913299561
147.180282593
147.819488525
148.174331665
148.719406128
148.781799316
148.753540039
149.047103882
149.351638794
149.501998901
149.383621216
149.722137451
149.966125488
150.002426147
150.240921021
149.876739502
150.72668457
150.586425781
150.866226196
151.293670654
151.312179565
151.892196655
152.001617432
152.002883911
152.136398315
152.19859314
152.213897705
152.62210083
153.531356812
153.380981445
153.754608154
154.129638672
154.619735718
155.022369385
154.669555664
153.975967407
155.264358521
155.420562744
155.098358154
154.971832275
154.879394531
154.898605347
155.39100647
155.745315552
156.026535034
156.459899902
156.64100647
156.722549438
156.891845703
157.228500366
157.479492188
158.220275879
158.350967407
158.516815186
158.776138306
159.220596313
159.738845825
159.840606689
160.52935791
161.026519775
161.366653442
161.871551514
162.672653198
163.428741455
163.726348877
164.352172852
165.17098999
165.455764771
166.347930908
166.904403687
167.972396851
169.805267334
171.743026733
172.747039795
174.608428955
176.046875
177.57232666
178.418518066
180.222549438
182.072097778
183.868515015
185.474243164
186.889968872
188.063201904
189.33883667
190.797195435
192.469818115
193.633361816
195.00932312
196.482452393
197.65083313
199.085678101
200.482696533
201.911682129
203.353744507
204.138168335
205.251617432
204.82850647
204.740158081
203.503448486
201.685653687
200.367126465
199.12701416
197.505554199
195.899581909
195.00189209
193.690322876
192.677017212
191.704833984
191.151184082
190.324462891
190.788726807
191.078994751
191.274002075
191.212753296
191.920898438
192.142791748
192.651657104
193.955383301
194.762451172
195.751312256
197.503753662
198.780670166
199.569534302
199.93661499
200.245834351
199.787475586
199.214859009
198.257049561
197.247543335
196.357559204
196.069824219
196.17805481
195.871566772
196.118804932
196.351348877
196.661254883
196.670059204
197.763122559
199.007888794
199.933486938
200.861846924
201.76965332
202.857131958
204.350143433
206.102890015
207.365844727
209.452575684
210.685317993
212.652130127
214.178543091
215.009460449
216.77734375
217.540390015
219.105010986
219.958068848
221.642456055
223.734893799
226.006210327
227.563903809
227.763839722
228.61088562
228.923614502
229.382888794
230.244247437
230.624008179
231.124252319
230.825958252
231.427047729
231.132720947
232.326202393
232.354446411
233.42300415
234.192062378
234.693283081
235.680328369
236.566925049
236.98916626
237.441680908
239.271957397
240.606796265
241.09564209
242.010025024
242.890899658
242.630599976
242.979690552
243.203964233
244.306213379
245.331832886
247.474502563
248.501144409
249.658370972
250.668060303
251.79460144
252.01411438
252.023025513
251.68560791
250.680908203
249.56842041
248.089492798
247.917678833
247.3306427
247.744354248
246.016387939
246.422012329
246.159362793
246.077255249
245.676239014
245.432479858
245.044067383
244.924163818
244.615829468
244.419723511
245.065673828
245.482833862
245.7056427
246.678710938
247.140640259
247.594711304
247.187072754
247.281478882
246.63609314
246.234375
246.731994629
246.858123779
247.166641235
247.86807251
247.521728516
247.875061035
248.408370972
249.401046753
250.009078979
250.97064209
251.279449463
251.598510742
252.078384399
252.673370361
253.328659058
253.235443115
253.858383179
254.677139282
254.848678589
255.346984863
256.145294189
256.663787842
257.352294922
257.989898682
258.349090576
259.027648926
258.614685059
259.231567383
260.033935547
261.062103271
262.297088623
263.574829102
264.834381104
265.991638184
267.226409912
268.362182617
269.630706787
270.012237549
270.385253906
270.811340332
271.184082031
270.868621826
270.342163086
269.887359619
269.333648682
269.067077637
268.542816162
268.125946045
267.604248047
267.584625244
267.376831055
267.027038574
266.212341309
265.928833008
265.463165283
264.772705078
264.147979736
263.858276367
263.274658203
261.933929443
261.190979004
260.734649658
260.314544678
260.002593994
259.856414795
259.977416992
259.90914917
259.843841553
259.272491455
259.099517822
257.78137207
258.239807129
257.16796875
256.364135742
255.617996216
255.84085083
255.508636475
255.236083984
255.154785156
253.618865967
250.503356934
249.651626587
246.650787354
244.576583862
243.281570435
245.104431152
242.956298828
242.767166138
242.230102539
240.923614502
238.426727295
239.264038086
242.507156372
243.323577881
243.227920532
238.785263062
234.147888184
231.906463623
230.653991699
229.971328735
229.926254272
229.689178467
230.413192749
229.133544922
229.115692139
228.559951782
229.419723511
229.358428955
231.751098633
234.808029175
234.951919556
236.057250977
239.256851196
236.966400146
237.317718506
237.015182495
236.568908691
240.873168945
239.504577637
235.563430786
234.804672241
235.866241455
236.909225464
237.008575439
235.475769043
235.628662109
236.701522827
238.433502197
239.614761353
241.878677368
242.472488403
243.295593262
245.590957642
248.453048706
252.162399292
254.056533813
255.382400513
256.654815674
257.53503418
259.910247803
261.72644043
263.008392334
264.841552734
266.739135742
268.235717773
269.780944824
270.90435791
271.339355469
271.71762085
272.04119873
272.094207764
272.497741699
273.394836426
274.167877197
275.249664307
276.566955566
278.157104492
279.026977539
279.948608398
281.522583008
282.773193359
284.509307861
284.552825928
285.381561279
285.850708008
286.594360352
286.765136719
287.63168335
291.691101074
291.495025635
291.352752686
293.400726318
294.745513916
296.337127686
295.123382568
296.106079102
297.447296143
298.7081604
299.770050049
299.905426025
301.462615967
301.764282227
302.363616943
303.33114624
304.083862305
304.741973877
304.356536865
303.898712158
309.099517822
309.597259521
309.791351318
309.937866211
310.146270752
310.330352783
310.322723389
309.196746826
309.426635742
309.113006592
309.796356201
309.777648926
310.010101318
311.11932373
312.030456543
313.840698242
316.184875488
317.901062012
318.52355957
319.583374023
320.034118652
321.766357422
322.994293213
325.005981445
327.030181885
328.180328369
331.050872803
332.173370361
334.298278809
336.227783203
337.059539795
337.953857422
339.120300293
340.353424072
342.265686035
343.970123291
344.143981934
342.566375732
343.705322266
345.614685059
346.191589355
347.279785156
348.835693359
351.754852295
356.196990967
360.138031006
362.842529297
363.270019531
363.676330566
363.733856201
363.11315918
361.780151367
359.501678467
358.975738525
359.936737061
356.700927734
353.897125244
349.277099609
344.568847656
342.684295654
342.539215088
342.652374268
343.120788574
343.87411499
342.336212158
341.986572266
342.407165527
341.431732178
341.561859131
344.227905273
342.829528809
342.039672852
341.809661865
340.69631958
339.607086182
339.887298584
339.933288574
339.760772705
339.891693115
339.612792969
339.567138672
339.905548096
338.704284668
337.241333008
336.381713867
335.66192627
335.997741699
337.487945557
339.106018066
337.070465088
336.126708984
335.608001709
336.20501709
336.791625977
336.016113281
333.884490967
332.816101074
331.206817627
330.522857666
329.72164917
327.930786133
326.599304199
326.221923828
324.880767822
324.621124268
322.117279053
320.397674561
318.811431885
317.325653076
315.106872559
312.633728027
310.903594971
309.77734375
308.002349854
304.482757568
302.277252197
301.350372314
301.241210938
300.924591064
299.788787842
300.492919922
300.174194336
298.214904785
298.152557373
296.310333252
294.995483398
292.392852783
292.841125488
292.355987549
291.71206665
291.140167236
290.392547607
290.717712402
292.289489746
295.052001953
297.278045654
301.137298584
304.308837891
304.507629395
302.459869385
296.264892578
282.64251709
275.192779541
275.50189209
275.420654297
276.00579834
274.249145508
273.161102295
271.448699951
269.582946777
267.741485596
266.455566406
266.245666504
265.948730469
263.175811768
260.001861572
258.29284668
256.948883057
256.392333984
252.702972412
251.901947021
251.778335571
251.184371948
251.053344727
250.977340698
249.556869507
248.596252441
247.625854492
245.929641724
243.479614258
241.638061523
242.046386719
241.654495239
239.109375
235.864105225
234.794143677
232.819091797
233.055923462
232.597381592
232.490493774
232.452392578
231.793807983
230.116531372
228.387557983
226.18598938
225.218185425
222.391220093
221.654037476
221.078262329
221.13822937
220.661956787
220.206329346
220.010101318
220.871795654
222.695785522
221.482284546
222.485687256
222.6640625
221.395950317
221.703460693
222.033355713
223.046325684
223.196044922
222.566589355
222.43006897
222.443527222
222.933609009
223.798660278
223.766220093
224.104385376
224.63218689
224.270217896
225.341018677
225.445877075
225.445541382
225.439407349
225.40586853
225.636367798
225.674972534
226.218383789
227.613601685
227.626876831
227.068817139
226.557601929
226.040527344
225.691436768
225.808181763
225.548477173
225.293991089
225.17880249
224.760955811
223.736755371
223.867843628
221.949676514
221.370452881
221.470123291
221.202011108
220.531341553
220.526672363
220.437637329
220.410751343
220.706832886
220.677337646
220.203811646
219.813278198
219.618225098
219.566955566
219.138000488
219.265213013
218.819137573
218.129928589
217.511993408
218.019638062
222.033203125
224.475509644
225.277923584
218.868804932
222.304092407
225.662765503
219.752197266
215.962615967
216.519699097
217.98260498
220.418899536
221.243041992
220.276443481
219.268203735
223.407211304
226.530319214
229.604721069
230.444351196
228.215423584
221.930923462
215.934494019
214.221588135
214.035629272
213.795852661
213.896606445
213.306533813
211.930297852
211.096710205
211.224868774
211.955841064
210.727905273
207.666885376
208.477493286
209.107513428
208.500823975
210.431091309
210.318664551
210.106918335
210.256668091
210.334655762
210.66355896
211.644485474
210.760940552
210.341583252
210.489868164
210.712921143
210.262969971
210.857498169
211.997695923
212.23727417
212.385040283
212.336669922
211.297836304
211.504608154
210.966110229
211.244567871
211.934738159
212.411239624
212.963516235
213.348098755
213.929885864
214.231582642
214.280349731
214.688964844
215.097946167
215.813751221
218.227050781
218.513595581
219.009552002
220.630233765
221.560501099
221.765106201
223.320480347
223.751037598
223.783081055
223.628982544
224.414077759
224.91305542
224.898788452
224.337966919
223.62890625
222.876419067
221.896514893
221.094680786
220.302886963
219.625793457
219.092727661
218.806594849
218.626373291
219.192077637
219.634994507
219.163040161
217.950897217
217.646331787
217.650054932
217.620117188
217.494400024
217.341751099
216.828155518
216.268692017
216.147903442
216.811401367
217.00920105
216.675552368
216.803955078
216.135192871
216.068725586
216.070831299
215.651138306
215.720001221
215.882659912
215.223739624
215.815032959
216.246734619
216.903457642
217.236175537
216.970214844
217.399200439
217.773620605
217.380844116
216.739532471
216.730712891
217.587768555
218.280883789
218.044570923
218.658126831
219.491256714
219.615310669
220.041549683
220.552978516
220.042495728
219.159439087
218.848464966
218.904174805
218.743667603
218.975921631
219.828582764
219.639358521
219.578659058
219.826873779
220.211105347
219.99281311
220.389724731
220.453140259
220.3230896
220.034545898
219.831619263
219.93572998
220.476196289
220.6353302
221.352157593
222.573242188
223.140762329
223.730133057
224.69871521
225.083450317
226.040023804
225.984085083
224.912094116
224.073501587
224.123962402
223.715560913
224.89074707
223.878601074
223.085723877
222.438720703
223.16217041
224.067596436
224.313964844
225.168212891
224.914764404
224.264846802
224.977844238
224.965118408
224.961547852
225.053619385
225.178619385
225.101715088
224.579269409
224.386322021
224.239486694
224.018981934
224.326278687
224.260681152
224.201065063
223.975402832
224.407424927
224.143157959
224.305435181
224.325439453
224.231811523
224.279953003
224.888519287
224.884689331
224.964355469
224.640731812
224.952896118
224.335464478
224.463424683
223.732055664
224.060577393
224.129898071
224.137680054
223.893081665
223.228927612
222.871383667
222.135406494
222.433944702
222.5887146
220.909286499
219.034942627
219.539413452
221.213577271
223.744094849
224.67124939
224.88142395
225.823852539
228.711532593
230.790206909
233.092102051
233.755142212
235.601806641
237.297439575
238.09677124
239.280853271
240.143280029
241.05581665
242.492218018
242.972717285
244.003005981
245.635894775
247.861923218
250.095825195
250.459381104
251.552108765
254.0362854
255.666671753
256.870697021
258.610687256
260.160461426
262.208587646
263.834259033
265.356445312
265.722381592
266.194366455
266.420593262
267.718078613
269.871246338
272.241607666
274.146179199
275.29473877
275.744384766
276.222045898
277.250061035
277.878814697
278.344421387
279.981109619
282.28616333
284.141845703
284.306243896
283.960723877
285.669067383
287.418151855
289.026733398
289.934356689
291.977203369
293.075775146
294.941986084
295.978393555
294.779571533
296.01461792
298.601928711
299.776428223
301.583709717
305.291992188
307.432312012
308.435577393
310.466156006
312.134216309
313.724273682
314.773040771
316.262359619
317.326629639
318.8097229
319.930236816
320.870849609
321.787139893
323.904327393
325.480133057
327.149047852
327.705108643
329.065765381
330.02947998
330.85458374
333.319458008
334.694366455
336.738067627
337.224884033
338.210266113
340.307067871
340.832336426
342.658843994
344.065124512
346.397979736
348.695098877
350.556091309
352.074768066
353.230377197
354.772033691
356.27923584
357.819763184
359.140075684
360.25112915
362.436767578
364.473693848
365.983886719
370.704956055
372.485046387
373.04385376
373.703552246
374.798583984
376.584716797
377.749633789
378.96307373
380.636505127
381.869110107
382.257263184
383.17098999
384.84942627
385.701599121
385.827697754
387.047149658
388.296020508
389.495635986
390.266448975
392.380249023
393.921051025
394.881439209
395.8984375
396.707489014
398.536071777
399.793823242
400.976806641
402.802642822
404.348144531
405.212738037
406.851043701
408.252227783
409.237884521
410.019348145
411.220855713
411.449371338
411.965667725
412.790893555
414.029876709
414.431518555
414.67755127
415.140838623
415.098480225
415.056152344
415.00894165
416.234710693
417.357330322
418.412811279
420.568603516
422.29107666
423.21383667
424.676391602
427.158782959
428.844909668
429.661956787
431.177459717
432.167114258
432.913757324
431.480194092
431.155639648
431.775909424
431.691345215
433.328643799
435.964935303
438.043426514
439.318054199
439.832397461
440.717712402
442.372314453
444.509002686
445.828857422
447.927276611
449.131195068
450.343719482
451.911468506
452.965881348
453.865234375
454.542022705
455.54397583
456.180847168
457.735473633
458.696868896
458.831756592
459.607452393
460.338348389
461.324615479
461.942169189
463.323577881
464.176971436
465.656433105
468.261749268
468.952148438
469.649627686
471.816009521
473.663787842
474.356536865
475.970123291
476.951965332
478.037261963
478.087646484
479.782409668
480.57699585
482.065490723
484.421478271
484.885162354
485.083984375
485.376953125
485.50088501
485.494110107
487.050415039
488.644744873
490.703460693
492.229675293
493.188690186
493.429290771
494.254608154
494.881713867
495.423614502
495.663757324
495.949737549
495.805725098
495.902374268
496.541564941
497.876647949
498.074615479
498.669616699
498.560028076
499.788909912
500.492767334
502.131103516
503.185516357
503.996368408
505.058441162
506.38293457
507.587432861
508.274383545
508.896636963
509.714263916
510.622467041
511.322692871
512.218444824
512.913696289
513.734863281
514.228759766
514.638793945
514.942443848
517.053771973
517.734619141
518.457824707
519.616882324
520.338439941
521.726379395
522.488098145
521.704528809
521.231079102
521.972045898
522.628051758
522.877075195
524.385498047
524.942932129
525.399291992
525.893249512
526.998718262
527.74810791
528.109802246
528.198608398
529.048156738
529.830566406
530.646362305
531.20715332
531.926757812
531.815368652
531.144104004
530.791625977
530.787902832
530.995788574
530.257507324
529.975524902
529.840393066
529.97644043
529.039306641
528.796386719
528.472961426
528.34185791
528.359069824
527.660705566
526.886779785
527.503723145
526.84967041
526.005126953
525.381591797
525.196838379
525.483947754
524.799560547
524.385986328
523.200195312
522.415222168
522.996459961
522.939697266
523.636108398
523.669494629
523.565612793
523.473815918
523.103759766
523.790527344
522.856506348
522.833496094
523.576721191
524.112731934
524.67980957
524.705505371
525.520019531
525.998596191
526.742553711
526.067749023
526.014038086
525.981506348
524.32824707
523.025695801
522.64831543
522.26385498
522.242919922
521.979492188
521.821411133
521.893249512
523.182556152
524.808898926
526.605773926
528.516418457
530.350036621
532.016296387
533.334777832
534.906799316
536.143493652
536.782836914
536.606811523
535.134033203
530.547607422
526.46472168
529.498291016
533.067199707
533.658569336
532.338989258
529.963745117
527.151428223
524.530395508
522.773193359
522.093383789
522.169311523
523.328491211
532.106201172
530.246948242
529.709289551
530.476501465
532.765991211
533.592651367
532.616821289
530.855895996
530.258422852
530.708374023
531.235351562
531.422424316
531.344848633
531.440246582
531.827819824
532.065063477
532.952209473
532.88293457
533.74786377
533.641662598
533.244384766
533.025817871
533.265380859
533.406494141
533.355895996
533.761169434
534.942016602
535.739074707
536.163024902
536.084838867
535.891418457
536.023681641
536.641235352
536.685241699
537.136962891
537.076965332
536.266906738
537.00994873
537.752258301
538.56854248
539.385253906
540.247253418
541.188903809
542.090332031
542.508544922
543.501220703
544.734802246
545.993530273
546.728820801
547.160522461
547.875
547.983642578
547.967773438
547.837158203
547.962158203
548.248168945
548.433776855
549.335021973
550.435668945
550.178039551
550.546813965
550.668151855
551.174438477
552.793701172
554.835876465
557.109191895
559.432495117
561.391296387
562.698974609
563.843261719
563.88067627
564.138061523
564.482299805
564.89263916
565.354858398
565.836853027
566.29699707
565.745544434
564.860290527
562.691833496
560.926757812
559.545959473
558.96887207
558.367004395
556.853881836
555.75390625
555.519104004
555.40057373
553.114135742
550.937561035
550.06463623
549.977172852
549.32800293
548.498779297
547.848449707
547.160644531
545.819152832
544.795166016
544.043579102
542.897583008
541.962097168
541.440490723
540.823669434
540.635803223
540.875793457
539.694580078
539.231018066
539.607666016
539.383666992
538.990783691
539.280883789
538.942382812
538.477478027
538.472412109
538.318237305
538.770874023
538.750061035
538.485595703
537.743835449
537.358459473
537.50177002
538.250610352
538.616699219
538.65045166
538.548706055
538.563415527
538.093200684
538.040283203
537.51159668
537.076599121
537.157897949
537.856018066
539.667297363
541.818664551
543.846984863
545.710449219
547.025268555
548.457946777
552.000305176
556.587036133
559.111755371
560.915771484
561.979553223
562.193481445
561.582763672
560.629394531
559.572692871
558.67388916
557.148864746
553.674743652
548.483947754
547.934936523
548.175170898
548.463195801
549.102416992
549.405761719
548.96685791
547.803771973
546.905395508
545.733642578
545.457702637
545.132995605
544.819213867
544.083557129
543.604248047
543.497070312
541.889099121
540.838317871
540.122253418
540.035705566
540.196044922
540.315124512
540.36529541
540.6171875
540.657714844
540.97088623
541.806640625
543.580383301
544.406494141
544.555969238
544.07232666
544.20324707
544.222595215
544.352172852
544.516540527
544.277954102
543.729431152
543.230224609
543.536254883
544.244995117
544.265014648
544.357177734
543.944152832
543.741088867
543.613891602
543.862426758
544.562133789
544.93737793
544.881958008
544.290405273
546.065551758
548.511474609
550.475280762
551.163757324
550.932983398
549.892578125
545.881774902
542.275939941
538.339050293
536.223754883
536.78527832
538.388549805
539.321716309
539.394104004
539.185668945
540.210632324
541.074890137
542.809570312
543.618225098
544.832824707
546.213317871
547.870727539
549.34967041
550.059020996
550.510925293
552.058349609
552.368041992
553.483886719
554.129394531
555.210449219
556.546630859
557.129699707
557.082580566
557.938110352
559.020996094
558.916442871
558.191955566
558.297668457
558.486633301
558.107910156
557.550720215
558.052062988
561.575622559
565.852416992
568.221801758
568.65246582
568.590942383
568.930358887
569.206237793
569.62097168
575.429748535
576.429016113
578.352905273
579.445983887
581.664978027
584.703796387
585.917541504
584.783874512
588.364868164
591.260070801
592.948547363
593.548522949
592.551696777
589.213134766
586.405212402
583.210998535
581.087463379
579.561645508
578.701904297
576.166809082
575.658081055
574.583007812
573.842773438
574.36328125
574.254333496
572.669616699
570.439453125
569.297607422
569.337219238
569.640869141
569.233825684
569.38861084
568.955871582
568.161315918
566.718200684
566.172607422
565.528442383
565.251220703
564.481994629
564.265380859
563.458496094
562.661132812
561.414550781
560.091247559
558.633972168
557.475280762
555.99810791
554.253417969
553.399658203
553.221374512
551.218383789
550.015441895
547.923400879
546.114685059
543.360107422
540.53314209
538.192504883
537.297607422
536.387878418
536.280883789
537.328796387
538.362731934
538.363830566
537.568237305
537.425231934
536.133239746
534.931396484
534.351745605
534.163818359
533.779785156
533.850830078
533.692871094
532.581604004
532.769592285
529.971435547
528.73626709
528.008300781
527.211120605
525.949157715
525.241149902
525.233154297
525.358764648
524.798706055
523.00592041
521.592773438
520.393188477
519.544433594
519.24017334
518.830627441
518.137939453
517.930053711
517.667297363
518.376220703
518.518615723
518.38482666
517.66229248
517.883544922
518.555541992
517.311645508
519.934692383
518.919067383
517.531555176
522.273254395
527.274108887
529.238464355
527.118835449
521.275512695
513.214050293
507.663360596
506.558013916
505.765228271
505.446960449
504.918670654
505.760498047
504.662475586
504.691131592
503.591583252
503.234954834
503.005340576
502.565185547
503.388275146
503.187072754
503.931060791
503.279968262
503.067230225
504.174468994
504.968994141
505.206756592
505.151245117
505.768035889
504.670196533
503.890106201
502.455322266
501.783477783
501.675689697
501.548706055
500.923400879
501.113616943
500.413696289
500.096496582
499.826812744
499.603149414
499.347045898
499.633026123
499.675811768
499.299957275
499.011871338
499.040557861
498.458587646
497.117004395
494.636871338
493.263549805
491.61505127
491.259735107
491.411804199
491.167694092
491.616546631
490.776184082
490.682159424
490.384338379
489.464172363
489.258483887
488.975219727
489.50390625
489.482574463
489.296081543
489.293243408
489.756286621
487.956207275
486.563476562
486.276367188
486.189758301
485.758850098
485.578125
484.813018799
483.87411499
483.248382568
482.574737549
482.444976807
481.766601562
480.64074707
480.118774414
479.89831543
479.128662109
479.354003906
479.017547607
478.590820312
479.012878418
478.635772705
478.284973145
478.635925293
478.495483398
478.871520996
479.089569092
479.188446045
482.217102051
484.01449585
484.862426758
485.575592041
487.046661377
488.453857422
488.949432373
489.651519775
489.237915039
489.284240723
490.03338623
489.73526001
488.221435547
486.903564453
489.058258057
486.4246521
486.325042725
485.918334961
488.466918945
490.000366211
489.169464111
488.662811279
489.156097412
488.513519287
486.966583252
485.091156006
483.482330322
481.431640625
480.468444824
479.170349121
478.014099121
476.548736572
475.121795654
474.399505615
473.638366699
473.189849854
472.500671387
472.66293335
469.151245117
468.789428711
468.2315979
466.698730469
465.586669922
465.256286621
465.641845703
466.043151855
465.214111328
465.502990723
466.256317139
466.202148438
466.200775146
465.144073486
463.846740723
462.676422119
461.610717773
460.763458252
460.614685059
462.031341553
461.2762146
461.359710693
460.915618896
459.891387939
458.683288574
457.651306152
457.094543457
456.756713867
456.289855957
456.105133057
456.37902832
456.126251221
456.117004395
456.229614258
456.214050293
456.268798828
456.473632812
456.872192383
457.041656494
458.037017822
459.397766113
461.127380371
462.198791504
462.589935303
462.43661499
462.482299805
461.840667725
461.086975098
460.69909668
460.073699951
459.711090088
458.897033691
457.795135498
456.96282959
455.846435547
455.649688721
455.497528076
455.615112305
456.614532471
457.748962402
458.510375977
458.885131836
458.782562256
459.59286499
459.240386963
458.053741455
457.347167969
456.50869751
455.960418701
455.135192871
454.561401367
454.265655518
453.381561279
453.052764893
452.832611084
452.374359131
451.604766846
451.119506836
450.770782471
450.54864502
449.648040771
449.025787354
448.677459717
448.315002441
447.744354248
447.591888428
446.992828369
445.790466309
445.628540039
445.353210449
445.187835693
445.167602539
444.863952637
444.680114746
444.448944092
444.081237793
443.68182373
443.81338501
443.879943848
444.055786133
444.287139893
444.079498291
444.611785889
445.688873291
444.669494629
443.261810303
442.465515137
442.619476318
445.143585205
446.074462891
445.584594727
446.466552734
447.089355469
448.070678711
448.812011719
449.263031006
449.440002441
449.439605713
450.036682129
450.388946533
450.79989624
450.817687988
450.249389648
449.738739014
450.94909668
449.859802246
449.224761963
449.339782715
449.406280518
449.514923096
450.324798584
450.581329346
451.264953613
452.013031006
452.96572876
453.213592529
452.121551514
450.686218262
450.082763672
449.440124512
449.054840088
448.774200439
449.76651001
448.754394531
448.2265625
448.512817383
448.647979736
448.506072998
448.477081299
448.451782227
448.452423096
448.785186768
449.491424561
450.11026001
450.407928467
450.663879395
450.953979492
450.857055664
451.40057373
450.797271729
450.81729126
450.423828125
449.963500977
450.059265137
450.097900391
450.029937744
450.1484375
450.010650635
450.008087158
450.010620117
450.214050293
450.158782959
450.23840332
450.351928711
450.204071045
450.701141357
452.035491943
452.980895996
454.167510986
454.952880859
455.183258057
456.277557373
456.775146484
457.496276855
457.450622559
457.122924805
456.510009766
456.740356445
457.589019775
458.704467773
460.186828613
460.663238525
461.068206787
460.465789795
460.594512939
460.196563721
459.373504639
459.781555176
460.039398193
459.89175415
460.024078369
460.554718018
460.161376953
458.514770508
457.699890137
457.946014404
458.167572021
458.746398926
458.750366211
458.107452393
457.669647217
457.286315918
456.999267578
457.011932373
457.212158203
457.22366333
457.0965271
457.737030029
458.550750732
459.021026611
458.900085449
459.321624756
459.426269531
459.524200439
459.211242676
459.397979736
459.933074951
459.860046387
460.451873779
460.097137451
460.440246582
461.459625244
461.979919434
461.969329834
461.236480713
461.586517334
462.191345215
462.61920166
462.610809326
463.552093506
464.385986328
464.524383545
462.309020996
463.151580811
464.194488525
462.365203857
463.252502441
464.260955811
464.795013428
467.617340088
469.47958374
472.04586792
473.381256104
473.949188232
474.262542725
474.797027588
475.603851318
473.39553833
469.409729004
469.420349121
471.931060791
472.653381348
474.607940674
474.612365723
473.87991333
474.076843262
473.601654053
475.106506348
475.890319824
476.207611084
475.938415527
477.641021729
478.249816895
479.273406982
479.84979248
480.641784668
483.929138184
484.562988281
484.601623535
484.582214355
484.688964844
485.070678711
485.431091309
485.992370605
486.772796631
486.141326904
487.452270508
487.083221436
486.178588867
486.121154785
486.974395752
487.036529541
486.762542725
486.615783691
486.208984375
485.20022583
483.22088623
485.059509277
484.816711426
483.852508545
483.82244873
482.59262085
479.509613037
477.600280762
476.217346191
474.992156982
476.435211182
476.112243652
476.011260986
475.690338135
476.002746582
475.636138916
474.482971191
472.455535889
471.84677124
471.363372803
471.591033936
471.874633789
471.416748047
470.656066895
470.601745605
471.343444824
471.571472168
471.999664307
471.992706299
471.772216797
471.645812988
471.706695557
471.654571533
472.07321167
472.460845947
473.07333374
473.529083252
473.988891602
474.771759033
474.73538208
474.850036621
475.065063477
475.307373047
475.538909912
477.696685791
478.945617676
479.514404297
479.97277832
480.458587646
480.320800781
480.548278809
480.333496094
480.008178711
479.992797852
479.696350098
478.890625
478.96585083
478.552185059
478.694946289
479.986602783
480.236602783
480.971160889
481.646759033
481.995239258
481.761169434
481.577667236
480.921417236
479.804748535
479.132995605
478.673248291
478.189880371
477.534851074
477.392913818
476.490844727
476.246124268
476.078552246
476.799957275
477.125427246
477.648590088
477.884063721
477.861755371
476.878356934
476.562072754
476.952728271
476.926635742
476.960113525
477.854278564
479.599639893
480.192230225
480.73260498
480.88482666
480.590057373
480.471282959
480.605865479
480.681274414
481.029754639
481.422210693
481.712219238
482.202789307
482.629638672
483.115875244
483.545806885
483.820648193
484.200592041
484.469055176
484.811645508
485.312957764
485.862884521
485.994995117
486.420806885
486.777618408
487.386322021
488.266723633
488.872955322
489.495666504
490.491027832
490.896118164
493.209838867
494.326171875
495.685119629
497.224975586
498.573059082
499.99230957
501.007324219
503.098236084
504.971313477
507.095062256
509.148773193
510.833740234
511.479064941
513.167907715
515.112182617
517.127258301
518.41998291
517.357543945
516.866271973
517.736938477
522.160339355
524.727478027
524.55291748
526.321533203
528.619873047
530.054870605
531.671325684
533.288696289
533.989746094
535.482116699
536.939941406
538.481750488
540.434204102
541.61315918
543.097045898
544.858398438
546.703613281
548.891601562
551.057006836
552.448791504
554.068054199
555.806335449
557.261962891
558.536132812
559.927307129
561.049072266
562.109863281
562.872070312
564.582580566
565.526123047
566.795593262
567.100708008
567.873840332
568.366149902
569.467407227
569.88861084
571.237182617
572.967346191
573.702270508
574.703796387
575.905395508
576.848327637
577.701660156
579.127197266
580.260498047
581.311401367
582.148803711
583.505554199
584.453735352
585.887634277
587.240783691
588.498657227
589.669921875
590.555236816
590.494995117
589.378845215
590.024230957
591.293884277
592.391479492
593.355651855
594.357971191
596.547180176
598.630554199
600.174438477
601.650085449
602.670410156
603.418029785
605.319519043
606.221740723
607.382629395
608.32208252
608.783447266
609.431152344
609.781738281
609.727783203
609.602111816
609.233703613
609.220947266
609.327697754
609.508666992
609.265014648
608.847290039
608.375732422
608.014221191
607.247741699
607.636474609
608.587585449
609.60168457
610.769775391
611.690856934
612.233764648
613.135375977
613.506225586
613.477783203
614.176757812
614.580383301
614.653808594
615.114807129
615.256164551
616.340393066
616.769165039
617.405761719
618.162658691
618.976745605
620.210510254
621.168273926
622.508972168
623.327758789
625.188842773
626.46875
627.437805176
627.941650391
628.449829102
628.283447266
628.157409668
627.998535156
627.166687012
626.377563477
625.630249023
624.646179199
624.539550781
623.114929199
621.202636719
618.510925293
616.698242188
615.399169922
613.913391113
612.46697998
611.232849121
609.722595215
607.876403809
605.721191406
603.373046875
601.631347656
599.664550781
597.486450195
595.777832031
593.777404785
591.662475586
589.834533691
588.083312988
586.125976562
584.250488281
582.515625
580.663879395
578.664428711
576.405395508
574.453369141
572.292236328
570.310668945
568.520263672
566.901855469
564.719299316
563.005065918
561.459533691
559.762939453
557.940551758
555.801452637
553.52935791
551.463439941
549.106689453
547.60333252
546.854187012
547.629089355
545.63067627
544.321350098
542.858947754
541.683044434
540.65612793
539.555053711
538.758728027
537.40814209
536.506225586
535.596008301
534.95916748
534.162902832
534.020996094
533.816650391
533.34979248
532.164855957
531.791625977
531.671875
531.773193359
531.696411133
531.189025879
531.255615234
531.17578125
530.297302246
530.017700195
528.748352051
527.508483887
526.491027832
525.59173584
524.86151123
523.657348633
521.998779297
521.695983887
521.412719727
519.984008789
518.866760254
517.252807617
516.678527832
515.743591309
515.418640137
516.386901855
516.244628906
515.084838867
515.362487793
514.01159668
513.14050293
512.022827148
511.996643066
511.503417969
511.689483643
511.764556885
511.584960938
510.932373047
510.977539062
510.089263916
509.3878479
508.94543457
508.660430908
507.71661377
507.755706787
507.922027588
507.451019287
507.215118408
507.065948486
506.702453613
506.86227417
506.084716797
505.765167236
505.206634521
505.311584473
504.685180664
503.443756104
502.914001465
501.521148682
500.684967041
499.686645508
499.345275879
498.039093018
497.123565674
496.798400879
495.877258301
495.560394287
495.275115967
495.074188232
494.449035645
493.92098999
493.796447754
493.630767822
493.057678223
492.403167725
492.289306641
492.306915283
491.657989502
491.429443359
491.425384521
490.667694092
490.606658936
490.079925537
490.211547852
489.660919189
489.011444092
488.465393066
487.947235107
487.506561279
487.078125
486.735870361
486.442901611
486.05166626
485.49319458
485.383544922
485.273101807
485.119537354
484.739379883
484.347198486
484.050567627
484.23348999
483.750396729
484.848236084
485.364562988
485.019866943
484.49911499
484.469696045
483.918548584
483.080291748
483.084381104
482.43572998
480.880432129
480.394226074
480.530792236
480.199493408
480.23260498
480.448883057
479.924163818
479.213989258
478.226928711
478.14251709
477.393890381
477.607879639
477.283721924
476.801818848
476.478942871
475.884246826
475.798065186
475.420196533
474.920562744
474.525482178
473.988800049
473.726318359
473.698394775
473.23059082
473.430236816
473.930755615
474.23059082
474.318908691
474.515045166
474.792602539
474.68145752
474.271484375
473.645599365
473.668243408
473.651367188
473.28213501
473.102630615
472.96206665
472.829376221
472.181732178
471.432952881
471.136077881
470.385681152
469.160980225
471.959991455
472.930786133
473.42980957
474.7940979
475.332366943
475.502380371
475.955474854
476.383911133
476.191497803
476.801269531
477.435668945
479.368133545
477.470184326
475.850341797
475.03112793
474.779846191
473.611236572
472.330505371
470.785339355
468.787719727
467.000183105
465.169891357
463.483734131
462.862945557
462.246063232
461.59854126
461.211395264
460.986175537
460.56463623
460.662811279
460.934967041
461.349029541
461.038024902
462.080505371
461.702575684
462.209960938
463.206420898
463.461547852
464.144226074
464.73727417
464.920684814
464.941009521
464.55380249
463.992767334
463.154785156
462.072570801
462.300415039
461.945526123
461.761779785
461.084960938
460.710174561
460.120788574
459.205047607
458.906158447
459.009033203
457.692230225
457.37588501
456.997772217
456.773376465
455.865234375
456.392425537
456.661682129
457.660217285
458.65032959
459.682434082
460.382995605
460.815338135
461.470977783
462.083129883
461.550048828
459.072814941
457.360900879
458.281280518
459.259887695
459.445129395
459.709960938
458.484680176
457.978057861
459.570556641
459.032897949
458.706817627
458.680023193
459.296356201
460.579284668
461.216949463
460.814361572
462.303161621
463.25402832
464.506072998
463.98526001
465.417297363
466.937286377
466.544952393
466.09588623
466.845489502
466.906219482
466.35369873
465.919006348
464.997741699
464.191558838
463.212860107
461.729492188
460.691955566
459.901672363
459.058563232
457.577362061
455.42880249
452.513977051
450.939056396
450.55670166
451.577301025
451.48336792
453.010345459
450.731933594
449.804351807
450.750640869
450.412902832
450.500335693
449.843231201
450.137878418
449.876403809
450.415222168
449.858673096
449.974243164
450.068511963
450.36038208
451.367614746
450.648986816
450.947357178
452.129943848
452.687164307
453.356079102
454.475830078
454.634979248
454.125823975
454.844268799
454.594818115
452.941223145
456.227386475
454.272247314
454.447845459
454.892974854
455.067260742
455.706451416
455.872802734
456.360565186
456.36819458
456.782470703
456.727722168
457.143432617
456.316314697
454.958984375
454.29385376
454.446533203
453.217773438
451.63067627
449.961853027
448.530151367
448.007751465
447.006134033
447.051513672
448.648620605
448.318023682
449.335083008
447.753356934
446.895477295
445.950744629
445.517944336
445.259460449
445.05355835
446.351593018
446.352813721
446.52557373
445.648254395
445.419311523
444.614807129
444.370239258
444.657897949
444.339508057
444.561401367
444.4375
444.360778809
443.705108643
444.061157227
443.861785889
443.654937744
443.297424316
442.83190918
442.119262695
441.326263428
441.204345703
439.730499268
439.184051514
438.366851807
437.915008545
437.877502441
437.532806396
437.975646973
438.290130615
437.380737305
438.097045898
438.152893066
440.091125488
440.563873291
439.382354736
440.350036621
439.128509521
438.622772217
439.215148926
439.371948242
439.209564209
438.404602051
437.346679688
435.877471924
434.955657959
435.34954834
435.379455566
434.809112549
435.397338867
435.436584473
435.458251953
435.239990234
434.985931396
434.774749756
434.294525146
434.216247559
433.61315918
433.080230713
432.864044189
432.921569824
433.036499023
433.59564209
433.667358398
434.202850342
434.431732178
434.534667969
434.533081055
434.876434326
434.576324463
434.413574219
434.30267334
433.830657959
432.756622314
432.612457275
432.078308105
430.603546143
430.545959473
432.034240723
432.290557861
433.254180908
434.995483398
434.697662354
434.619812012
434.341125488
433.167022705
434.482421875
435.243865967
435.192504883
435.262664795
435.812225342
436.839263916
438.129638672
438.682006836
439.275878906
438.790771484
437.688323975
438.021026611
438.819213867
438.340881348
437.917144775
437.221893311
437.078857422
436.961273193
436.333099365
435.887451172
435.368804932
434.847686768
434.729431152
434.678710938
434.30871582
433.880340576
433.263397217
433.621582031
433.706390381
433.736724854
433.68371582
433.863677979
433.699920654
433.748565674
433.275115967
433.449798584
433.256469727
433.055938721
432.753540039
432.428649902
431.914031982
432.365112305
432.104156494
432.228759766
432.470245361
432.470855713
433.107116699
432.663787842
431.90335083
431.754486084
431.183624268
431.164520264
431.051177979
431.183685303
431.345306396
431.346160889
430.563018799
429.649963379
428.963134766
428.394073486
427.714080811
427.316040039
427.23928833
427.848999023
428.389526367
428.50302124
427.846130371
428.007537842
427.826568604
427.472808838
427.01184082
427.076690674
427.504974365
426.425598145
426.9168396
427.226989746
427.330963135
427.680877686
427.357299805
427.941223145
427.941864014
428.279296875
427.945281982
427.923126221
428.513031006
429.685974121
430.36151123
431.71963501
432.389007568
433.398864746
433.727661133
433.439819336
433.786743164
434.38873291
434.419830322
435.15927124
434.797088623
434.552825928
434.464263916
435.38369751
435.797149658
435.798919678
435.454925537
434.490509033
432.895202637
432.201599121
431.953948975
432.623901367
432.753570557
433.02255249
433.129058838
433.461669922
433.330047607
432.709442139
432.63470459
432.193634033
431.679901123
430.966094971
430.640869141
430.05279541
429.638916016
429.992004395
429.714019775
429.762542725
429.328216553
428.671325684
428.218444824
427.932983398
427.891296387
427.729003906
427.101867676
425.961364746
425.426483154
424.181213379
423.083862305
422.196838379
421.457122803
420.277984619
419.393920898
417.188873291
415.326416016
415.305908203
416.155548096
415.627563477
415.508422852
416.293121338
415.078125
416.134521484
417.322784424
417.2059021
416.566925049
415.939758301
415.935119629
415.960113525
416.063751221
416.424102783
415.505615234
414.567077637
414.692077637
414.28894043
414.274230957
413.666290283
414.772003174
415.356689453
415.076812744
414.974243164
415.309936523
415.326416016
415.577972412
414.981536865
415.390899658
415.304962158
414.92767334
414.555877686
416.198486328
418.007965088
418.973754883
419.927703857
418.69241333
416.429199219
415.960205078
419.13583374
418.778717041
418.378417969
416.736755371
416.227935791
418.691467285
419.888641357
419.426269531
419.292297363
418.744262695
417.569152832
416.018676758
415.824584961
414.494018555
415.05368042
414.671722412
409.516174316
410.721405029
412.317565918
411.566192627
412.575439453
413.325042725
413.628875732
413.910308838
413.960327148
412.994262695
412.604125977
412.402130127
411.101898193
415.9765625
419.248291016
423.109313965
427.075927734
428.382019043
428.837280273
427.330566406
428.746398926
432.37600708
434.706420898
435.938781738
435.737121582
435.547241211
435.558776855
435.658660889
436.0519104
436.40423584
436.983612061
437.638824463
437.904632568
438.05645752
438.248504639
438.956726074
439.299316406
440.379272461
440.388458252
441.431762695
442.236938477
442.464172363
443.806091309
444.957824707
444.534637451
445.069580078
445.631774902
445.182250977
435.869598389
432.968902588
430.33972168
427.749176025
425.683288574
423.082214355
420.469726562
418.502563477
417.049346924
415.943969727
415.05368042
414.74407959
414.907806396
415.043701172
414.664276123
414.272705078
413.971008301
413.649353027
413.610687256
413.262542725
412.566070557
412.177978516
411.148681641
410.110534668
408.791107178
408.014373779
407.864685059
407.19631958
405.892425537
405.207427979
404.520294189
404.073822021
403.080566406
402.399414062
402.390777588
402.187011719
401.761566162
401.370269775
401.234039307
400.945373535
400.792938232
401.346832275
401.37399292
401.195587158
400.972991943
401.019378662
400.700164795
400.662902832
400.738769531
400.530334473
400.376464844
400.375
400.619232178
400.532592773
400.40222168
400.105163574
400.133392334
399.488433838
399.39440918
399.200744629
399.143188477
398.971832275
398.821777344
398.825561523
399.071899414
399.679901123
399.745666504
399.312805176
399.282348633
399.289550781
399.328094482
399.290618896
399.372253418
399.420501709
399.513336182
399.255737305
399.077575684
398.473236084
398.314849854
398.163085938
398.31552124
398.003234863
398.562988281
398.424285889
398.293426514
397.773956299
398.062805176
398.424713135
398.58984375
398.676727295
398.778991699
398.760803223
398.671264648
398.492248535
398.324615479
398.280578613
398.076599121
398.064239502
397.723907471
397.775970459
397.734191895
398.019775391
398.440124512
398.559509277
398.59777832
398.644348145
398.597686768
398.095092773
397.712677002
398.226287842
398.278442383
398.334564209
398.386383057
398.466888428
398.403991699
398.237304688
398.617645264
398.150787354
398.299072266
398.355438232
398.175170898
398.118011475
398.183990479
398.124237061
397.993225098
398.143280029
397.97833252
398.127624512
398.066589355
398.32421875
397.967041016
398.540161133
398.799133301
398.525939941
397.026611328
396.096069336
393.785705566
392.809112549
393.999053955
396.13369751
399.060119629
399.292541504
399.31854248
399.074523926
398.770629883
400.914215088
400.699371338
401.401672363
402.460174561
402.912322998
402.985717773
402.041168213
401.886993408
402.500793457
401.615600586
400.868560791
400.798675537
400.479400635
401.058105469
402.336547852
402.637939453
403.559783936
404.452423096
405.883026123
405.503082275
406.463623047
405.277984619
404.738891602
404.210388184
403.966064453
405.034301758
405.818511963
406.345581055
407.893859863
409.431518555
410.986633301
412.869842529
414.953033447
416.309844971
417.164550781
418.37008667
419.276092529
420.592071533
421.971954346
423.66986084
425.264404297
426.46673584
427.233856201
427.615753174
427.881713867
428.504577637
429.736419678
431.00958252
432.191925049
433.009124756
433.472717285
434.468597412
435.783416748
436.657318115
437.154602051
438.807647705
441.24331665
443.537567139
446.084747314
448.309570312
450.800842285
452.279876709
453.011444092
453.429138184
452.251037598
453.687713623
456.448883057
460.749786377
463.173553467
464.6590271
466.163360596
466.182312012
466.177734375
464.216278076
462.861694336
461.143737793
460.555541992
461.195037842
462.148040771
462.785980225
463.198120117
462.155517578
462.35345459
463.528930664
465.759063721
467.096069336
467.754882812
467.335510254
466.499816895
465.687072754
465.569488525
465.675170898
466.775909424
468.629486084
471.243927002
473.610992432
476.83795166
479.093200684
480.81729126
481.280609131
481.210418701
480.930847168
479.341461182
478.680603027
477.036590576
469.883850098
469.341461182
468.662963867
467.775024414
466.74017334
465.284942627
463.95892334
462.16595459
460.574768066
459.423553467
458.695465088
458.268432617
457.959472656
457.659912109
457.326202393
457.04119873
456.679168701
456.303771973
455.807830811
455.283874512
454.53704834
454.067047119
453.44229126
452.864990234
451.827270508
450.467224121
448.83392334
447.257965088
446.533294678
445.917053223
445.255096436
445.106536865
444.636322021
444.404602051
443.970123291
443.621826172
442.987030029
442.568054199
442.052581787
441.737640381
441.482452393
441.297302246
441.125549316
440.518737793
440.685577393
441.257537842
441.289337158
441.200439453
440.917816162
440.478057861
440.139678955
439.722930908
439.388763428
439.130401611
438.699523926
438.596984863
438.302062988
438.048278809
437.656402588
437.49307251
437.507080078
437.581970215
437.398010254
437.388305664
437.605377197
437.699737549
437.744445801
437.175323486
436.94128418
436.618713379
436.079467773
435.72833252
435.545257568
435.356750488
435.295532227
434.860931396
434.383087158
433.625274658
433.273101807
433.750671387
433.163085938
433.083068848
432.710235596
432.223144531
431.999084473
432.085296631
431.602325439
431.328918457
431.161010742
430.874786377
430.746704102
430.546356201
430.371551514
430.25289917
429.972503662
429.850830078
430.088165283
429.862243652
429.85760498
430.156616211
430.095458984
430.328552246
430.443756104
430.657562256
430.972137451
431.308013916
431.74520874
432.412902832
432.697296143
432.886688232
433.307128906
434.226379395
434.909484863
435.699157715
436.263244629
436.580596924
436.784484863
437.104797363
437.222595215
436.946380615
435.849090576
434.316436768
433.675476074
432.958312988
432.932891846
433.133331299
433.629516602
432.987579346
432.000701904
431.463745117
431.065917969
429.714202881
429.279541016
428.822235107
428.723480225
428.091888428
427.977600098
427.219696045
427.017333984
427.328125
428.910400391
429.4246521
428.429962158
426.761505127
424.7237854
423.680938721
422.947357178
422.630737305
422.61328125
422.360870361
422.181640625
422.887817383
423.860076904
425.876800537
428.044311523
430.634643555
432.201507568
433.882537842
435.172393799
436.192077637
437.296539307
438.117889404
438.918792725
440.257659912
440.906402588
441.116699219
441.452514648
442.130767822
442.743591309
443.359771729
443.558441162
443.529968262
443.564727783
443.438995361
443.873199463
444.35635376
445.459777832
446.027191162
447.474365234
448.181365967
448.936004639
449.197174072
449.040252686
449.217376709
448.921875
449.061584473
450.274414062
450.58605957
451.746582031
454.091766357
455.260742188
456.514770508
459.33782959
460.100738525
461.487945557
463.052642822
463.920257568
464.933441162
465.562347412
466.033538818
466.675170898
467.933624268
469.600097656
470.231567383
471.809967041
473.470031738
473.627807617
474.111022949
473.727325439
473.631652832
471.950256348
471.69140625
470.588684082
469.573974609
466.615814209
466.124755859
465.379394531
464.094665527
463.183044434
462.030395508
460.510192871
460.624053955
461.358978271
462.304962158
463.806396484
465.61517334
468.06463623
470.26864624
473.368225098
476.194396973
479.629150391
482.434112549
483.8777771
485.879760742
487.96963501
490.024902344
491.875305176
493.872406006
495.141448975
496.46105957
496.887695312
497.054931641
497.181060791
497.688262939
498.297302246
499.160919189
499.650390625
500.731903076
501.415344238
501.254882812
499.432647705
499.289154053
498.801239014
498.186981201
497.810272217
497.785064697
497.392486572
496.849700928
496.158569336
495.900634766
496.14755249
495.894897461
495.788146973
495.41973877
495.542022705
495.450592041
495.462280273
495.52041626
495.640991211
495.826751709
496.047119141
496.149719238
496.394866943
496.466705322
496.85760498
497.13961792
497.585693359
498.288909912
499.38180542
500.210296631
500.860626221
501.564147949
502.144073486
502.690002441
503.441650391
504.255615234
505.209442139
505.700592041
506.003265381
506.459960938
507.137054443
508.011322021
508.815643311
509.452575684
509.939697266
510.42868042
510.894317627
511.256988525
511.732818604
512.239685059
512.913818359
513.418640137
513.475036621
513.664978027
513.936401367
514.226135254
514.682617188
515.027282715
515.520446777
515.820922852
515.82043457
515.897949219
515.865234375
515.610290527
515.567382812
515.512634277
515.36529541
515.430725098
515.93951416
516.20916748
516.529663086
516.999450684
517.488037109
517.787963867
518.163635254
518.926818848
520.00213623
520.833251953
521.65826416
522.242431641
522.929138184
523.382141113
523.829040527
524.36907959
524.753662109
525.044616699
525.264648438
525.496032715
525.447753906
525.15838623
524.868103027
524.476074219
523.906677246
523.289672852
522.856201172
522.72064209
522.924621582
523.548278809
523.966491699
524.255371094
524.679626465
525.126586914
525.577331543
526.051086426
526.470153809
526.766296387
527.125671387
527.657836914
528.328674316
528.694702148
528.83380127
528.912841797
529.046508789
529.14050293
529.246276855
529.268188477
529.272766113
529.081665039
529.057006836
529.213378906
529.409423828
529.535827637
529.668701172
529.807434082
529.970031738
530.049194336
530.122924805
530.291442871
530.507751465
530.48815918
530.285766602
529.797912598
529.534362793
529.329101562
529.336303711
529.566223145
529.641784668
529.584899902
529.24432373
528.871582031
528.614929199
528.377685547
528.260925293
528.44921875
528.399841309
528.245178223
528.33605957
528.294250488
528.05090332
527.624450684
526.845031738
526.04901123
525.331115723
524.78338623
523.915710449
523.221374512
522.344604492
521.736450195
521.347412109
520.933410645
520.621398926
520.293151855
519.807434082
519.93170166
520.088439941
520.172180176
520.269714355
520.281433105
520.20135498
520.133056641
520.046142578
519.983398438
519.765808105
519.534606934
519.296447754
519.090698242
518.812866211
518.444274902
518.326171875
517.938903809
517.571289062
517.33026123
517.467956543
517.460571289
517.447814941
517.383850098
517.474853516
517.583679199
517.710632324
517.819763184
518.049377441
518.453063965
519.023681641
519.764343262
520.781799316
521.880981445
522.886535645
523.569458008
524.212097168
525.266357422
526.109558105
526.686096191
527.338195801
528.417541504
529.282592773
529.384887695
529.554260254
529.686035156
529.716430664
529.666381836
529.654846191
529.635070801
529.703674316
529.666503906
529.641845703
529.623291016
529.598022461
529.598022461
529.681335449
529.67767334
529.551513672
529.40826416
528.963134766
528.313781738
527.226623535
526.007751465
525.024047852
524.577331543
524.477172852
524.638183594
525.134460449
525.577819824
526.186645508
526.853759766
527.484191895
527.632385254
527.522766113
527.328674316
527.085266113
526.74609375
526.25012207
525.64440918
524.967773438
524.050170898
522.990478516
521.965332031
521.144470215
520.459899902
519.689575195
519.170349121
