305.409515381
303.97454834
302.44354248
301.434082031
301.17098999
298.440917969
295.558776855
292.295013428
289.618286133
288.607940674
287.653411865
286.308135986
286.9090271
290.159759521
293.031677246
296.112091064
297.832458496
298.180847168
299.26083374
300.310546875
300.830444336
301.848937988
303.495117188
304.468902588
306.644897461
307.508666992
307.593017578
308.365936279
310.281005859
310.771484375
310.862030029
310.813720703
310.505584717
310.248687744
310.161529541
309.754089355
309.070159912
308.554962158
309.245361328
310.118286133
310.684783936
312.306610107
313.247253418
313.101715088
312.771453857
311.831604004
310.916748047
310.644592285
310.57598877
310.437805176
309.947570801
309.024719238
308.069000244
307.493530273
307.15625
306.886383057
306.161010742
305.605072021
305.127838135
304.282348633
302.434020996
301.423919678
300.038757324
298.783721924
297.949615479
296.335388184
295.532196045
295.386993408
294.688995361
294.305297852
293.821563721
293.975616455
294.412994385
294.61328125
293.729553223
292.26965332
291.785125732
291.716552734
291.496704102
291.275268555
290.980712891
290.667144775
290.786682129
291.095489502
290.746337891
290.393737793
290.25012207
290.315765381
290.552093506
290.760894775
290.644317627
290.533782959
290.504089355
290.925689697
291.280303955
291.794433594
291.427856445
290.546905518
289.03338623
286.040802002
284.908599854
283.813323975
282.550384521
281.79019165
281.176483154
280.683166504
279.981048584
277.219177246
279.726806641
281.945770264
283.193756104
285.708007812
288.249816895
289.151947021
291.196411133
293.4480896
295.795959473
297.640533447
298.353790283
299.653045654
301.264221191
302.008026123
303.769714355
303.657440186
303.255279541
302.965454102
302.977478027
303.849639893
304.400512695
305.211608887
307.004364014
307.198516846
307.086395264
307.114898682
307.877990723
308.026580811
308.036621094
308.000030518
307.933563232
307.875488281
307.522888184
307.085571289
306.709655762
306.586517334
306.715576172
306.805480957
306.767608643
306.083709717
304.257019043
302.969055176
303.238677979
303.712585449
303.847412109
303.725189209
303.413269043
302.861663818
302.365386963
301.733825684
301.446350098
300.879760742
299.53704834
298.57711792
298.239562988
298.248352051
298.255096436
297.980773926
299.000091553
301.266021729
301.447906494
302.762542725
304.371459961
304.575042725
304.826080322
305.227325439
305.668121338
305.931030273
305.968505859
305.624450684
305.400848389
305.989868164
306.964630127
307.598083496
307.789855957
307.971282959
308.084899902
307.788970947
307.61730957
307.188262939
306.003356934
304.286834717
303.151672363
303.337036133
304.47744751
306.96395874
307.394134521
307.456878662
307.455413818
307.195983887
305.086547852
304.372772217
302.792785645
301.380523682
300.957733154
300.81137085
300.807617188
300.756500244
300.430541992
299.862579346
298.946411133
298.431854248
299.149993896
299.861999512
300.258544922
300.247039795
299.886932373
298.019805908
296.258789062
296.203186035
295.71875
293.450653076
292.675933838
291.599029541
291.337371826
290.334960938
289.29699707
288.362182617
286.948577881
287.502685547
288.438751221
289.197692871
289.940429688
290.598693848
291.398345947
292.145965576
292.281555176
292.109710693
292.326873779
292.488189697
292.574066162
292.526611328
292.54019165
292.408325195
292.085235596
291.557006836
290.917663574
289.978027344
289.315826416
288.625396729
287.808288574
286.632049561
281.63885498
280.637786865
281.884613037
283.364013672
285.932098389
288.455322266
288.210723877
287.678222656
287.628936768
288.724456787
289.876281738
291.954437256
292.578643799
293.991851807
294.544342041
294.798736572
295.120635986
296.234954834
297.597137451
298.003479004
297.466827393
298.127563477
299.341339111
301.091400146
298.198486328
295.546142578
294.757873535
292.654449463
292.2371521
290.527435303
289.955291748
289.952636719
289.599243164
289.801849365
290.36038208
291.229766846
292.039093018
291.000915527
289.001617432
286.177185059
285.518157959
284.705627441
283.863586426
283.290161133
283.147064209
283.113128662
284.228424072
285.222137451
286.452362061
287.079040527
287.469543457
287.199035645
287.146026611
287.221221924
287.419403076
287.408782959
287.380218506
288.04574585
288.267700195
288.497802734
288.650604248
288.421386719
287.858154297
287.132537842
285.561981201
286.811950684
288.388397217
289.078735352
289.417877197
289.34854126
291.859405518
293.324859619
293.419281006
293.416137695
293.317565918
293.838928223
292.977386475
293.012145996
289.312744141
286.254852295
285.628845215
284.91696167
283.497192383
283.576019287
283.285217285
283.286010742
283.494506836
283.729217529
284.338134766
285.05267334
285.886260986
287.707580566
291.939971924
293.372802734
293.05871582
295.342895508
296.835479736
298.424804688
298.982269287
299.292266846
299.306060791
298.758392334
298.064086914
297.895385742
297.997589111
298.229431152
298.275115967
298.179199219
297.734619141
296.645355225
297.475250244
298.028106689
298.799591064
300.214691162
300.766387939
301.800567627
303.134643555
303.809295654
305.63369751
306.96307373
309.493103027
310.05291748
310.140777588
310.099090576
310.324035645
309.97052002
309.738708496
308.906951904
307.504577637
307.285186768
307.006164551
306.712799072
305.690612793
304.02053833
303.355407715
302.644165039
302.57901001
303.593505859
304.535644531
306.930755615
308.354400635
310.262390137
311.64239502
313.381286621
313.857666016
313.231536865
312.044616699
311.756072998
311.628417969
311.090789795
310.58682251
310.341827393
309.609954834
309.608123779
309.463531494
309.112762451
308.881469727
309.036132812
308.874298096
308.473144531
307.649230957
307.261627197
307.183135986
307.350799561
307.20501709
307.023864746
305.856414795
304.347320557
303.954498291
304.453979492
306.374176025
307.686401367
308.318328857
308.162017822
306.804534912
305.241027832
305.263122559
304.915405273
304.274841309
304.330810547
305.567718506
306.147491455
305.243408203
304.02243042
303.074066162
300.786071777
301.445953369
303.577209473
305.192108154
307.207305908
308.776489258
310.482391357
310.666442871
310.576202393
310.268859863
308.706817627
306.936065674
305.04675293
304.009033203
303.892547607
303.42175293
302.658721924
302.22052002
300.581390381
298.674224854
299.638244629
300.714874268
301.32421875
302.579833984
302.870574951
301.683929443
301.244873047
301.435302734
301.643676758
301.173034668
298.146789551
295.75680542
293.205047607
292.675292969
292.646148682
292.62677002
292.230316162
299.033569336
303.864959717
305.543029785
305.523986816
305.927368164
306.195068359
305.720275879
304.680267334
304.173126221
303.479980469
302.716461182
302.191589355
302.367645264
303.824676514
304.478149414
306.275939941
307.854949951
309.734588623
310.539093018
310.717926025
310.879211426
311.280792236
311.58782959
311.233917236
311.087524414
311.053161621
311.06829834
311.109161377
311.087524414
310.589660645
310.219055176
310.410095215
310.640045166
310.827178955
311.051239014
311.228881836
311.283905029
311.012817383
307.427947998
307.238372803
308.042633057
310.872467041
311.003112793
310.833831787
309.643096924
307.412475586
306.9453125
307.496002197
307.723693848
307.626861572
307.053070068
307.203491211
306.877166748
307.612426758
307.871673584
308.014343262
307.729766846
305.478942871
304.667144775
301.452880859
298.486328125
297.894866943
297.627410889
297.620330811
298.509185791
298.700073242
297.222259521
299.244262695
301.55279541
301.946746826
304.231109619
306.606903076
309.567382812
310.672515869
311.795349121
312.813568115
312.534820557
311.942565918
311.136169434
310.341094971
310.378631592
313.550994873
313.940338135
313.133575439
312.896209717
312.707092285
312.504669189
310.813171387
310.650756836
311.289794922
312.280334473
312.425933838
312.109710693
311.400085449
310.8046875
310.90637207
310.904846191
310.926330566
310.572296143
309.863189697
309.21585083
308.869659424
308.718292236
308.612609863
308.30960083
307.879699707
306.754547119
306.420928955
306.422149658
306.40524292
306.025756836
305.522613525
305.432922363
305.511291504
305.155609131
304.686004639
304.809631348
305.12612915
305.522491455
305.78024292
305.917663574
305.997711182
306.210388184
306.553771973
306.803131104
307.157928467
307.399261475
307.928253174
309.724487305
312.018676758
313.779998779
313.256774902
313.056518555
313.390106201
314.166931152
314.415924072
314.277618408
314.297698975
313.696044922
313.60723877
313.587036133
313.559020996
313.624969482
315.002990723
315.519927979
315.282073975
315.12109375
315.627929688
315.445587158
315.241577148
314.87097168
314.748779297
315.497528076
316.022735596
317.341278076
317.55871582
317.465789795
317.400421143
317.381408691
317.572265625
317.633514404
317.534484863
316.578216553
314.878051758
310.131500244
307.915557861
308.712127686
309.533081055
310.037811279
310.40512085
310.676452637
310.694335938
310.672149658
310.69342041
310.566986084
310.017333984
310.33807373
310.579559326
310.527282715
310.472717285
309.807678223
308.173950195
308.733520508
309.48550415
310.223632812
310.713623047
311.854858398
313.297119141
314.205352783
313.892456055
313.341674805
313.356109619
313.320037842
312.840759277
313.00579834
313.604064941
313.939971924
314.314483643
314.680084229
314.514099121
314.639312744
314.980377197
315.185577393
315.356079102
315.396728516
315.656463623
315.940429688
316.355224609
316.498962402
316.688720703
317.073028564
319.324645996
319.458953857
319.443267822
319.633880615
319.59463501
319.353546143
318.913085938
317.951141357
316.726989746
316.879699707
317.789001465
317.983856201
317.706756592
316.814483643
316.61138916
316.368835449
316.809356689
317.466461182
318.560150146
318.824371338
318.878387451
318.922393799
318.835296631
318.665344238
318.441040039
318.275787354
318.599487305
318.87322998
319.016693115
319.005554199
318.765075684
317.831512451
316.7109375
315.499389648
315.690826416
315.9637146
315.898620605
316.11328125
316.547302246
316.563232422
316.675933838
317.729614258
319.653137207
320.812438965
322.142059326
322.567657471
322.434295654
322.273040771
322.369506836
322.359954834
322.633666992
323.154266357
324.005432129
325.246948242
325.478973389
324.988372803
324.65020752
325.027099609
325.705413818
326.254821777
326.90737915
328.225341797
329.14151001
329.175292969
329.351715088
331.340240479
332.229522705
333.414886475
334.378662109
334.372924805
334.877685547
335.580383301
335.75579834
335.142150879
333.824371338
332.437072754
331.898956299
331.977935791
331.664215088
331.625823975
331.806121826
333.204559326
334.578308105
334.955169678
335.257202148
335.164520264
334.941345215
335.08416748
334.992675781
335.227966309
335.224731445
335.301208496
335.673706055
335.740325928
335.626983643
335.561065674
335.794342041
336.114654541
336.666107178
337.182006836
337.488311768
337.8934021
337.842681885
337.740600586
337.803619385
337.069946289
336.54284668
336.032684326
335.520965576
335.093566895
334.396850586
333.635772705
333.218597412
333.081268311
332.8331604
332.552001953
332.218780518
332.209320068
331.834106445
332.286376953
332.549621582
333.162109375
334.08782959
334.618743896
335.070800781
335.386749268
335.883544922
335.946990967
335.875549316
335.680297852
335.61517334
335.711914062
335.822479248
335.741546631
335.64465332
335.825256348
335.925170898
336.081268311
335.985778809
335.865112305
336.303161621
337.008911133
337.221832275
337.352020264
337.141326904
336.79119873
337.398590088
337.639190674
337.628814697
337.678131104
337.770172119
337.81652832
338.293731689
338.336761475
338.424804688
339.157623291
339.769775391
340.148101807
340.575073242
340.966827393
341.582672119
342.856719971
344.221496582
344.533630371
344.729125977
345.50692749
346.025848389
345.305511475
344.35559082
343.922088623
343.619445801
344.034362793
344.713806152
345.229248047
345.636260986
346.256622314
346.710571289
347.008728027
347.466186523
347.979736328
348.534759521
348.775115967
348.907714844
348.754394531
348.661315918
348.572021484
348.49017334
348.366210938
348.085479736
347.817596436
347.234039307
347.037902832
346.882171631
346.753967285
346.529815674
345.464019775
344.761291504
344.484130859
344.507507324
345.306549072
345.9737854
347.288421631
348.60949707
350.123596191
352.37802124
353.02041626
352.669403076
352.3125
352.726898193
353.412658691
353.933502197
354.639129639
354.323669434
353.773162842
353.463653564
353.146789551
352.882415771
352.488006592
351.404541016
350.99597168
350.71685791
350.167327881
349.951141357
349.411956787
348.82598877
348.712738037
348.979736328
349.733612061
350.911651611
352.339263916
353.521972656
354.822113037
356.026550293
357.154083252
358.134277344
358.847961426
359.47177124
360.014221191
359.843414307
359.983428955
359.860656738
360.065643311
360.668304443
360.660461426
360.335418701
359.498565674
356.974639893
353.721954346
350.304473877
347.063903809
346.717926025
347.1612854
347.495788574
347.959381104
349.25491333
350.136413574
351.450531006
353.070465088
354.403930664
354.916412354
354.477935791
354.963500977
355.877075195
356.395141602
357.915527344
359.337341309
360.494476318
360.836395264
360.887420654
360.974029541
360.699554443
360.428039551
359.367950439
359.150604248
359.548706055
361.007904053
361.456787109
360.785461426
358.935119629
357.190979004
357.425109863
359.080322266
360.511230469
361.880401611
363.782409668
364.63067627
365.236785889
365.387329102
365.746643066
366.529083252
366.184326172
366.145843506
366.273742676
364.615020752
362.996276855
362.792388916
364.215789795
365.112518311
365.606323242
367.888366699
370.307189941
371.147521973
369.901580811
366.42401123
365.122711182
364.695465088
364.926055908
365.934326172
367.334411621
367.841094971
368.515075684
368.780303955
368.683044434
367.209747314
368.468170166
369.78805542
371.45135498
371.69128418
372.071746826
372.709259033
373.103302002
373.339447021
373.623809814
373.818908691
373.914123535
373.878997803
373.241882324
373.803894043
374.639404297
376.627075195
377.770202637
378.059509277
377.540374756
374.671386719
371.865875244
370.530151367
369.73526001
369.434844971
369.508148193
369.719390869
370.244659424
370.843353271
371.278167725
371.473724365
371.765625
371.897460938
371.846252441
371.803527832
371.816131592
372.451019287
373.284576416
374.274047852
375.181335449
376.075134277
377.379974365
377.560760498
377.10534668
377.281280518
377.25390625
377.202941895
377.49041748
377.547271729
377.615325928
377.623199463
377.376342773
377.464447021
377.591064453
377.841705322
377.831756592
377.904754639
377.947296143
378.040374756
378.234588623
379.139556885
380.446990967
380.987915039
380.783966064
380.268035889
379.868011475
379.702178955
379.63394165
379.538208008
379.443145752
379.253448486
379.203674316
379.115020752
379.100372314
378.838531494
378.535888672
378.267547607
377.710357666
373.806793213
369.878509521
365.889343262
361.077087402
356.457183838
360.775787354
364.785858154
362.511749268
356.565368652
351.67388916
348.000854492
347.745269775
346.254821777
341.356750488
339.190582275
337.455444336
339.080230713
341.617919922
342.373016357
341.001556396
337.624664307
335.322998047
335.384918213
336.191436768
337.042358398
337.393035889
337.144714355
335.910491943
333.956481934
334.872619629
335.665466309
335.794616699
333.886260986
330.376800537
328.457275391
323.045806885
318.746490479
317.119934082
316.327514648
313.342437744
312.165130615
311.131225586
310.97467041
308.127990723
308.226593018
308.143890381
307.035797119
306.844970703
307.317993164
307.81729126
307.616088867
306.824676514
306.090393066
305.43661499
304.991088867
304.813934326
304.121917725
303.545196533
301.891326904
301.813049316
302.887420654
303.540313721
303.677612305
303.369995117
303.570495605
303.762481689
303.49118042
303.110015869
303.055786133
302.946258545
302.705535889
302.442840576
302.19543457
301.958129883
300.902832031
297.873687744
295.893768311
295.710418701
295.970001221
296.073181152
296.046295166
295.570983887
295.663330078
295.727600098
295.236602783
294.340087891
294.491790771
294.609375
293.756439209
293.840698242
293.249389648
292.911956787
293.554351807
293.19342041
292.033203125
291.211181641
291.567871094
291.179870605
290.803833008
290.343353271
290.201019287
290.358337402
289.704833984
288.173278809
287.124298096
286.652923584
286.327270508
286.008087158
285.788330078
285.387542725
285.180480957
284.926696777
284.666778564
284.493347168
284.29788208
284.256286621
284.179473877
284.132263184
284.048980713
283.902648926
283.816253662
283.611633301
283.25769043
282.734680176
282.070983887
281.451080322
281.1640625
280.775115967
280.451324463
280.338043213
280.329772949
280.191772461
279.762359619
279.538970947
279.449432373
279.362915039
279.105682373
278.777435303
278.695281982
278.503326416
278.298370361
278.165863037
278.031768799
277.777313232
277.512878418
277.285980225
277.1328125
276.852996826
276.70980835
276.536224365
276.339996338
276.136138916
275.979766846
276.013916016
276.075012207
275.881835938
275.797546387
275.827209473
275.857513428
276.061401367
276.300323486
276.994567871
277.287689209
277.437255859
277.635925293
277.703826904
277.96786499
278.19821167
278.166351318
277.500854492
276.52734375
275.794311523
274.681549072
274.355865479
273.737762451
272.939422607
271.610900879
273.029571533
274.014709473
273.792053223
273.692565918
273.59185791
273.070251465
271.757873535
270.95602417
270.584991455
270.264282227
269.860015869
269.647186279
271.653594971
272.734283447
272.107421875
272.036102295
272.851501465
275.050445557
277.251312256
277.201721191
276.539154053
276.226165771
276.403717041
276.76763916
277.313873291
277.663787842
278.067749023
278.417266846
278.242279053
278.241027832
279.417694092
279.98739624
280.625518799
283.770782471
285.215911865
285.660614014
285.771911621
285.860229492
287.583862305
289.998931885
290.92868042
292.023162842
292.743804932
297.014343262
298.038635254
298.278442383
296.923095703
292.370605469
290.16696167
288.352081299
286.141723633
283.355072021
282.222869873
280.519897461
278.386962891
275.791137695
272.66104126
274.510864258
275.737670898
274.353820801
274.152709961
273.547271729
272.990905762
273.039245605
272.678100586
272.357513428
272.108032227
271.470428467
270.172637939
269.4012146
268.424987793
268.02746582
267.47756958
266.408508301
266.708312988
268.213470459
268.238555908
266.505523682
266.049987793
265.960327148
266.174560547
267.159698486
268.475219727
269.560516357
269.656921387
269.968658447
269.670959473
268.503082275
267.461578369
269.09777832
276.535858154
281.345184326
284.326873779
283.807495117
282.851013184
285.531036377
284.06829834
285.361450195
285.837615967
288.164154053
291.719299316
292.685668945
293.766296387
295.893829346
294.999816895
290.869384766
286.580688477
283.066314697
279.819854736
275.837890625
273.72354126
277.341705322
280.713806152
283.951812744
284.453125
284.496032715
285.470581055
287.883087158
289.239013672
288.302124023
285.121490479
284.351593018
283.079528809
282.698516846
283.222503662
282.464599609
279.764343262
277.839416504
274.60723877
273.904449463
273.412384033
272.207733154
270.553039551
269.108184814
267.930664062
269.643371582
272.803314209
272.728179932
271.160217285
268.361846924
268.655303955
271.070220947
272.213287354
272.674713135
273.653594971
274.402160645
278.169158936
280.178497314
281.910827637
285.293426514
286.702667236
286.17755127
283.452178955
280.8699646
278.931365967
279.029815674
280.381958008
275.986236572
276.248840332
274.576416016
273.462341309
273.374176025
273.490753174
273.401123047
271.585662842
269.439666748
268.243133545
268.263885498
268.20111084
268.054443359
266.879821777
268.525848389
275.499603271
278.05847168
278.769714355
278.331085205
277.939361572
276.99810791
277.8855896
279.818084717
281.444244385
284.198913574
285.872436523
287.39944458
290.465087891
290.002288818
286.160766602
285.293334961
284.056304932
281.162322998
279.711761475
279.796783447
280.285980225
281.595916748
282.501342773
283.680725098
285.029876709
285.917297363
286.956481934
290.024017334
291.562438965
293.407745361
295.510009766
296.58380127
297.519165039
297.57131958
297.369598389
297.051605225
295.864837646
293.466003418
291.131164551
286.636383057
285.713684082
285.898895264
285.28427124
283.634063721
281.099822998
279.230621338
277.052703857
275.195159912
273.996520996
276.803009033
280.336883545
281.702301025
283.876068115
285.457183838
286.677520752
290.38885498
289.721710205
286.345184326
285.180450439
282.28036499
279.914123535
277.801544189
276.163085938
276.868988037
278.536376953
279.88494873
280.439300537
283.134735107
283.726409912
280.624664307
280.078582764
278.823883057
278.693634033
280.149810791
283.415344238
285.826568604
286.941925049
280.240722656
280.737731934
280.570495605
282.144866943
284.92779541
285.495819092
285.583831787
288.498748779
292.493530273
297.792358398
298.965301514
298.334686279
299.430358887
304.158630371
307.273010254
309.039978027
309.329742432
309.341339111
309.792572021
309.856903076
309.784240723
309.83392334
308.775238037
306.822387695
301.694976807
301.734832764
303.312744141
300.938781738
298.119537354
296.427886963
295.843383789
295.667175293
292.892272949
291.501068115
288.175292969
286.804260254
285.463104248
281.471405029
280.051300049
278.924957275
279.204833984
279.638427734
279.234313965
279.026977539
276.030853271
273.96774292
273.774047852
272.9453125
272.233825684
271.293457031
270.433013916
269.305755615
269.38269043
268.451751709
267.904144287
267.670257568
267.123016357
267.208282471
266.693084717
265.791259766
265.589233398
265.858062744
266.437011719
267.156829834
267.828216553
270.255279541
272.302185059
272.978729248
273.096832275
274.212371826
277.375762939
277.813995361
276.796051025
274.39440918
272.707763672
268.301574707
268.128112793
267.382720947
267.541992188
267.849609375
268.091339111
267.644500732
266.873321533
266.278503418
263.551147461
262.348114014
262.251220703
262.065612793
261.894989014
261.52911377
260.170959473
258.571929932
256.100128174
255.685043335
254.161117554
253.708175659
252.483352661
252.475540161
252.991043091
253.330856323
253.924514771
254.621170044
255.51461792
256.104492188
260.411102295
262.208709717
265.182006836
266.228118896
263.621185303
263.570373535
268.4269104
268.945404053
269.054656982
268.607788086
266.613800049
263.544250488
261.744750977
261.147338867
260.257080078
260.181396484
260.341552734
259.667938232
258.46295166
257.37979126
256.252990723
256.08581543
255.715255737
255.374847412
255.319015503
255.323348999
255.544342041
255.723129272
255.521514893
255.906356812
257.611907959
260.074645996
260.706939697
262.154937744
263.700500488
266.294250488
268.227722168
269.717224121
270.251373291
270.61505127
270.532592773
268.688781738
265.932800293
264.049255371
261.663238525
261.973876953
262.857757568
264.147155762
265.976959229
267.001647949
268.06539917
268.979797363
269.854919434
270.863983154
272.422821045
273.901000977
274.073791504
274.40713501
274.908203125
275.097229004
275.031890869
274.761352539
274.384216309
272.282928467
271.696838379
271.324005127
271.299468994
271.255218506
271.239776611
271.234710693
271.247802734
271.26159668
271.819976807
272.634765625
273.332794189
272.972930908
272.151794434
271.901824951
272.404418945
273.266876221
273.902404785
274.784393311
274.41607666
274.647186279
275.820068359
276.885620117
277.294952393
277.291046143
277.320922852
278.118499756
279.256835938
280.12121582
282.948120117
285.458831787
287.442626953
290.304260254
290.249237061
285.352294922
280.938812256
277.636108398
275.993041992
273.745727539
274.363891602
273.169281006
272.142608643
270.618041992
269.180206299
267.992767334
267.168304443
265.229522705
264.550598145
262.397735596
260.53729248
258.50894165
256.22177124
254.531097412
254.316452026
256.71963501
258.837158203
260.637573242
261.700134277
262.323181152
262.174407959
260.285736084
259.220062256
257.5206604
257.554870605
258.873596191
259.097808838
260.11428833
259.312133789
257.322113037
254.2421875
251.835159302
250.998764038
251.188201904
250.645736694
250.434188843
250.05796814
248.594711304
246.676345825
246.153747559
243.745437622
242.936141968
241.565856934
240.868850708
241.29006958
241.739746094
242.970687866
244.434906006
245.364685059
245.756362915
246.126068115
246.016296387
245.830535889
245.157272339
244.12689209
244.277297974
244.758773804
245.378692627
245.803833008
245.842636108
245.093704224
244.928573608
244.89515686
244.521942139
243.972396851
243.710617065
243.508483887
243.390106201
243.212280273
243.13822937
242.973861694
242.800033569
242.624206543
242.477035522
242.295196533
242.040557861
241.802658081
241.790313721
241.782150269
241.481903076
241.325027466
241.125671387
240.904037476
240.492233276
239.337203979
240.167709351
240.947860718
241.322784424
241.129974365
239.520629883
239.271194458
239.318496704
239.277145386
239.19972229
239.304748535
239.674972534
240.124771118
240.282485962
240.233291626
240.210617065
239.87461853
239.495910645
240.456390381
240.854598999
241.773345947
242.351852417
242.355606079
242.356903076
242.920349121
243.861755371
244.084579468
244.303894043
244.727966309
246.818222046
247.240356445
247.422027588
247.042572021
246.286758423
246.285049438
246.447128296
246.348495483
246.608932495
247.098815918
246.706054688
246.333709717
246.363494873
245.959625244
245.441711426
244.695098877
244.32522583
245.079391479
245.566864014
245.424697876
244.77041626
243.844711304
243.531387329
243.179519653
242.902603149
242.546920776
242.112091064
242.09967041
241.895462036
240.957977295
240.294799805
239.938430786
239.209442139
238.770843506
238.084365845
237.468017578
237.06036377
236.691345215
236.632110596
236.496414185
236.355957031
236.371994019
236.509597778
236.735473633
237.121383667
237.38873291
237.705230713
237.490951538
237.291320801
236.566635132
235.996490479
235.594345093
235.457611084
235.750442505
236.412155151
236.540206909
235.958724976
235.7996521
235.795623779
235.689926147
236.151260376
237.026275635
237.113510132
236.074066162
235.624404907
235.383956909
235.413101196
235.212692261
234.629470825
234.578536987
234.571105957
234.13420105
233.116333008
232.698120117
231.587509155
231.195877075
230.441131592
230.001281738
231.553573608
233.696334839
234.902648926
235.230255127
234.716720581
233.872558594
233.826568604
234.349182129
235.61730957
235.373168945
235.570510864
235.024246216
234.522003174
234.248947144
232.919250488
231.59777832
231.233474731
230.759643555
230.471450806
230.091003418
229.973800659
229.935531616
229.595993042
229.451217651
229.281311035
229.101715088
228.894699097
228.768737793
228.924972534
229.099945068
228.846343994
228.581283569
228.318908691
228.204055786
227.999694824
227.978057861
227.90385437
227.919830322
227.922851562
228.074996948
228.152832031
228.228103638
228.796325684
230.022918701
230.116500854
231.150558472
231.799209595
231.904251099
231.251235962
230.36756897
229.475402832
228.878646851
228.211151123
227.497756958
228.413101196
227.8565979
226.930587769
226.161300659
225.565490723
225.311004639
225.09312439
225.057556152
225.099822998
224.833831787
224.219909668
224.203979492
224.211196899
223.960296631
223.712142944
223.416168213
223.208450317
223.048553467
222.916305542
222.681762695
222.601577759
222.593399048
222.301971436
221.606491089
221.23449707
220.961883545
220.301376343
219.636047363
220.735961914
222.610870361
222.340713501
221.432785034
221.467224121
221.79460144
222.261901855
222.637680054
223.241577148
223.802368164
224.669296265
225.157897949
225.998046875
226.941711426
227.620040894
228.067230225
228.081100464
227.334075928
226.092651367
224.459671021
223.919998169
223.720321655
223.599655151
223.47428894
223.371139526
223.223266602
223.141830444
223.064025879
222.972900391
222.831237793
222.71043396
222.601165771
222.472625732
222.172393799
221.826385498
221.385299683
220.751403809
220.500106812
220.859420776
221.320159912
221.016647339
220.667617798
220.341125488
220.061401367
219.733917236
219.405151367
218.896072388
218.272903442
218.104095459
218.282928467
218.981887817
219.878005981
220.693878174
221.426879883
222.301269531
223.02154541
223.741912842
223.999237061
223.826171875
223.35319519
222.544647217
221.75869751
221.049118042
220.464111328
219.997207642
219.675476074
219.392211914
219.21963501
219.027862549
218.807022095
218.829055786
218.782608032
218.686843872
218.453109741
218.248535156
218.153320312
218.001815796
217.675979614
217.092269897
216.643920898
216.12789917
215.734420776
215.387176514
214.301956177
213.190750122
213.221008301
213.830169678
216.171783447
218.10067749
219.353424072
221.497360229
222.031387329
220.767883301
219.629379272
219.275802612
218.78187561
217.989440918
216.997360229
216.424575806
216.26399231
215.908584595
215.284011841
214.796920776
214.503997803
214.221511841
214.322296143
214.931976318
215.108398438
215.153533936
215.256240845
215.400421143
215.612579346
215.800079346
215.999984741
216.25352478
216.408691406
216.581100464
216.760192871
216.941818237
217.06312561
217.151855469
217.249969482
217.354095459
217.423141479
217.479873657
217.591445923
217.711898804
217.683135986
217.559555054
217.538894653
217.494018555
217.592071533
217.708129883
217.827911377
217.913192749
218.091583252
218.402450562
218.637329102
218.825363159
219.033096313
219.27003479
219.469818115
219.810180664
219.794631958
219.823135376
220.297424316
220.945999146
221.394515991
221.83303833
222.179595947
222.544921875
222.394073486
222.557052612
222.546127319
222.556427002
222.870819092
224.380187988
225.158126831
225.315048218
225.522460938
225.843582153
226.351165771
226.738800049
226.892883301
226.99055481
227.191970825
227.546035767
227.905227661
227.843536377
227.565750122
227.11505127
226.673614502
226.0521698
225.480163574
224.947036743
224.495376587
223.882797241
223.206085205
222.563552856
222.265609741
222.076217651
221.894607544
221.893096924
222.075195312
222.260314941
222.373565674
222.467819214
222.441970825
222.329803467
222.088058472
221.716308594
221.26625061
220.854797363
220.520828247
220.19418335
220.140686035
220.274780273
220.407440186
220.622024536
220.883605957
221.331115723
221.872436523
222.429946899
222.834121704
222.529541016
222.251220703
221.89730835
221.490585327
220.919845581
220.264511108
219.586547852
218.870880127
218.144882202
217.541748047
217.052993774
216.712463379
216.390975952
216.094894409
216.066162109
215.984848022
216.253997803
216.247116089
216.232406616
216.158554077
216.09312439
216.007522583
215.964859009
215.884475708
215.706893921
215.417297363
214.951873779
214.544189453
214.050094604
213.769454956
213.845046997
214.089324951
214.207351685
214.299591064
214.422134399
214.447525024
214.281143188
214.249099731
214.361160278
214.423034668
214.961608887
216.004318237
215.810897827
214.191314697
213.367294312
213.066726685
212.972198486
212.850311279
212.674331665
212.525497437
212.545455933
212.653671265
212.694046021
212.758422852
212.689666748
212.530349731
212.347488403
212.140350342
211.873397827
211.577606201
211.403411865
211.222427368
210.959686279
210.678726196
210.033843994
209.745513916
211.584640503
216.106445312
216.222885132
216.443252563
216.481430054
216.781600952
217.143997192
217.494506836
217.906738281
218.472839355
219.008880615
219.511978149
219.847366333
220.418334961
221.499694824
221.901199341
221.804443359
221.153091431
220.455551147
220.196838379
219.841888428
219.531616211
219.975372314
219.949249268
220.903503418
221.280975342
221.473907471
221.77355957
221.485107422
221.205047607
221.20274353
221.244476318
221.404922485
221.328308105
221.40612793
222.31199646
222.578094482
222.560958862
222.568466187
222.60319519
222.825622559
223.219589233
223.797790527
224.423858643
224.996261597
225.277786255
225.90145874
226.054519653
225.616516113
225.185333252
224.647003174
223.899261475
223.686889648
223.445266724
223.219985962
223.334945679
223.542861938
223.612716675
223.944747925
224.035964966
224.058898926
223.893630981
223.511886597
222.955535889
222.709213257
222.582946777
221.973526001
221.36517334
220.833892822
220.336257935
220.247528076
220.102142334
219.667999268
219.273010254
218.93409729
218.103912354
217.381408691
216.394287109
216.399719238
216.944961548
217.345092773
217.828018188
218.540405273
219.211914062
220.457748413
221.658706665
222.73147583
223.895278931
224.985748291
224.709289551
223.318130493
222.202758789
221.577362061
220.780075073
219.940979004
220.420822144
221.640792847
222.098251343
221.987228394
222.472000122
222.975311279
223.445571899
224.179870605
224.90763855
225.507797241
226.05581665
226.700424194
226.997940063
227.117324829
227.063247681
226.31993103
226.03074646
226.011779785
225.98248291
225.462265015
224.951873779
224.959640503
225.300033569
225.49281311
225.511032104
225.634460449
225.940856934
226.151855469
226.356796265
226.617126465
226.809005737
226.886367798
226.606231689
225.657348633
224.964920044
223.99407959
222.792510986
221.816360474
220.361816406
219.8175354
220.722961426
221.529190063
222.129577637
222.554138184
222.750579834
222.64239502
222.224868774
221.86151123
221.70880127
221.997512817
222.656524658
223.048110962
223.105026245
222.930282593
222.747817993
222.845092773
222.564147949
221.791809082
220.684814453
219.820602417
219.070327759
218.479705811
218.154205322
218.117172241
218.167724609
218.087432861
217.839599609
217.554733276
216.98336792
216.359436035
216.189666748
216.002243042
215.845214844
215.6300354
215.429321289
215.118423462
215.111984253
215.339614868
215.843109131
216.328445435
217.103851318
217.849945068
218.636672974
219.152053833
220.129348755
221.85055542
223.473587036
224.099502563
223.175628662
222.894332886
222.798583984
222.643844604
222.673873901
222.982589722
223.446258545
223.961517334
224.720016479
225.056854248
225.177810669
224.992019653
224.619918823
223.044067383
222.3853302
222.22694397
221.589172363
220.844711304
219.761062622
219.527084351
219.335372925
219.248886108
219.507995605
219.606002808
219.546356201
219.591522217
219.752090454
219.503204346
219.109680176
218.504699707
217.972351074
217.916564941
217.90335083
217.869613647
217.582244873
216.983139038
216.893554688
217.293106079
217.634399414
217.926879883
218.021255493
217.976119995
217.968261719
217.987243652
218.749511719
219.324203491
219.315124512
219.525634766
220.977416992
222.161590576
223.16809082
224.433029175
225.170608521
226.079162598
226.767242432
226.886901855
226.772827148
226.5496521
226.294769287
226.063186646
225.824874878
225.600036621
225.504455566
225.464294434
225.209442139
224.908599854
225.042709351
225.666732788
225.964477539
226.013290405
226.018096924
226.793685913
227.107513428
226.980270386
226.377059937
225.822540283
225.003707886
224.109008789
223.272415161
222.695175171
222.016616821
222.104125977
221.203201294
219.820602417
220.654983521
221.659683228
222.555755615
224.231765747
225.036727905
223.691360474
222.257369995
220.92868042
219.291000366
218.437561035
217.564620972
217.075668335
216.427871704
216.558334351
217.707763672
218.711639404
219.263153076
219.802886963
220.135696411
220.283035278
220.832015991
221.511230469
222.287322998
222.734832764
222.9662323
223.654266357
224.032226562
224.012786865
223.928863525
223.571258545
223.460617065
223.203414917
223.453582764
223.708892822
224.280975342
225.126937866
225.711410522
226.086685181
225.354095459
225.058639526
224.373977661
223.5884552
222.91305542
222.607620239
222.568450928
222.567947388
222.532394409
221.436721802
221.321212769
221.354385376
221.164413452
221.206268311
221.57762146
221.678131104
221.278625488
220.928955078
219.941848755
219.781265259
219.639053345
220.196777344
220.597259521
221.503814697
221.899383545
221.493621826
220.168899536
219.677703857
219.409683228
219.531143188
218.801818848
217.997177124
217.823059082
218.562652588
219.363937378
219.940628052
219.763427734
218.993118286
217.987243652
216.732467651
216.230239868
215.918197632
215.562606812
215.303009033
215.01965332
214.558685303
214.345901489
213.965621948
213.232757568
212.54447937
212.339294434
212.126037598
212.102111816
211.979400635
213.589141846
215.362457275
216.930541992
217.581481934
218.643066406
219.529510498
220.1197052
220.781570435
221.648223877
222.32321167
222.719711304
223.150680542
223.245986938
223.113296509
222.942123413
223.62336731
224.827331543
225.68182373
227.902267456
229.019393921
228.858810425
227.5418396
225.839187622
223.833358765
224.728683472
226.036209106
226.134979248
225.731277466
225.268203735
225.08706665
224.582138062
223.598373413
222.647994995
221.922561646
221.1978302
220.246551514
219.65322876
219.042953491
218.373962402
217.905685425
217.441635132
216.565078735
216.208496094
215.978225708
215.76322937
215.50881958
215.1590271
215.133560181
215.531661987
216.142654419
217.059143066
217.966156006
218.84262085
219.654632568
221.756729126
224.004608154
223.509979248
222.330764771
221.461517334
220.674087524
219.999481201
219.474777222
219.072662354
218.602249146
218.293960571
218.012374878
217.71131897
218.003051758
218.28565979
218.665084839
218.986099243
219.212738037
219.358459473
219.979400635
220.729675293
221.442901611
222.26322937
222.621047974
221.693023682
221.136932373
221.905105591
222.742935181
222.313476562
220.708709717
219.082138062
217.703277588
216.50112915
215.84753418
216.099060059
216.489089966
217.095397949
217.660476685
218.803604126
220.419204712
222.120864868
222.830093384
223.469558716
224.346984863
225.227050781
225.761962891
225.193786621
223.742034912
223.265762329
223.538467407
222.785354614
222.309661865
222.623718262
224.232635498
225.337051392
225.914077759
226.337173462
227.026733398
227.82510376
227.521286011
226.544082642
225.483840942
224.758453369
223.921112061
223.106323242
222.858322144
223.467758179
224.417251587
225.274124146
226.036087036
226.751312256
227.094329834
227.120620728
226.459701538
226.038848877
226.073242188
225.726409912
224.98815918
224.993865967
225.422180176
225.502700806
225.618225098
225.96862793
226.253555298
226.544662476
226.796630859
226.875366211
226.313674927
219.313430786
219.288024902
218.359771729
217.982055664
217.962402344
217.986663818
218.001251221
217.980224609
217.766647339
217.543060303
217.233200073
216.887634277
216.959869385
217.435287476
217.812240601
217.886062622
217.904205322
217.908279419
218.015090942
218.494979858
219.024765015
219.444274902
219.694854736
219.712509155
219.550506592
219.553833008
219.604019165
219.508346558
219.298034668
219.28868103
219.407592773
219.632675171
219.87210083
220.985549927
221.608016968
222.203140259
222.320907593
222.587158203
223.921081543
224.880462646
225.051086426
225.192550659
225.064117432
224.781448364
224.273773193
223.603530884
223.237335205
222.848556519
222.654922485
222.660430908
222.78704834
222.873519897
223.011901855
223.586364746
222.84475708
222.143768311
221.526611328
220.990768433
220.491241455
220.009811401
219.677505493
219.353286743
219.050476074
218.72895813
218.463256836
218.261550903
218.056152344
217.890090942
217.613830566
217.295272827
216.87789917
216.385055542
216.206130981
216.568054199
218.078567505
218.308410645
218.396408081
218.439849854
218.344924927
217.94152832
217.909896851
218.194122314
218.585083008
218.935668945
219.125701904
219.452453613
219.742660522
220.1199646
220.592941284
220.761779785
220.971038818
221.401763916
222.024475098
222.539276123
222.934463501
223.361129761
223.72567749
224.073486328
224.30178833
224.052627563
222.886398315
222.274505615
221.74281311
221.34576416
220.843292236
220.683807373
221.080856323
221.253631592
221.305953979
221.397567749
221.354675293
221.386810303
221.273254395
221.277236938
221.201263428
220.818313599
220.533096313
220.085586548
219.813858032
219.295288086
219.057373047
218.739700317
218.370697021
218.640777588
219.255523682
219.823516846
220.248916626
220.589584351
220.711517334
221.101089478
221.483795166
221.148422241
220.849884033
221.415222168
222.594650269
224.064956665
225.390335083
226.158172607
226.742126465
227.236450195
227.371078491
227.145843506
226.789291382
226.294525146
225.412338257
224.487945557
223.361663818
222.04397583
221.253616333
220.930618286
221.966278076
223.58631897
225.269805908
226.087509155
227.012130737
227.533432007
227.756317139
228.191101074
228.943572998
229.330352783
229.046951294
228.535003662
227.968429565
227.481521606
227.050247192
226.555419922
226.199890137
225.77305603
225.011184692
223.976531982
222.982376099
223.097717285
223.082733154
222.901489258
222.302200317
222.466079712
222.983535767
222.776947021
222.233856201
221.924163818
221.776245117
221.60848999
221.383163452
221.115280151
220.63343811
220.314056396
220.127655029
219.7706604
219.606719971
219.017303467
217.837615967
216.571838379
216.016326904
216.016769409
215.712844849
214.863006592
213.848876953
213.245742798
213.082443237
212.93699646
212.708969116
212.419830322
212.178985596
211.864334106
211.783905029
211.742996216
211.707733154
211.645217896
211.716186523
211.803527832
211.814743042
211.91494751
211.842987061
211.704025269
211.430419922
211.024108887
210.515014648
209.892883301
209.035095215
208.49156189
208.085891724
207.736755371
207.425338745
207.220779419
207.911056519
208.734863281
210.041610718
210.768188477
211.406219482
212.232269287
212.966293335
213.247161865
213.135070801
212.943939209
212.41506958
211.905426025
211.770019531
211.578994751
211.257995605
210.717422485
210.767654419
210.727783203
210.599761963
210.399581909
210.315002441
210.315002441
210.315002441
210.315002441
210.392791748
210.406021118
210.448928833
210.452590942
210.403244019
210.375320435
210.786773682
210.317947388
209.919494629
209.485183716
209.040649414
208.335662842
207.828552246
207.251495361
206.711807251
206.056976318
205.601516724
205.108642578
205.583938599
205.762756348
206.071990967
206.678817749
208.455474854
210.390029907
211.149520874
210.675003052
210.391845703
209.088821411
208.061950684
207.77104187
207.096923828
206.096633911
206.096435547
206.558792114
206.821456909
206.624191284
206.80039978
206.988265991
207.198699951
207.547088623
207.098648071
206.576263428
205.922286987
205.019729614
204.130462646
203.868057251
203.578216553
203.136489868
202.752456665
202.719497681
202.710998535
202.710998535
202.775482178
203.200073242
203.718200684
204.098342896
203.609359741
203.09992981
202.901611328
203.030319214
203.617843628
204.372421265
205.173599243
205.967346191
206.414916992
206.027526855
205.561294556
205.215942383
204.607330322
204.278671265
203.761871338
203.41960144
203.668716431
204.485595703
205.472396851
206.625732422
207.634277344
208.466949463
209.911407471
210.729309082
211.126983643
210.486495972
209.364303589
208.323806763
207.801544189
206.827041626
206.478134155
205.074264526
206.048309326
207.214279175
208.231384277
209.142807007
209.905303955
210.530975342
212.502655029
213.635681152
214.062149048
213.396286011
212.598190308
211.738769531
211.313827515
211.066894531
211.086807251
210.92578125
209.966796875
209.256149292
208.491043091
207.798843384
207.034744263
206.786605835
206.170211792
205.66696167
205.23626709
204.99559021
204.726165771
204.548858643
204.302124023
203.772689819
202.93119812
202.269973755
201.938247681
202.049224854
202.378265381
202.938262939
204.214385986
204.81439209
205.028030396
205.9894104
206.579727173
206.912490845
207.394958496
206.781997681
204.813323975
203.59161377
202.009658813
201.109115601
201.261474609
202.02734375
202.010253906
201.714233398
201.467727661
200.909790039
199.509292603
199.635864258
200.419769287
201.052352905
200.879455566
201.160324097
201.98059082
202.598907471
202.768936157
202.924194336
204.004272461
204.774597168
206.000976562
207.267990112
207.91809082
208.699996948
208.589401245
208.540481567
208.707321167
208.416992188
208.473327637
208.749786377
209.156555176
208.839782715
208.448501587
208.571350098
208.86000061
209.401489258
209.89604187
210.226669312
211.76651001
213.326583862
215.757614136
218.738952637
221.922027588
223.405639648
222.903045654
223.035842896
222.496307373
220.824050903
218.679519653
216.2996521
216.353500366
219.096847534
220.432571411
220.922348022
221.244277954
221.578048706
220.772476196
220.152832031
219.654190063
218.729431152
217.521026611
217.186080933
215.318054199
213.838989258
212.944473267
212.151580811
212.329559326
212.450286865
212.25680542
211.558380127
210.039260864
207.508499146
205.42250061
203.958068848
203.337783813
202.713180542
201.964889526
201.269775391
201.011032104
200.688934326
199.86428833
198.237960815
200.787139893
201.491912842
201.151824951
199.824249268
198.386734009
198.523361206
200.357192993
202.032241821
202.817108154
202.792266846
202.560897827
201.443984985
201.233123779
200.221343994
198.986221313
198.174102783
196.95085144
196.197570801
195.626586914
195.625213623
195.576843262
195.519943237
195.508468628
195.695297241
196.039703369
196.442749023
196.594589233
196.398681641
196.052368164
195.533157349
195.243774414
194.953155518
193.436538696
190.733779907
194.752502441
197.400115967
203.630050659
200.088195801
205.913009644
210.255477905
207.504211426
206.804336548
205.519546509
205.442611694
206.734390259
207.295883179
208.574188232
209.060913086
208.155776978
207.403961182
207.022872925
208.844726562
210.352432251
210.598297119
209.805084229
210.467071533
211.249816895
210.404327393
210.069824219
207.152709961
205.547103882
203.752487183
200.965866089
200.618789673
201.751556396
202.657974243
203.308944702
203.886459351
204.411071777
203.869110107
203.645248413
202.731445312
202.528869629
202.244445801
201.173126221
203.247253418
204.616012573
205.83039856
206.824935913
208.273391724
208.138473511
206.916809082
206.085983276
205.35307312
204.951171875
204.175186157
202.770080566
201.300445557
202.42364502
202.559341431
202.392059326
201.845275879
201.649536133
201.258728027
200.667602539
199.986053467
199.329589844
198.732727051
198.201644897
197.982727051
197.515594482
197.302307129
197.560119629
197.343963623
197.904983521
198.488357544
198.635894775
198.569915771
198.333938599
197.627914429
196.766540527
195.617630005
195.049285889
193.714187622
193.538970947
194.711425781
197.586181641
198.726806641
196.727905273
194.73576355
192.791488647
192.59475708
192.852508545
192.870040894
194.731948853
195.216415405
195.074584961
193.648849487
192.319793701
193.114196777
194.298583984
195.150588989
195.567871094
195.210617065
194.335128784
193.916931152
193.655639648
192.719192505
192.688400269
192.631454468
193.455200195
194.398880005
194.808303833
195.091812134
195.714614868
196.754974365
197.68409729
198.237228394
198.445114136
199.08354187
199.742080688
200.83505249
201.38621521
201.28527832
200.14050293
198.519546509
197.977172852
197.475082397
197.130462646
196.909317017
196.847518921
196.810134888
196.701019287
196.465072632
196.602798462
196.426727295
196.576538086
196.411026001
195.390609741
195.417144775
195.751815796
196.207473755
196.884994507
197.45741272
198.008499146
199.242721558
200.927764893
201.920349121
202.220611572
201.732208252
200.891906738
199.616073608
198.37512207
197.034133911
195.88394165
195.014831543
193.668197632
192.686920166
192.29397583
192.981246948
193.921401978
195.015960693
196.550262451
198.265609741
195.569519043
194.631149292
194.392608643
193.400115967
192.768768311
192.146896362
190.310028076
189.281066895
190.474197388
192.13067627
195.177352905
193.779403687
192.132339478
192.394485474
192.314056396
190.766876221
188.96546936
184.856811523
189.050628662
196.087356567
197.138580322
195.490142822
194.594177246
193.600875854
192.743301392
191.872253418
190.269683838
191.335006714
191.953094482
192.196990967
192.747650146
193.06463623
193.229644775
193.722595215
194.801452637
195.293991089
195.639556885
196.688217163
195.491790771
194.752502441
194.839782715
195.523834229
195.765518188
195.924514771
196.903137207
200.129684448
202.793197632
203.135696411
203.202774048
202.26361084
200.430343628
200.172103882
200.331466675
200.449645996
201.485778809
201.731735229
201.701171875
201.155838013
201.837631226
203.148223877
205.223114014
206.575286865
207.838973999
208.809448242
208.903747559
209.288513184
209.026885986
207.843093872
206.619094849
206.445266724
206.400085449
206.528518677
208.046157837
209.822723389
211.37059021
213.059234619
215.343109131
216.856384277
217.318191528
215.344833374
212.370742798
210.684234619
208.788406372
207.614257812
207.144119263
207.69380188
209.276565552
210.826797485
212.01348877
212.759292603
213.7293396
216.05128479
214.360031128
212.889984131
215.013397217
218.866943359
220.699203491
222.034805298
223.799301147
224.633102417
224.948806763
225.305587769
224.77671814
224.635116577
225.065124512
224.678009033
223.996459961
223.383422852
221.483856201
220.692214966
220.541946411
220.120681763
219.045166016
222.153915405
227.464508057
231.885665894
233.858276367
236.786026001
236.352035522
236.342727661
235.715515137
232.78036499
230.667739868
228.684448242
227.244277954
229.108413696
231.003509521
233.97644043
237.113586426
242.325454712
245.069488525
242.892166138
238.5806427
232.833572388
230.417816162
225.994491577
224.708221436
221.239395142
219.826843262
219.098526001
222.974761963
230.141662598
232.464782715
232.766326904
233.32862854
234.65007019
235.622650146
237.566604614
241.756347656
245.399688721
251.515289307
259.138214111
270.871490479
276.871856689
271.388031006
266.665863037
265.332611084
266.827545166
263.742797852
258.892700195
253.979064941
250.777511597
250.613815308
250.678512573
250.975158691
249.654846191
247.908447266
247.2371521
250.630340576
252.662445068
253.153808594
253.438018799
253.164154053
251.511779785
250.370635986
247.161117554
242.780471802
239.610824585
236.374053955
231.438247681
229.646072388
229.995651245
230.177719116
230.31086731
231.26890564
231.915603638
231.314147949
230.223007202
232.092880249
233.095184326
236.1612854
238.329742432
237.050445557
237.054092407
235.113693237
232.080612183
230.464157104
228.922454834
227.131530762
226.296554565
223.861526489
222.709365845
222.997833252
223.14855957
223.826293945
223.5262146
223.103134155
222.505737305
222.622177124
222.12361145
219.568283081
222.2371521
223.453994751
224.135818481
222.998947144
220.374679565
218.559051514
215.561080933
212.652511597
210.485183716
207.589492798
202.096130371
202.600234985
202.421890259
202.588165283
202.468215942
202.099380493
201.469467163
200.481964111
200.52116394
200.279129028
199.927520752
199.674301147
200.12600708
199.93309021
198.973999023
198.483505249
198.330566406
198.088607788
198.272094727
198.7525177
199.33392334
199.764633179
200.105178833
200.422210693
200.442825317
200.102661133
199.470596313
200.072128296
200.699676514
200.707885742
200.618713379
200.085235596
199.614379883
198.105239868
197.253585815
197.465255737
197.578948975
197.778030396
197.297119141
196.575073242
195.986129761
195.730697632
195.596466064
195.753890991
195.148117065
195.022171021
194.754379272
194.30947876
193.865402222
193.862091064
193.136764526
192.771316528
192.285690308
191.754104614
190.884170532
190.371749878
190.607040405
190.036560059
189.57975769
189.106567383
188.560546875
189.23500061
189.625061035
189.024078369
189.045852661
189.014129639
188.538803101
186.23588562
186.997344971
187.79284668
188.018875122
187.939743042
187.397094727
187.212478638
187.790939331
189.038818359
188.433303833
188.239868164
187.695358276
187.1118927
186.736282349
187.339035034
187.516860962
186.332992554
184.857025146
183.370620728
182.878372192
182.581130981
184.56149292
186.994064331
188.665405273
189.821807861
190.647796631
191.868728638
192.809646606
192.814666748
191.178756714
188.787811279
190.0599823
191.741012573
191.678649902
190.396713257
188.415359497
187.955871582
187.212112427
186.264389038
184.132675171
180.5859375
178.139465332
176.24647522
174.991958618
177.990890503
179.592575073
181.1224823
182.010498047
181.166351318
183.198165894
184.212402344
184.747940063
185.372589111
185.948318481
183.736572266
183.873306274
182.970108032
181.393112183
179.816940308
179.28225708
180.538833618
182.881790161
183.955322266
184.602493286
185.386688232
185.116653442
183.545822144
182.965744019
182.735458374
182.590423584
182.351776123
182.239273071
182.204559326
182.506072998
182.832107544
183.075546265
183.650375366
184.129089355
184.270843506
184.698074341
184.973754883
185.261825562
185.801834106
186.291503906
186.933395386
187.288238525
187.38734436
187.587844849
187.804626465
187.923217773
187.915481567
187.905334473
187.87109375
187.691894531
187.389221191
187.495651245
187.229385376
186.752227783
185.749298096
184.496582031
183.244445801
182.413635254
181.826538086
179.635162354
178.296661377
177.906234741
177.765625
178.154464722
178.66015625
178.896255493
179.143432617
179.365371704
179.700683594
180.258270264
180.664413452
180.87437439
180.944366455
180.954864502
180.893264771
180.713409424
180.358734131
179.843826294
179.409088135
179.182907104
178.94367981
178.716003418
178.269348145
177.823883057
177.834915161
178.15045166
179.265975952
181.553939819
182.335586548
183.006759644
184.229660034
185.50920105
186.59463501
187.151412964
187.501342773
187.354995728
187.661071777
187.841339111
187.884643555
187.916397095
187.93598938
187.845474243
187.629959106
187.461502075
187.267807007
187.090255737
186.39642334
185.906066895
186.364578247
186.95300293
187.503417969
187.68447876
188.147750854
189.021362305
189.827560425
190.276062012
190.599121094
190.808120728
190.812179565
190.880279541
190.955841064
191.016998291
191.17817688
191.3387146
191.640289307
192.490997314
194.133483887
195.14743042
195.826843262
196.255142212
196.625732422
197.188217163
197.972686768
199.231689453
200.296569824
201.443756104
202.969314575
204.285217285
205.033905029
205.264587402
206.113739014
207.288543701
207.901626587
208.145492554
208.10319519
208.006103516
207.870056152
207.760757446
208.155548096
208.718566895
208.869537354
209.142074585
209.294525146
209.390930176
209.618255615
208.897994995
207.026550293
206.441879272
206.109024048
205.65586853
204.609832764
203.007797241
201.574462891
200.480422974
199.727127075
199.080841064
198.458374023
197.568130493
196.637817383
195.615188599
194.66519165
193.775558472
192.904037476
191.88444519
190.978622437
190.378128052
189.762527466
188.855895996
187.018569946
186.011199951
185.786117554
186.08152771
186.61239624
186.46496582
186.370147705
186.203231812
185.000534058
184.202255249
183.43901062
182.737106323
182.12272644
181.730453491
181.273483276
180.570281982
179.857269287
179.269332886
178.710250854
178.054260254
177.521560669
177.192169189
177.082199097
173.48475647
164.872955322
161.567001343
161.343765259
161.322555542
161.685516357
166.010574341
171.531661987
172.562927246
172.953674316
174.198394775
176.007965088
178.558532715
181.4087677
185.560272217
189.441970825
190.329345703
191.252105713
192.055145264
192.728866577
193.568008423
194.356643677
195.334869385
195.985290527
195.374786377
194.41255188
193.85005188
193.513809204
192.67048645
191.459136963
190.436279297
190.007720947
189.811187744
189.811782837
190.044067383
190.57220459
191.118255615
191.825393677
192.56628418
193.134674072
193.555236816
193.956726074
194.243026733
194.421951294
194.565078735
194.748977661
195.16506958
195.992843628
196.162384033
195.398391724
194.718017578
194.274749756
194.031204224
193.802963257
193.562271118
193.092651367
192.416992188
191.508499146
190.58013916
