128.1360474
128.1192474
127.6492767
127.7081528
128.8319092
130.1236115
131.2755585
132.2384949
133.2214355
134.4456024
135.9833527
137.385498
138.0722351
138.0265503
137.6998138
137.414505
136.975296
136.2639313
135.4432678
134.6409454
133.841217
133.1349335
132.4755096
131.8790588
131.4059601
131.0316772
130.7864838
130.7685242
130.9176636
131.0569611
131.1091766
131.1460114
131.269928
131.526886
131.835495
132.14505
132.5026855
133.0542145
133.5049896
133.505722
133.0992432
132.6290894
132.324173
132.2168121
132.0489044
131.5991974
130.8877258
130.0939636
129.1725922
128.2578125
127.3881683
126.4538422
125.7220612
125.9728546
127.4393921
129.318985
130.6679688
131.3100739
131.3352661
130.8047485
129.8613586
128.7129364
127.5666199
126.655838
126.0228424
125.3700027
124.4249878
123.3984299
122.8022003
122.7726974
123.1549606
123.6637192
123.7941895
123.5624847
123.5787506
124.0279999
124.6545105
125.1476746
125.3137054
125.5663147
126.6782227
128.4449005
129.9751129
131.0296478
131.936203
132.9661255
134.1027374
135.048584
135.3009338
134.9020844
134.3320007
133.7786865
133.0683289
132.1390533
131.1363831
130.115799
129.0272217
127.8752289
126.7499847
125.7608719
125.0081329
124.4795227
124.0182495
123.5313034
123.0406723
122.5428009
121.9790115
121.2703323
120.324501
119.307869
118.6933899
118.5809097
118.4365616
117.8675385
117.1081772
116.5123444
116.1620255
115.9277039
115.5020523
114.6849442
113.6046524
112.5123672
111.5917587
110.9445648
110.6022491
110.515564
110.5520096
110.5816269
110.5771027
110.5629654
110.5199738
110.4695511
110.5764694
110.9458771
111.3569412
111.5137177
111.4568787
111.3830795
111.3283081
111.2871933
111.3526382
111.5937424
111.8733978
111.9636612
111.8637772
111.7153091
111.5809174
111.4433212
111.3652649
111.3138199
111.0443954
110.4785919
109.6564636
108.5561523
107.3190536
106.3068619
105.7619858
105.7661819
106.2082214
106.5860825
106.5514908
106.4504852
106.496666
106.6726456
106.7931976
106.7650757
106.8895187
107.1279526
107.3692322
107.498497
107.448967
107.3277283
107.7395325
108.7265472
109.9692841
111.064003
112.2269211
113.2849426
114.5374146
116.0232086
117.3990936
118.0725937
118.2549667
118.2306976
118.122757
118.3992844
118.9212646
119.1051407
119.4702911
119.7566681
119.7675095
119.7643814
119.7649918
119.7668533
119.7727432
119.7791748
119.8112564
120.0671082
120.8049469
121.6951752
122.3443146
122.7670059
123.3676453
123.972641
124.5613556
125.048996
125.5742874
126.0154724
126.3500977
126.7193298
127.1077576
127.2628403
127.3481598
127.6080856
127.7638626
127.4886932
127.0252075
126.7537766
126.7848434
126.7235336
126.3310165
125.9174194
125.8118668
125.7698135
125.4555054
125.3790741
125.7282944
125.7887726
125.7918396
125.7915649
125.7891159
125.781723
125.7587128
125.7244492
125.6351471
125.7328644
126.517746
127.0492859
126.7926254
126.4153137
126.4113998
126.6877975
127.2194138
127.7170334
127.841774
127.9281845
128.2521362
128.5867615
128.9070587
129.3454132
137.217865
138.0614777
138.6050873
138.962677
139.2947998
139.433609
139.2985077
139.2625122
139.4512482
139.8291168
140.1545105
139.9657288
139.5503845
139.0582581
138.6880798
138.3525085
138.0475311
138.6586914
139.8682251
141.2795258
141.8560181
141.8850098
142.0818481
142.6139679
143.5099335
143.8338623
144.0267639
143.5737457
142.714035
142.1071014
141.2429962
140.4936218
139.6828003
138.696991
137.6539764
136.6992493
135.9425354
135.3928223
135.2901001
135.7039795
136.2631531
136.7412872
137.4453735
138.6416473
140.0938873
141.9089661
144.0817719
146.1076202
147.9407196
149.4962616
150.7315674
151.8682709
153.3125458
154.8638611
156.4172363
158.0207672
159.5994415
160.7955933
161.5726929
161.4976959
161.3180542
161.4666138
161.5641479
161.3570557
161.0834198
160.8153229
160.4270477
160.0202484
159.9856415
159.9647827
159.87883
159.7108002
159.6177063
159.4837952
159.2724152
159.0560913
159.071579
159.4349365
159.876236
160.6775055
161.5582733
161.7240295
160.7287292
159.2390289
157.9273224
157.1456451
156.8968658
156.7949829
156.2142944
155.0908203
154.048172
152.8586578
151.5617828
149.9449615
148.4789276
147.3386688
146.584549
145.745224
145.137207
144.6612396
143.5495148
142.1455078
141.1127777
139.8585205
139.2735748
139.9993286
141.3429718
142.8738098
144.7534637
146.533432
148.4746857
150.2768097
151.6325378
153.244873
155.4772491
157.8162842
160.6335602
163.0575409
163.9177551
163.8529816
164.5785675
164.8281403
164.7420044
165.4943848
166.630722
167.014389
167.3927155
167.5157928
166.8499756
165.8399506
166.1232758
166.0678864
165.1575928
164.2025909
162.9602203
162.0453491
160.8781891
159.1768646
159.1119537
160.4279175
161.6065826
162.0357666
161.7571411
161.2910156
160.7976379
160.2080688
159.5744781
158.9616394
158.1625824
156.8944092
156.3869629
157.0358429
158.0382996
158.8583221
159.5219727
159.7714996
159.7113953
159.7657318
159.9285583
159.493576
158.5692139
157.6684418
156.5468903
155.2926636
154.2056885
154.1764221
155.5520782
157.047226
157.7424774
157.6151733
157.7467041
158.7403259
159.6057892
160.1152344
160.2728424
160.3959045
160.6609955
160.9532013
161.3752136
161.7595673
162.6651764
163.7640686
164.4147491
164.8329315
164.6348724
163.9621124
163.3467102
162.7293243
162.1408386
161.6427612
161.4855957
161.8187103
162.4361877
162.5680084
162.161438
160.9621582
159.3543243
158.7135162
158.7736969
158.7731628
158.7199402
158.798111
158.380661
157.3020477
156.2817078
154.8219299
153.4625244
153.0573578
152.97966
152.511322
151.6340179
151.2836304
151.8485413
152.4622192
153.2444916
154.4561768
155.648941
156.4901123
157.0236206
157.2285004
157.1115723
156.2180634
154.5700684
152.5077972
151.0954132
149.9210968
148.4852753
146.6212158
144.9244843
143.814209
142.6190491
141.2853088
140.1300659
139.2215576
138.0569916
136.9153748
136.1776276
135.8433228
135.8213501
136.3109283
137.4165955
138.2563629
138.7653809
138.9507141
138.8376007
138.8563538
139.2276459
139.62117
139.7416077
139.9426117
146.9961548
147.9964294
148.9892578
149.6573029
149.822876
149.7994995
149.6916351
149.2026215
148.3569183
147.8673859
147.7511444
147.7680511
147.9616547
148.6657257
149.2292023
149.3962097
149.5192871
149.8484955
150.1193085
150.1727448
150.2808533
150.583313
151.4407654
152.4124298
153.0029755
153.2286987
153.1830597
153.0265961
152.8061981
152.4467163
151.9859161
151.3926697
150.8519287
150.5670319
150.1689148
149.3639679
148.6783905
148.2980042
147.9455872
147.3474274
146.7300262
146.3388672
146.5614166
146.7209167
146.565155
146.4121246
146.3521118
146.2470551
146.0554199
145.8326569
145.9879303
146.1989594
146.1303711
145.9880219
145.6981964
145.4158325
145.521698
145.1052704
144.0018158
143.1051025
142.6452332
142.1869812
141.8391571
141.6140442
141.6907959
141.7679138
141.682663
141.6691589
142.0344086
142.7444458
143.3903046
143.9744873
144.6536255
145.338562
146.0803833
146.569519
146.8936462
147.1797791
147.1879578
146.8188171
146.5510864
146.5485229
146.7415619
147.0648651
147.3416901
147.494339
147.7348022
148.0351715
148.4464111
148.7310638
148.7711792
148.7527161
148.8528595
149.0875549
148.9820404
148.4584045
148.0680847
148.1764069
148.771225
149.54039
150.1331177
150.5799408
150.9661407
151.2638397
151.513443
151.6874542
151.7367401
151.8117371
152.2888794
152.8915405
152.7420349
151.8866425
151.0659332
150.7285156
150.9155121
151.4438629
152.2191467
153.1094971
154.3903809
156.3381042
158.7182922
160.9347534
162.5232391
163.2894897
163.5617828
163.8574524
163.9403687
163.548111
162.927002
162.1196136
161.1843262
160.7840881
160.6729126
160.3959198
159.8654175
158.8870087
157.6912537
156.6877594
155.8023682
155.0501251
154.8379211
155.1377411
155.6070557
156.1857758
156.8716278
157.3195343
157.4265137
157.799408
158.5671539
159.0798187
159.0645294
158.8956909
158.9127502
159.3311005
160.0148773
160.8939056
161.7985229
162.2769928
162.3862457
162.6231537
163.0308228
163.4401398
163.7420044
163.9455109
164.2176666
164.2461853
163.6555634
162.7881165
161.9637909
161.4803619
161.7223511
162.6515198
163.7091675
164.3175812
164.1438751
163.2175598
161.8322754
160.3561249
159.1060944
158.4146271
158.6373749
159.5238647
160.4905396
161.2469177
161.8278503
162.3859253
162.7381897
162.7919617
163.2194214
164.1950073
164.8014832
164.8156128
164.5631714
164.1466675
163.5378265
162.9094849
162.2383118
161.2427673
160.2058258
159.706604
159.9129486
160.8197021
162.1641846
163.535553
164.846344
165.9713287
166.518158
166.5480042
166.2053223
165.5613098
164.8269196
164.0693665
163.5123901
163.5125732
163.9932861
164.285141
164.5885468
165.0357361
165.3106842
165.032135
164.910141
165.2474518
165.1698608
164.5274048
163.8246307
163.4192047
163.061554
162.7117004
162.7285156
162.989151
163.8339233
165.1390076
166.2632294
167.210434
167.8968048
168.0188751
167.9377747
167.8548737
167.467865
166.8158112
166.536911
166.2229919
165.5746613
164.7364502
164.2547607
164.3262482
163.8484039
162.834671
162.2825775
162.0712585
161.4975281
144.1225128
159.4472351
169.8838806
172.7513428
175.916214
166.6368866
160.4160156
176.9384918
153.3269653
161.8079376
150.3975677
143.1122284
140.7965393
134.2436981
132.5073853
119.7901001
118.4201736
135.9924316
143.9120331
134.5160522
134.0712891
143.2707062
138.1180725
128.1981201
138.6805573
148.7420349
132.2320709
125.705925
119.047081
128.7538605
112.5950699
118.2608261
123.3406754
131.7493134
148.4204712
152.4281158
149.3235474
140.3611603
139.1409302
140.1004639
120.7095032
128.7823486
126.5283203
139.9248657
127.1224594
138.3295746
145.5687714
147.0338593
138.9037476
129.8982239
118.2359085
112.3915863
110.1346512
111.334343
128.8640442
127.5666275
118.0312424
116.7784271
104.6361313
105.6791382
90.2866211
107.6988525
100.6493454
85.0899887
96.5898132
98.8870773
109.1112289
100.7639923
116.9478607
128.396347
115.8577652
112.9982224
112.5011215
101.0837402
116.2388153
119.5626068
123.1070633
109.542717
98.2730713
88.6774368
103.7918472
133.8463593
124.0873413
128.5589447
112.2333145
125.7955475
135.2938385
121.8297272
130.9171906
142.0391083
129.0162506
129.9404755
131.8724213
141.1952209
148.2310791
140.0011749
142.5163422
146.2093353
148.5834198
142.3203735
141.5619659
151.473999
158.3761902
150.2722321
157.9134979
151.8511353
138.8246002
146.0232239
151.9453278
143.8486938
155.4522858
161.4381104
159.7906799
150.9942627
141.8920898
128.4379425
129.6685486
136.627655
152.609024
144.7287445
140.0358276
137.445694
133.4768372
130.4186859
131.8631897
128.8226624
123.7532196
119.953331
110.1402893
98.9196014
118.9016037
122.7266846
120.5205841
118.0293198
124.0948639
128.8114929
122.944725
124.835495
122.905777
115.3986282
117.8917313
110.8960266
117.1590271
124.4234772
127.6523361
127.0046463
121.0815811
121.0203171
117.9229355
111.4802017
106.629715
100.1360626
100.1986389
86.8353577
86.7256851
89.067009
92.6641388
92.4528046
86.9731216
89.7496948
100.8708191
99.5205841
94.7233047
87.2618484
87.3435059
100.8299179
108.5955963
106.4982834
109.0060959
105.959053
106.7151031
105.178772
108.4407959
109.4064026
107.7021332
107.7252045
98.598465
95.4545441
91.5488663
86.9294815
81.0829391
80.0633316
96.8396759
92.8495941
87.8523102
95.0372772
92.438591
95.6771393
97.2659302
95.5904694
99.1908569
60.0631676
60.6283493
72.7561111
57.0306053
66.0840073
80.7040558
83.2054672
75.1883774
70.996727
75.7196045
67.4888458
75.9225769
81.3482513
89.0641174
88.306282
88.8320312
75.5115585
75.9321442
77.4972305
81.5703354
88.4468155
85.4974442
88.3739395
88.1332397
86.1152267
90.846405
78.5070496
73.15242
75.0317688
76.1903839
78.7024765
77.9654922
82.0992126
85.7055511
88.0690231
87.2230988
89.5945206
92.5843506
94.6089096
92.9214325
96.5498428
100.3648224
102.4244766
96.8940048
90.1668243
102.8115311
103.8313217
98.9333572
108.5091553
111.873291
119.9435349
122.1310425
120.0943756
121.5832901
125.8520889
120.5195465
120.8659592
120.0319443
120.3010559
120.7351761
120.6795807
120.3177872
120.1692123
120.1872253
120.2709045
120.3299942
120.34655
120.6253052
120.9223099
121.1114578
121.2759018
121.4101715
121.5782242
121.8070831
121.8970413
122.1297379
122.3388748
122.370903
122.2761154
122.0843735
121.9023209
121.7382736
121.7763214
122.0502472
122.1524429
122.6102066
123.2526245
123.9687195
124.6965485
125.3689957
125.8903656
123.4825745
120.3627243
120.5485611
120.3418732
120.7292023
120.593956
120.3068771
125.6043854
126.1666718
125.8741989
125.4564514
125.0891418
124.7582474
124.4495316
124.1805267
123.8387756
123.6790924
123.4765015
123.2154694
123.0363464
122.8301239
122.6869583
122.5721893
122.5894699
122.6864624
122.9335327
123.1966324
123.4270859
123.7029037
123.9911957
124.2473221
124.3830719
124.5251465
124.5940247
124.4869461
124.3798828
124.2799454
124.1662827
124.0449905
123.9708099
124.2869339
124.4356461
124.0388412
123.688736
123.418129
123.1324005
122.9227295
122.9252853
123.0062485
123.0699997
123.1017151
123.0964813
123.0068436
122.7784653
122.4271774
122.1592026
121.9652939
121.8198853
121.7109375
121.5805588
121.4679489
121.4025269
121.3720245
121.271843
121.1183853
120.6798172
120.3404236
119.2005539
117.6491089
116.3782196
115.6721878
115.2131882
114.8701553
114.6044312
114.4067764
114.1836166
113.9499969
113.9666138
114.1464386
114.4836197
114.8731003
115.0527115
114.7678986
114.1125565
113.825798
113.8168793
113.8703232
113.9278183
114.1029968
114.4934311
115.1888733
115.9713516
116.3956985
116.3176727
116.1448059
116.0695801
116.0739517
116.1393738
116.1750717
116.2566986
116.3415756
116.4298172
116.5310974
116.6362839
116.7195435
116.7854614
116.738884
116.7082977
116.6196442
116.7666779
116.6691666
116.3491669
116.2334061
116.2477036
116.2830124
116.4035187
116.5203934
116.6996765
116.8709412
117.0729141
117.2761307
117.4592056
117.7363281
118.0641098
118.047493
117.5971222
117.3174133
117.1049423
116.9014969
116.8402557
116.822731
116.8668518
117.0146713
117.1756592
117.4187775
117.7081451
118.0980759
118.5426407
119.0264816
119.3810577
119.7337112
120.0175552
120.2996216
120.492363
120.6654968
120.6488113
121.2767029
121.3232269
121.1790619
121.1221085
120.681427
120.1189194
119.9428864
120.1647415
120.3702316
120.6383591
120.7814713
120.8808289
120.8699036
121.0169449
120.9394913
120.935936
121.1596527
121.4956131
121.8518143
122.0665512
122.232811
121.2647781
121.1707764
121.0534134
120.9243851
120.7388992
120.6165466
120.345665
120.9902802
120.6028824
120.4385529
120.3750763
120.5569916
120.7639313
120.5012665
119.5428085
118.9618683
118.5739822
118.3876266
118.2708282
118.0336685
117.5688629
117.0795364
116.4604568
116.066803
115.521492
115.2563171
115.4172974
115.7399445
115.641037
115.2168427
113.2437134
111.2845306
111.6640015
112.59655
112.4742355
111.8579712
111.7127838
112.0934372
111.706955
110.9951324
109.505661
108.967865
108.0110474
107.5756683
107.653923
107.701622
107.8408585
108.0190506
108.2260437
108.4141617
108.7815857
108.6347275
108.5316162
108.371727
108.1411591
107.8013611
107.462265
107.2167282
106.8117828
106.3373337
105.8671265
105.3733902
104.8876419
104.3987427
103.9969101
103.8449326
103.8368378
104.1098022
104.3718643
104.5509949
104.8128357
105.1469421
105.4517899
105.8098831
106.2024994
106.6118774
106.9979935
107.3823929
107.75811
108.083252
108.2949066
108.7017212
109.0279007
109.4791794
110.0535507
110.6070633
111.1896973
111.5427017
111.8399811
112.2386169
112.4350662
112.7695465
113.0278854
113.2554245
113.7541275
114.1630325
114.2968521
114.759758
115.2614288
115.1822739
114.9697037
115.0894012
115.0911407
115.1163177
115.0625534
114.6881104
114.3734512
114.8101501
115.4092865
115.9468231
116.2585526
116.2743759
116.0016022
115.5435486
115.3479843
115.0914307
114.7889862
114.3660202
114.0729828
113.8732758
113.4573135
112.9115067
111.8844299
110.8704529
110.8453445
109.4898911
108.6151352
107.7383423
107.3761978
106.4013672
104.7107544
104.3658066
104.0847931
103.715477
102.3481674
101.6151886
101.740715
104.3294907
107.1278229
108.786499
109.9279022
110.6197586
110.9140015
111.271759
111.8334961
112.3875732
112.7893066
113.1274338
113.3202438
113.5096283
113.8796234
114.2913666
114.6343536
115.0328903
115.3745193
115.6807404
115.9811707
116.1788635
116.2141724
116.3899612
116.5187988
116.5960007
116.6418686
116.7948685
116.8931885
117.2006683
117.5096512
117.6261139
117.677681
117.7822647
117.9656754
118.0486221
118.0499496
117.958786
117.8746948
117.7280197
117.4936295
117.3197403
117.0724335
116.9569778
116.7706146
116.5788422
116.4241714
116.3740158
116.1925125
116.0322266
115.916153
115.8591003
115.9331894
116.0644913
116.1897659
116.2618637
116.3015518
116.3247757
116.2353134
116.1784439
116.2177124
116.2621536
116.2777863
116.3150635
116.4502411
116.4364777
116.5189056
116.837204
116.8987427
116.7943115
116.8146362
116.7198105
116.6147308
116.4924393
116.3798447
116.2800064
116.0230103
115.7120514
115.381134
115.2036514
114.9927216
114.8354111
114.6086349
114.404892
114.0912552
113.8994141
113.6553268
113.1915283
112.7746201
112.2483597
111.7896423
111.1482697
110.6698837
110.1667252
109.6008606
109.1164474
108.7209473
108.366806
107.904892
107.4440536
107.0698166
106.7453842
106.4109192
106.0656891
105.7697372
105.5072174
105.1138535
104.7637177
104.4475708
104.1893692
104.0173035
104.0692902
104.1134644
104.1288605
104.0734253
104.0996552
104.0834656
104.2870483
104.3883896
104.2389603
104.0425797
104.2684097
104.5836563
105.0109482
105.5843735
106.065712
106.5874939
107.0436172
107.4154205
107.955452
108.7530746
109.6625214
110.3403549
110.8230209
111.2435074
111.6804276
112.0666504
112.440567
112.7423172
112.9515762
113.1623917
113.2443542
113.025383
113.0015259
113.5159378
113.9922943
114.3279266
114.6568909
114.172905
113.2998047
112.5908661
111.8640289
111.1584396
110.3532257
109.6609879
109.0092545
108.4049377
107.7927628
107.2153091
106.7243042
106.3905792
106.3394089
106.3872986
106.6906128
107.524025
108.1826096
108.8162689
109.2248383
109.6317596
109.9542313
110.2203369
110.436676
110.7829132
111.1005478
111.2332153
111.4650345
111.6915131
111.8752365
111.8453979
111.6296692
111.1860199
110.589859
110.1160202
109.7925797
109.4845352
109.2518921
109.0887222
108.9532013
108.8170853
108.6645203
108.5219955
108.3422699
108.1550217
107.9083481
107.5823441
107.0265656
106.2255325
105.1593018
104.0144196
102.8455811
101.7503891
100.5693817
99.7292862
99.0700455
98.5675049
98.2402954
98.1279678
98.2949524
98.579895
99.0186157
99.7945328
100.6219635
101.4971313
102.5052338
103.1661377
103.6774902
104.3090057
104.9390182
105.4156494
105.814209
106.1605453
106.5347977
106.850647
107.136879
107.1897812
107.3206482
107.4717407
107.6385651
107.7775955
108.0217819
108.2487259
108.7930222
109.447258
110.1595535
110.7266998
111.264679
111.758522
112.1913452
112.60392
113.0665512
113.4054108
113.8164673
113.7599487
114.0346069
114.2277527
114.3595581
114.3662415
114.2726822
114.0948715
113.8683548
113.6292343
113.4271393
113.2514801
113.1124725
112.8909073
112.7032471
112.5029526
112.3027039
112.1912918
112.12397
112.1883316
112.3866272
112.4845657
112.7440033
112.9625931
113.0220108
112.9143677
112.5434189
112.2176132
111.9719696
111.7347794
111.4568939
111.1913452
110.9795303
110.7620544
110.532341
110.2050781
109.8461304
109.5314102
109.3088913
109.0651016
108.6970596
108.439415
108.156395
107.870697
107.5519257
107.2627258
106.9703293
106.7262115
106.4024277
106.1128387
105.8197556
105.6113663
105.490181
105.5378265
105.7818832
106.0574493
106.4634628
106.915863
107.356102
107.7501831
108.2265549
108.7426987
109.2753525
109.6673126
109.8576584
109.9700012
109.9207687
109.6991043
109.3041077
108.8895874
108.4150085
108.0192947
107.5211029
107.0780869
106.739357
106.4786301
106.3215561
106.1726761
106.0112305
105.8402634
105.71035
105.549614
105.3958054
105.2436752
105.1334991
104.9817047
104.8206635
104.6110535
104.3689346
104.1242218
103.9951096
103.8707581
103.8319931
103.8741837
104.2743454
104.5806046
104.8681946
105.1184311
105.1583023
105.006752
104.7556458
104.3374023
103.7592926
103.0599594
102.2948685
101.6606827
101.2841797
100.9755096
100.7153091
100.4571838
100.1956329
99.8958359
97.2140121
99.6437454
99.8118134
100.0762863
100.4026184
100.7525558
101.1496048
101.5009613
101.8086929
102.1373215
102.5282516
102.8755493
103.1860352
103.4513779
103.6939468
103.9065094
104.1569672
104.3915863
104.6182022
104.8602295
105.1116486
105.2828445
105.5182114
105.7351303
105.9453812
106.1623383
106.3542862
106.632103
106.907753
107.1375275
107.2467041
107.2697372
107.1858521
107.0786819
106.9336853
106.8283768
106.5546112
106.1975174
105.8632965
105.658226
105.4944
105.3909225
105.390007
105.5456161
105.4325409
105.1920929
104.9548111
104.7090607
104.4788666
104.303688
104.1597366
104.1264496
104.1617737
104.2656403
104.4049072
104.6267929
104.8856506
105.0789185
105.3156662
105.7021561
105.9591217
110.3854294
110.6236343
110.8536377
111.0585938
111.2674332
111.5064392
111.7255707
111.8796005
112.0687943
112.2127838
112.3886566
112.58461
112.8661575
113.1258698
113.3646393
113.4725113
113.6191025
113.7495193
113.9115753
114.0975113
114.3109436
114.5223999
114.7361298
114.9150314
115.1129532
115.3196716
115.5010529
115.6033249
115.7396545
115.790184
115.7929535
115.7800522
115.7200012
115.6635361
115.6143036
115.528656
115.4465332
115.2871399
115.147789
115.033577
114.9199982
114.8338699
114.7009277
114.5789032
114.4853668
114.3604279
114.2357941
114.1904297
114.1970825
114.2683182
114.4035339
114.5806961
114.83078
115.1197128
115.3384018
115.6376801
115.9141922
116.1801605
116.453064
116.7205658
117.0088959
117.2671356
117.4306259
117.6756058
117.8441391
117.9594498
118.181572
118.4657364
118.8019485
119.093399
119.4240646
119.5790939
119.7658234
120.034111
120.3106537
120.5360031
120.5697327
120.5480347
120.4589691
120.3096313
120.1701279
119.9380264
119.6602249
119.3707809
118.9912186
118.6295395
118.1576538
117.6852417
117.1250839
116.5349731
115.9228134
115.3127594
114.6840286
114.0701447
113.4626083
112.7941437
112.1447754
111.6593018
110.896637
110.2106018
109.7052994
109.2312088
108.8189926
108.4604111
108.0811539
107.8055496
107.4374237
107.1267853
106.7867661
106.4688568
106.1589661
105.8919296
105.6149292
105.3524475
105.0566711
104.7745285
104.2304916
98.8381805
103.5796356
104.1220779
104.1367798
104.1408463
104.1233826
104.1665344
104.2697067
104.4191818
104.7676392
105.446167
106.273735
106.7576523
106.7879715
106.8027039
106.9100647
107.0806274
107.265274
107.4355316
107.6327057
107.7679214
107.8922043
108.0585175
108.2047958
108.4188385
108.6181107
108.8809891
109.1834335
109.5518112
109.9983826
110.468399
110.7873993
111.1363754
111.4772415
111.7876358
112.0752411
112.3812103
112.7052612
113.0498581
113.445137
113.8236084
114.0690536
114.3354187
114.5102615
114.634819
114.6880722
114.7524872
114.9091339
114.897728
114.6760941
114.4394226
114.1078491
113.7049179
113.2678146
112.8094177
112.2643356
111.7095184
111.110878
110.5641327
110.0986328
109.7628021
109.4367752
109.2146759
109.0651016
108.9510269
108.9041748
108.9452362
109.0239792
109.1799774
109.4199142
109.7180405
110.0327225
110.3551941
110.7248611
111.1201553
111.5156708
111.9928284
112.4854431
112.9326553
113.3386459
113.7426834
114.0799561
114.3907928
114.7279587
115.0077362
115.3655701
115.6545639
115.8692322
115.686882
115.4893112
115.3503113
115.2142639
115.1304779
114.9613495
114.8028641
114.5769806
114.3099518
114.0154877
113.6117554
113.1986542
112.702652
112.2205429
111.7636871
111.3297424
110.8939209
110.4530029
110.0717545
109.7180176
109.4740295
109.3607864
109.3313522
109.4190826
109.543251
109.6569901
109.6785355
109.6687393
109.6298294
109.4864807
109.2846451
109.0129318
108.6837006
108.2919617
107.8543015
107.344101
106.8376846
106.3008499
105.7832413
105.2366257
104.7039108
104.0964584
103.5051422
102.8669357
102.2561646
99.1179886
98.2733383
97.8673706
97.7429123
97.8896408
98.1792603
98.3912735
98.5240097
98.4199677
98.1909409
97.8268585
97.2778015
96.6867447
96.0011444
95.2985916
94.678215
94.011261
93.3191299
89.9445038
88.8722839
91.9285202
91.9049072
91.9963608
92.1923065
92.6379471
93.2488174
93.975769
94.7887573
95.6442795
96.4856873
97.3379593
98.1319427
98.9454269
99.7674561
100.732193
101.9067841
103.1420059
104.4496155
105.5955353
106.7333527
108.0334091
109.2906876
110.5739517
111.9122009
112.8932877
113.7562485
114.4115219
114.8499985
115.022049
115.1679153
114.8788528
114.631073
114.6969604
114.9848251
115.3105545
115.6790543
116.2225952
116.4639664
116.4901352
116.3118896
115.937912
115.3482437
114.5232162
113.4770203
112.2342606
110.7865219
109.4351196
108.0760345
106.7035294
105.1990433
103.7516937
102.8307114
102.404007
102.3693237
102.7035751
103.0081863
103.3195877
103.5882263
103.9861755
104.5253754
105.1267853
105.6944122
105.9571457
105.800087
105.2869568
104.348114
103.4027481
102.3858414
101.4226532
100.47229
99.5288239
98.7251053
97.9060822
97.2744522
96.8555679
96.5233383
96.2029266
95.643486
94.965744
94.1824188
93.5257034
92.8993073
92.3449173
91.9215927
91.5455475
91.2349243
90.9437103
90.6689987
90.3616943
90.0481339
89.7478867
89.5312347
89.2549057
89.0055695
88.8185349
88.5788269
88.3562698
88.1761093
87.9826965
87.9671478
88.0182037
88.0162735
88.0501785
88.2666092
88.5876694
88.9000244
89.2213745
89.510643
89.2631073
88.3742828
87.0191498
85.6639862
84.3709869
83.2775955
82.3825378
81.6903992
81.2148132
80.9624176
80.8670502
80.9831696
81.3121567
81.7954102
82.4003677
82.3631363
81.7562027
80.7467651
79.5077209
78.376297
77.1567764
76.0287018
75.0757294
73.9200363
72.7209473
71.6862488
70.7664108
69.4393692
68.6813583
68.1524124
67.6437607
67.2508926
66.7975388
66.2979889
66.0216675
65.749588
65.4990005
65.1934891
64.9318619
64.7264404
64.400383
64.0848541
63.6817169
63.3578568
62.8984337
62.2941208
61.7259789
61.1744537
60.7110481
60.2178307
59.7391396
59.2839966
59.0481186
58.807682
59.0567703
59.5013809
59.6241951
59.5008087
59.2909317
59.0051079
58.6541557
58.3784904
58.0840492
57.7763519
57.4166412
56.9261322
56.0958443
55.08424
53.9404716
52.963459
51.8404846
50.9986229
49.9077759
48.1449432
48.5546188
48.0861244
47.8765259
47.8616409
48.0232048
48.2209511
48.4395485
48.7014084
48.9620514
49.1718292
49.4066277
49.6195869
44.3047829
42.7039261
50.2375603
50.6389656
50.829731
51.0933228
51.2218094
51.264328
51.3838997
51.4302139
51.4472389
51.5842972
51.6725883
52.0714493
52.408947
52.8632736
53.4511604
54.3072853
55.5654678
56.9539871
58.3670311
59.8003387
61.4808388
63.0056801
64.5362473
65.5963058
66.5648422
67.1774292
67.5607758
67.6819916
67.4706573
67.8468857
68.5739365
69.2629929
69.4013367
68.7552261
68.6709518
68.3955841
68.6379852
68.9021759
68.8835678
68.4981766
67.9121704
67.4837189
67.2310257
66.9710846
66.8571014
66.7454376
66.653862
66.408638
66.1943207
66.0248947
65.9267273
65.8457794
65.9849854
66.2699356
66.7981567
67.4501419
68.0471725
68.4482117
68.8101196
69.056282
69.2357559
69.3895264
69.6657028
70.0320511
70.4319916
71.0277176
71.5563583
71.7558365
71.9929657
72.2474976
72.4080048
72.6059799
72.8504486
73.030365
73.2861328
73.6161423
74.1708221
75.0709763
76.0588074
76.6269455
76.2788544
75.7245712
75.349823
75.2366943
75.2416458
75.1647491
75.1266937
75.0357971
75.100853
75.1338272
75.2292252
75.2866516
75.4756393
75.6795425
75.982399
76.2993011
76.5229721
76.6121826
76.7743835
76.9706879
77.2128067
77.45298
77.7947845
78.1717148
78.6937561
79.3188095
79.8742676
80.3457642
80.8805084
81.4449692
81.9753571
82.3380585
82.4892044
82.6158295
82.7594299
82.9364853
83.1893158
83.4688034
83.8326645
84.2336349
84.498703
84.2653275
83.921608
83.9037476
84.0411606
84.2808685
84.5989227
85.0853043
85.7746429
86.5146103
87.1169815
87.5797958
88.1115494
88.5351181
88.2433167
87.8823318
87.4056396
86.5728302
85.3959351
84.4936142
83.6330109
82.9188309
83.0215759
83.377594
83.7815094
83.7566528
84.0085602
83.8503113
83.8799973
83.8499985
83.7927628
83.7799988
83.7818832
83.7302856
83.6970215
83.7743149
83.973999
84.3013992
84.739296
85.3317184
85.8401794
86.2704391
86.8149643
87.3258057
87.7446289
88.0891037
88.432785
88.7684097
89.2611847
89.6639099
90.0141296
90.2421646
90.1111908
90.2623596
90.4555969
90.5807724
90.5697021
90.6675644
90.7958069
90.8710938
90.9206009
90.9717407
90.9709702
90.9574509
90.8571472
90.7887039
90.704422
90.6346512
90.5299988
90.3524704
90.1794205
90.0319443
89.9493942
89.8043365
89.6688004
89.517067
89.4513855
89.4721756
89.5341721
89.5555649
89.5526047
89.6648788
89.7525253
89.8396988
89.9467392
90.0423126
90.1434708
90.2866364
90.4384613
90.5298157
90.5658188
90.5821304
90.5816727
90.5748367
90.5326233
90.4936295
90.4609604
90.4045029
90.3243637
90.4059067
90.4021912
90.5632935
90.4896698
90.4199905
90.4848022
90.5910416
90.6004333
90.6064911
90.6441727
90.7014542
90.7532043
90.6640167
91.0408478
90.7913361
90.8703232
90.7973175
91.0113297
91.1666641
91.3453293
91.6865845
92.01754
92.2843246
92.4065399
92.5738602
92.7064209
92.8099518
92.9214706
93.0644608
93.1481171
93.3122711
93.4244843
93.5074539
93.629631
93.8271866
93.9113159
94.0357513
94.0261993
94.0826645
94.1215515
94.0261307
94.0036621
94.0072632
94.0337906
94.0612335
94.1610336
94.1894836
94.1334915
94.1333618
94.0763016
94.0959625
94.0581589
93.9906387
93.9627914
93.9245834
93.917984
93.8507309
93.8157883
93.7821121
93.7290649
93.7130356
93.6806412
93.6461334
93.5732422
93.6000519
94.7046051
94.8951645
95.0350571
95.170845
95.5257263
96.1477814
96.0612335
95.9802246
95.8223648
95.6378632
95.3555222
95.3401413
95.5066833
95.6556549
95.5888977
95.1423035
94.8485947
94.3204651
93.872757
93.7470322
93.4046631
92.9548798
92.1511993
91.2917175
90.8038864
90.6536484
90.2023544
89.8399811
89.5183945
89.1391907
88.8265533
88.5984726
88.2472305
88.3016129
88.5302887
88.3304214
88.4401474
88.5651779
88.6525803
88.5922852
88.4541931
88.209053
87.87146
87.5541763
87.1986313
86.8747559
86.4720001
86.0342941
85.452652
84.8973389
84.346138
83.7873764
83.2397842
82.8288422
82.4530869
82.1927872
82.0608902
81.9763794
81.7906799
81.5407486
81.2395554
80.9008636
80.5839462
80.4057617
80.1113129
79.80233
79.5735321
79.3647766
79.0640259
79.0198746
79.197403
79.4158554
79.469223
79.3307724
79.1052933
78.7808838
78.6067429
78.3546143
78.0689774
77.7921753
77.4721298
77.1497879
76.7693481
76.4046402
76.1060791
75.8210754
75.4647827
75.2024765
75.0105438
75.042366
75.0949402
75.187439
75.2298355
75.1222305
74.9864044
74.8776169
74.7340012
74.585144
74.5335159
74.6638336
74.7839584
74.6365814
74.1460724
73.33992
72.2765427
71.1742935
70.041153
68.9463501
67.8274765
66.7879105
65.9869919
65.3842468
65.0816116
65.0419159
65.2399139
65.3600235
65.3243179
65.0923767
64.6101685
64.0050659
63.3712311
62.8693695
62.5575371
62.3901291
62.5053787
62.7286034
62.8266106
62.7107544
62.7404366
62.6536865
62.636734
62.474659
62.2509499
61.9844894
61.6766357
61.3438606
61.0182953
60.7125587
60.4110527
60.0613136
59.7315598
59.4129677
59.4253845
59.4318581
59.5142288
59.6161652
59.681591
59.6639252
59.5508842
59.4733238
59.40765
59.4790573
59.7642212
59.9543915
60.0546341
60.0924301
60.0231743
59.9410858
59.8919449
59.8308144
59.8210449
59.8337173
59.9345589
60.0223389
60.0645638
60.2277603
60.3570023
60.5552788
60.7005959
60.8347321
61.0153809
61.1435051
61.2881889
61.4130058
61.5612488
61.8968658
62.2302895
62.5564728
62.8782959
63.1545715
63.4676514
63.7397881
64.0439301
64.3890762
64.7403183
65.0052643
65.3264389
65.6331787
65.8417053
66.0893478
66.3716812
66.6853714
66.9167328
67.061409
67.5256577
67.7983932
68.0942459
68.3806992
68.466835
68.1714325
67.797142
67.1590347
66.2407303
65.1172104
63.9664764
62.8926086
61.8389435
60.8461685
59.6956062
58.8693962
58.28619
57.9942703
57.8324852
50.2799988
57.6069069
57.5335655
57.4027748
57.3179512
57.1271019
57.1363182
57.3053551
57.4349174
57.7874222
58.1715126
58.6566277
59.2997932
59.9776344
60.7458038
61.441555
62.1350365
62.8622665
63.5880203
64.3568878
65.0727539
65.8843079
66.9769821
67.7604904
68.5244827
69.1406784
69.8551636
70.5403214
71.227478
71.689621
72.0082245
72.261055
72.542717
72.7382584
72.7326431
72.7941895
72.8619995
73.6552505
74.3945312
75.2118607
76.1906204
77.2864456
77.9788513
78.467598
78.7818298
78.8332901
78.6392517
78.2878113
78.0665359
77.8841705
77.8655167
77.9055252
78.0730667
78.2501602
78.5047302
78.9624634
79.3506851
79.8262253
80.2186279
80.4498901
80.9145203
81.533989
82.0404129
82.6871262
83.1632309
83.343132
83.4062119
83.2472458
83.1553345
82.7728271
82.4136047
82.0257721
81.6364517
81.2938919
80.8623581
80.4834976
80.3269501
80.212532
80.1669769
80.391655
80.3795929
80.5362473
80.6667709
80.934967
81.4736404
81.9417419
82.5003204
83.0115433
83.5411835
84.060791
84.6692047
85.0151062
85.1894302
85.1568604
84.8235855
84.3160553
83.5089493
82.5118866
81.2688522
79.8114929
78.1822739
76.5818634
74.9022751
73.350769
72.0211639
71.0647507
70.4647369
70.1884003
70.1779633
70.3823929
70.4397278
70.4189758
70.1508026
69.6547775
68.8776703
67.6970291
66.6889877
65.9740448
65.303566
64.8101273
64.3410645
60.2585983
64.048645
64.1078568
64.3665924
64.7296219
65.2719193
65.9113007
66.2165527
66.6150513
66.768837
66.3768311
66.9307098
69.0597839
68.5879974
69.8294525
71.2580338
72.5753632
73.0376892
74.1545181
73.6636276
73.7301636
74.1878967
74.3788376
75.3140106
75.7170715
75.165329
76.2870026
77.4779587
78.7442703
78.1964417
77.7850571
77.3881989
76.850563
76.1484756
75.7179565
75.0099335
74.7468262
74.3243561
73.7640076
73.2881775
73.2722702
73.6170044
74.1378479
74.6104126
75.2175522
75.7562714
76.2805252
76.7643433
77.3810501
77.9312592
78.5135269
79.0049896
79.5564346
80.0965958
80.6045227
81.0727081
81.5793533
82.1507874
82.701767
83.1785812
83.6539459
83.9321213
84.0592041
84.0226593
83.7696381
83.4581604
83.0436325
82.7436905
82.3635178
82.0679398
81.7410507
81.4074478
81.0942307
80.8781128
80.7479858
80.686348
80.7742767
80.9292221
81.1374512
81.2403793
81.3774796
81.6105804
81.6977005
81.7848053
82.2175751
82.1458435
82.2071075
82.6064148
82.4642563
83.2077637
83.57061
84.4629288
85.3917007
86.1002884
86.7983932
87.4951706
87.8686371
88.5439682
89.4549713
90.3888397
91.2811432
92.0372925
92.755867
93.4712143
94.2371826
94.8509064
95.5102844
96.184433
96.749115
97.1226883
97.3688812
97.6433411
97.8050079
98.1023712
98.0339966
98.4351425
98.5178833
98.7817154
99.1425552
99.6032867
99.9442291
100.2097473
100.5278702
100.7639008
101.0023727
101.2708664
101.498642
101.7600708
101.8874283
101.945816
101.8797989
101.719017
101.4304428
101.1206589
100.7897949
100.5682983
100.2807541
100.0053024
99.7047653
99.3849335
99.0174713
98.692543
98.3352966
98.1536636
97.8375778
97.5204239
97.1437149
96.7924042
96.5433426
96.2850876
95.9882431
95.6937714
95.3862
95.0495682
94.7045441
94.3387756
94.265274
94.2978745
94.4879608
94.6223221
95.002739
95.3402863
95.8836441
96.3129959
96.705658
97.1343002
98.3680115
98.843689
99.2173386
99.5353165
99.7039413
99.9144669
100.0265884
100.0034332
99.9261475
99.7597122
99.5927429
99.4043427
99.2506561
99.0642014
98.8895187
98.6389313
98.4457397
98.2462234
98.0811539
97.9268951
97.7484512
97.5843048
97.4143448
97.2335205
97.033165
96.8473053
96.697464
96.4859543
96.3414383
96.1799393
95.9852676
95.8569031
95.655014
95.4564896
95.3016968
95.0940781
94.8069916
94.3394012
93.8959427
93.3549423
92.7051849
92.0270386
91.373909
90.7793808
90.1302795
89.4726868
88.7418594
88.1031113
87.41819
86.768074
86.0205765
85.2599106
84.5975418
83.8973999
83.2238922
82.6036453
81.9097748
81.2310867
80.6065903
79.9938431
79.4475174
78.9236603
78.7017441
78.5254135
78.353714
78.2083817
78.0562515
77.8329391
77.6085739
77.4147186
77.2707977
77.0931091
76.9309311
76.7646637
76.6830597
76.7988205
76.9780197
77.3956833
77.8963165
78.4553757
79.0091095
79.5532379
80.0664978
80.6241226
81.217041
81.7795868
82.3588562
82.9673767
83.574173
84.0926514
84.5970535
84.9420013
85.2096863
85.3594208
85.4228745
85.3899994
85.3283386
85.2894363
85.3727112
85.4157486
85.5172195
85.5202026
85.5184479
85.5230179
85.6755066
85.6259766
85.4404144
85.1785049
84.8810196
84.5454025
84.2288055
83.9110184
83.4915466
83.2012787
82.9847488
82.8536606
82.8252182
82.8959732
83.0045319
83.1544266
83.3109283
83.4131012
83.5257721
83.661377
83.7771988
83.8583755
83.903595
83.9896317
84.0058899
84.0154266
84.2930984
84.5605621
84.9436035
85.2616959
85.5407257
85.6069336
85.4863663
85.3250046
85.2441559
85.3730469
85.7209625
86.1542969
86.5668259
86.9962845
87.340477
87.5194092
87.38517
86.6660156
85.9056091
85.3527832
84.419136
83.0182343
81.9445877
81.1647797
80.2261734
79.312645
70.4142075
66.1060333
76.1244049
76.7455978
76.693306
76.8129883
77.1562424
77.509285
77.9289093
78.1813278
78.3424301
78.2487335
78.0016022
77.6995621
77.4679108
77.0200272
76.5841446
76.4150848
76.4659576
76.8882065
77.574295
78.0203018
78.4935074
78.9257889
79.473877
80.0115509
80.355545
80.8226395
81.4111557
82.1480484
82.9989014
83.7680359
83.8513794
83.5087357
83.0716324
82.612587
82.3516922
82.2123566
82.1899872
83.5810242
83.7254715
83.9080887
84.310585
84.6016159
84.9538498
85.0520325
85.0223923
84.9035721
84.8039703
84.7421875
84.6411057
84.4122086
83.6986237
82.6007156
82.0008926
81.8984222
81.9466934
81.9972687
82.2193985
82.7875519
82.9278183
83.1835251
83.7838898
84.3160553
84.6446381
84.7626572
84.6839981
84.5315857
84.4996414
84.7274323
84.9294739
85.0231552
85.0840988
85.0384445
84.9072952
84.7359695
84.561821
84.4620056
84.4083862
84.706459
84.9715118
85.0242233
85.033165
84.9289017
84.7892761
84.867485
84.9322891
84.7201996
84.2098541
83.5382996
82.8905182
82.4562302
82.0867996
81.7353745
80.9847794
80.2745743
79.6480255
79.379982
79.0132599
79.2466278
80.9764252
82.2529449
83.8279724
84.6418457
84.9463425
85.8604355
87.419075
87.8971024
88.121666
88.1371307
88.1471634
88.1508789
88.1472244
88.0863724
87.9977951
87.9478149
87.8814011
87.5546265
87.3831558
87.5577316
87.8041916
87.7277908
87.6539001
86.8970261
85.0192108
84.9829407
84.7320862
84.7989883
84.5824661
83.9720917
84.1710434
83.6155548
83.4437485
84.3514404
84.8739548
85.1550598
85.7588043
86.3847733
86.8502808
86.9526443
86.868103
86.7621231
86.6490173
86.5169907
86.4054565
86.2660751
86.1916122
86.1605682
86.1806335
86.2349014
86.3453369
86.4628296
86.5450287
86.5910645
86.5739975
86.5426407
86.5211868
86.4498367
86.4260712
86.4421082
86.6853485
87.1165314
87.4711761
87.7817383
87.9880753
89.1714478
89.7899475
89.7339554
89.5213928
89.298912
89.1727295
88.9978409
88.6608429
88.2767639
88.1762161
88.2388687
88.6138306
89.3461151
90.1952591
90.9488373
91.328537
91.0138474
90.8992691
90.6459808
90.3737946
90.1293335
90.0586853
90.1744232
90.3718948
90.6145554
90.7689285
90.862709
90.9383469
90.9185944
90.8366394
90.5783615
90.1708527
89.6517029
89.1101685
88.4908371
87.7738724
87.0088882
85.7343597
85.1931381
85.4367981
85.5130386
85.7399979
86.3632584
86.5566406
86.1359558
86.192688
86.4287949
86.2233353
85.942276
85.600235
85.1219482
84.2443695
83.3284454
82.5677567
82.1099854
82.0663528
82.0687561
82.1215897
82.2319641
82.3662109
83.2318802
80.8771133
79.0771179
83.6205673
83.7339401
82.3038635
82.5518494
82.7612152
83.2819748
83.020874
82.8218918
83.1624069
84.0844727
84.8134155
85.4897308
86.1838455
86.9587631
87.6457748
88.6374741
89.3406372
90.2446213
90.9487228
91.3429947
91.8059921
92.1123199
92.6971893
93.1978912
93.5931396
93.8998718
94.0763474
94.331604
95.0920792
95.9811554
96.6673889
97.2375946
97.6692505
98.0693665
98.4741287
98.9745483
99.4764786
99.4936066
99.5127945
99.3837051
98.4770813
97.3734283
97.3095016
97.2467041
97.207222
97.209549
97.2615204
97.2878647
97.2037506
96.863327
96.7986069
97.0884171
97.8802338
99.2385178
99.9719849
101.6231613
102.1120529
101.1210556
100.4380722
100.1525116
99.3223801
98.6841507
98.3544998
98.1362076
97.8513107
97.4355392
97.2755661
97.1251068
96.830864
97.0082855
97.5153122
99.9249039
101.6049347
102.9977646
103.0877075
102.9485855
101.687149
100.1803665
99.1058121
97.3136673
97.0601959
96.3756714
95.3096237
94.3587952
95.4562836
96.9124222
97.4993057
98.1373825
98.6249313
98.9512482
99.074913
99.0377121
98.4721451
97.6300125
97.5491791
97.6165695
99.5688705
100.7214661
101.1677933
101.3552322
100.8920135
100.4347916
100.2197952
100.2509232
100.2192841
100.1980515
100.2268753
100.2170029
100.1170807
99.4550552
98.6191559
97.8535614
97.3429947
97.17173
96.5690308
95.9475555
94.3071442
93.9311371
93.6845474
94.0725937
94.2779312
94.0619431
93.235527
92.4553909
91.7102737
91.3142929
91.3099442
91.3117218
91.3143768
91.2718353
90.9582596
90.7336807
90.6072388
90.2124634
89.4977722
88.8927231
88.595932
88.4351501
88.3046799
88.1781235
88.1555328
88.1664658
88.1623459
88.1633606
88.1625061
88.268425
88.9531555
89.6279221
90.0970612
90.135231
90.3014755
90.4525909
90.443367
90.5174789
90.8593369
91.1078873
91.1659775
90.9128494
90.4367371
90.0944748
89.6445847
89.1543808
89.4026031
90.1268463
90.6940994
91.1223602
91.6543427
92.4630051
93.2797546
93.885704
94.3754578
94.8973389
95.7261276
96.5711975
97.2517014
97.6221237
97.8471985
97.8992157
97.7541046
97.4369125
97.1808624
96.8910675
96.6803589
96.3938293
95.9394608
95.5675125
95.4754181
95.266983
95.0794983
94.9917984
94.9062881
94.7375641
94.5578003
94.2739029
94.1766891
93.6191025
91.8161087
91.0598145
90.6187057
89.7005386
88.5733032
88.2942886
88.367569
89.5326462
90.4345703
90.8423691
91.0807953
91.3849564
92.3708115
93.313942
93.8625793
94.1652679
94.4577179
94.8648529
95.1201553
95.1173782
95.1388245
95.0937958
94.9421692
94.6357651
94.2593918
94.1277847
93.9248886
93.6132507
93.3579559
93.187767
93.0058517
92.6091232
92.1032333
91.8806229
91.8176727
91.8363342
91.861145
91.819519
91.6184311
91.3238678
91.2727203
91.4877014
91.7910919
92.0826111
92.3242111
92.5247269
92.7324066
92.9021378
93.0389709
93.0702438
93.0560989
93.2387009
93.5331268
93.8238068
94.1141586
94.5143433
94.8454971
94.893959
95.5387268
96.5613251
97.1868896
97.1212006
95.5248642
94.7803345
94.1495132
93.3452148
92.5639877
91.8812866
91.5347061
91.0414047
89.8367004
88.9338455
88.6037064
89.1380005
89.6838684
90.1203766
90.5831299
90.8823776
90.7700882
90.4230194
90.009697
89.5500793
89.0373535
88.658989
90.0861511
91.2560654
91.8017807
92.3378906
93.2027054
94.0824509
94.203186
94.7501526
94.747879
94.6404953
94.9402466
95.2186584
95.1908112
95.3201752
95.6872787
96.0237961
96.2444229
96.3108673
96.1840668
95.9020767
95.5420609
95.4632492
95.4623184
95.7741623
96.1353455
96.4822159
96.7577591
96.7915726
96.1092758
95.6250229
95.3531418
95.1766815
95.0286179
95.1208801
95.8003922
96.1624451
96.5186234
96.698761
96.856308
97.1689224
97.3464508
97.5260849
97.3500443
97.1809616
96.7379227
96.2676163
95.4727631
94.7064743
94.5703049
94.6186295
94.6768112
94.8332901
95.1889267
95.3408051
95.5252228
95.799675
96.1059341
96.4228439
96.7710037
96.8493881
96.7033463
96.3415375
96.3372421
96.6983871
96.9677582
97.1735153
97.4233704
97.6971817
97.968132
98.2663498
98.663475
99.1138
99.5120163
99.900795
100.1449203
100.4990311
100.7169342
100.6993713
100.4210358
100.0951538
99.9166489
99.9016113
100.1706009
100.3780823
100.4040146
100.3586578
100.3112869
100.0365295
99.7257156
99.486824
99.3090668
98.987999
98.5351715
98.1348953
97.8437424
97.6854553
97.6377258
97.6189117
97.5857468
97.4984207
97.3989334
97.3428497
97.3144684
97.1700134
96.3958664
95.3156281
94.4366684
94.2747955
94.2516327
94.1708374
94.1277008
94.0963211
94.0718384
94.0144806
93.8472519
93.6360397
93.4073868
93.1739426
92.8996582
92.6123428
92.2611847
91.9226913
91.5892029
91.31073
91.2345657
91.2246552
91.173172
91.0759354
91.0494614
91.0630493
91.079567
91.0850296
91.0675735
91.0374832
91.0038376
90.977829
90.963028
90.9379654
90.8775482
90.703743
90.4256134
90.0795441
89.6224823
89.1101379
88.6442184
88.3700256
88.3471985
88.3149796
88.1622391
88.0816269
88.0763397
88.0780487
88.0807114
88.0779953
88.0800323
88.086319
88.0882721
88.083786
88.0768661
88.0559464
87.8994217
87.60215
87.296051
87.1130981
87.1597519
87.4109497
87.7525101
88.12883
88.1599426
88.1637726
88.1775742
88.2462463
88.2727127
88.2812805
88.264534
88.2671585
88.2804413
88.2929916
88.2155685
88.1838684
88.1754303
88.1769943
88.1736832
88.1740265
88.1478424
87.4769211
86.9637527
87.0523224
87.2500534
87.4510803
87.5408096
87.3058548
86.6358795
85.8047028
85.4962234
85.2093506
84.8353577
84.5032043
84.1709595
83.8146362
83.4430313
83.1019211
82.8157806
82.599205
82.4141388
82.2072525
82.068718
82.0656357
82.0683975
82.0633087
82.0580597
82.0586624
82.0590286
82.0569077
82.0562363
82.0552826
82.0538788
82.0552368
82.0556717
82.0508804
82.0445251
81.9858093
81.9145355
81.9674377
82.0224686
82.0638199
82.0920715
82.6825256
83.4774857
83.9360809
84.2271194
84.5160522
84.6204681
84.544487
84.4222488
84.2550888
84.0954056
83.9161987
83.7290497
83.623642
83.5763474
83.5243378
83.5185928
83.52845
83.502861
83.5526581
83.6748581
83.9136887
84.1468277
84.1109009
84.5067673
84.8501968
85.1051865
85.1430511
84.9089584
84.1807327
83.6668015
83.6441193
83.7402344
83.8684921
83.8606033
83.7224197
83.528595
83.4686966
83.4635239
83.3330002
83.0752792
82.8310928
82.5970383
82.4171524
82.3312759
82.2475967
82.132843
82.0826416
82.218071
82.3644409
82.450943
82.5848694
82.7672119
83.057869
83.3711014
83.6752701
84.0541687
84.4973068
85.0052948
85.5509109
86.1664734
86.9904099
87.6503296
87.9635162
88.1513214
89.5570526
90.8285294
91.0436172
90.8716202
90.3356552
88.2411194
83.914772
78.2446518
77.5800323
77.4568253
77.9820328
81.946167
84.2845764
84.1157227
83.8292236
83.6531143
83.2770691
83.2874832
83.9877319
84.8472519
85.6415939
86.547226
87.1334
87.3053818
87.7285614
88.2459793
88.5650558
88.7243652
88.8095245
88.7325363
88.6921768
88.5261841
88.3039246
88.1406631
88.269577
88.4525604
88.7309418
88.906189
88.8446732
88.5245895
88.2950439
88.1964493
88.0691452
87.8771973
87.5354767
85.0391769
85.0774078
85.1028442
85.1088715
85.1149139
85.1179962
85.1179886
85.1128006
84.9738007
84.7411346
84.5222015
84.3253174
84.127655
83.9279556
83.7309723
83.5358887
83.3408051
83.1420898
82.9399796
82.7323837
82.5091553
82.2772675
82.0871353
81.9910736
81.9143066
81.8285751
81.7496796
81.7079468
81.7090836
81.7252274
81.754425
81.7990952
81.862999
81.9197083
81.9548492
81.9700012
81.9688034
81.9675903
82.0091934
82.0551834
82.083313
82.1495514
82.4531021
82.892601
83.3485184
83.781517
84.1671295
84.4715652
84.6940231
84.8502274
84.9715958
85.0681381
85.6759186
86.6421661
87.3890686
87.9063873
88.3725052
88.8621292
89.3870239
89.8711472
90.28965
90.6121445
90.8600616
91.0089188
91.1569824
91.4707565
91.8634415
92.3600922
92.8455734
93.2573318
93.5456467
93.733223
93.8391113
93.8916321
93.9512024
94.0607529
94.2975159
94.6723328
95.0993195
95.5415421
95.9883881
96.431366
96.8590622
97.2522202
97.5380936
97.7856216
97.9988022
98.1703033
98.2685394
98.2636414
98.1108322
97.7987976
97.4176254
97.2541046
97.2037811
96.810524
96.0993118
95.3718491
94.6994171
94.0269394
93.3334198
92.616806
91.9102325
91.27314
90.8296051
90.427063
89.9988937
89.5652313
89.1567078
88.9702072
88.8621216
88.7666321
88.6089859
88.3659134
88.0690002
87.740799
87.3782425
87.0529251
86.6749115
86.3208847
85.9967499
85.6529007
85.384903
85.3073349
85.5434036
85.818634
86.0061264
86.1402969
86.2656097
86.3316956
86.4072495
86.5437317
86.6926727
86.8431931
86.990799
87.1319962
87.274826
87.4057465
87.5331573
87.6750717
87.7640457
87.7995911
87.8538666
87.9659195
88.1309891
88.4498596
88.7733612
89.0351028
89.2691116
89.4826279
89.7043839
89.9488983
90.1819077
90.4042435
90.6274338
90.8753052
91.0248871
91.144455
91.254425
91.7007751
92.1722183
92.4569244
92.6576538
92.8209915
92.9370575
93.0022507
93.0559921
93.1336823
93.2233353
93.2975388
93.3937149
93.4966431
93.5649261
93.6316833
93.6726532
93.7047348
93.7279739
93.7319031
93.7287598
93.7270584
93.7245483
93.6580963
93.5869293
93.5557022
93.5192184
93.515831
93.5038605
93.4746094
93.4374619
93.3818665
93.2281876
93.0275269
92.7924271
92.5259781
92.2290878
91.9113846
91.5682144
91.211113
90.8191605
90.4216614
89.8776016
89.1800842
88.503952
88.1033249
87.9625931
87.8223877
87.6673126
87.5311279
87.3604279
87.1554489
86.9317856
86.7009048
86.4732208
86.2393188
85.9998093
85.7864761
85.6005478
85.4063263
85.1697311
85.0101242
84.9096222
84.8171997
84.7295609
84.6494446
84.571228
84.4977646
84.417038
84.3356094
84.2799911
84.2173767
84.163353
84.1284485
84.1150436
84.081749
83.968338
83.853508
83.7744293
83.7704849
83.7527313
83.716217
83.6531754
83.618866
83.6835022
83.8191605
83.9557724
84.0971832
84.2415771
84.382988
84.5160217
84.6451721
85.3298035
85.5022354
85.6769714
85.8358307
85.9861832
86.1274261
86.2694778
86.4157333
86.5719604
86.7353821
86.9098816
87.0822067
87.2686539
87.4659653
87.6582336
87.8205948
87.958107
88.0540848
88.1409378
88.1840363
88.2306366
88.2541046
88.2372818
88.1645889
88.0440826
87.8485947
87.5105515
87.0914536
86.7102661
86.4857712
86.4845581
86.5772629
86.6821823
86.8137436
86.9263687
87.0434036
87.1448669
87.173912
87.1595078
87.1517792
87.1213837
87.089325
87.0484619
86.9540787
86.8159714
86.6855316
86.5934753
86.5541611
86.5889053
86.6531982
86.7031631
86.7589722
86.8285522
86.9222794
86.9985046
87.0601044
87.1136932
87.159874
87.2477875
87.3418884
87.3700714
87.3718643
87.3798981
87.424408
87.4816208
87.5581207
87.6327209
87.7174835
87.796524
87.8753433
87.9534302
88.039444
88.1141129
88.1982574
88.3164215
88.4284821
88.52388
88.6094818
88.6965103
88.806282
88.9116135
88.9905167
89.0573196
89.1304169
89.2419434
89.3786011
89.4855423
89.567215
89.6421356
89.6988068
89.7314682
89.7741394
89.9726105
90.2330704
90.2950058
90.0914536
89.8440399
89.8003082
89.7996979
89.7604904
89.7094498
89.6854401
89.6832733
89.6618347
89.581131
89.4988632
89.4765778
89.5433273
89.6009216
89.6230698
89.567337
89.5153885
89.5920334
89.7781982
89.8433533
89.7956848
89.8635406
90.0501251
90.268692
90.4132996
90.5265808
90.6226425
90.6946335
90.7675552
90.8489838
90.9494324
91.0494003
91.1295776
91.1650391
91.1847763
91.195282
91.2919464
91.6053848
91.9976883
92.4736557
93.0083466
93.4915771
93.8260803
94.0506058
94.163414
94.2101517
94.2198105
94.3151474
94.6740952
94.9273758
95.2320099
95.6363831
96.0038605
96.2925262
96.4520416
96.5276718
96.564415
96.5883789
96.5896454
96.5915298
96.5805588
96.4480438
96.3265991
96.257309
96.2801361
96.3136597
96.3715897
96.4116745
96.4442368
96.6012115
96.8504868
97.0676651
97.2086182
97.3550568
97.5550156
97.7222061
97.7950974
97.773674
97.8319778
97.8581161
97.8162231
97.6780319
97.4710007
97.1677094
96.8465271
96.609581
96.3593521
96.0327377
95.6483002
95.1600952
94.6514587
94.2992401
94.2166443
94.1617126
94.1019363
93.9220963
93.4254303
92.7179337
92.4083786
92.6471863
92.9899521
93.3141174
93.5970383
93.8488541
94.0948029
94.3353043
94.8815079
95.7068787
96.6607437
97.3169785
97.4885559
97.3047638
97.2151108
97.3431168
97.414505
97.3514023
97.2134705
96.6092529
96.0090256
95.5150528
95.0564346
94.7052231
94.6437302
94.8472519
95.1073456
95.3900528
95.640152
95.8520966
96.2378998
96.6748276
97.0082092
97.1258545
97.121666
96.9554291
96.6842346
96.4508667
96.2075653
95.9549942
95.7078171
95.4043274
95.1755219
95.1466217
95.2489243
95.3206329
95.3184967
95.3151855
95.3181534
95.2902908
95.2138977
95.2396851
95.5237808
95.9908218
96.4081268
96.7351074
96.9714355
98.1820297
98.6159439
99.4183044
99.8879395
100.0183411
100.1080399
100.2975922
100.4021072
100.3689728
100.1524811
99.9790878
99.9371948
99.975563
99.9290009
99.8936386
99.959404
100.1306076
100.2506332
100.334816
100.3386917
100.3256149
100.2698212
100.1414185
99.9199982
99.4091644
98.7155304
98.0534592
97.6470108
97.5207901
97.4517441
97.4636993
97.5593948
97.7408981
97.8894272
98.0903244
98.4744415
98.9525757
99.4339676
99.8572922
100.2778778
100.6274261
100.8237305
100.9943314
100.9953308
100.8902359
100.8268967
100.8268661
100.9447098
101.137558
101.3666458
101.617485
101.8956909
102.2021103
102.5427856
102.9011841
103.2730942
103.5399857
103.7674789
104.1154251
104.4853287
104.9636002
105.609787
106.3726349
107.2406921
107.9695816
108.545639
108.8322449
109.1495361
109.3944244
109.9324646
110.7981873
111.7363129
112.58535
113.3622437
114.0101929
114.5001831
114.7757034
114.8059464
114.4589386
113.5586929
112.0974121
110.3868866
109.3362045
108.7495422
108.0309677
106.7205048
104.9008789
104.0574951
103.7991562
103.6333389
103.543396
103.4720383
103.4656296
103.4913025
103.5279999
103.4242859
103.0389938
102.3840332
101.7650757
101.1834946
100.6568909
100.161438
99.7200699
99.353241
99.0366058
98.7466812
98.4639053
98.1586838
97.8692856
97.5993958
97.4141312
97.3547668
97.3420792
97.3400269
97.3492661
97.3704224
97.440918
97.5792007
97.7475204
97.9224854
98.1062012
98.2978516
98.5624008
98.8465652
99.1549911
99.5863876
100.0660934
100.5981598
101.1144562
101.609787
102.0339279
102.3550415
102.6491394
102.9663315
103.3897018
103.9220886
104.2786255
104.4429321
104.5045242
104.5117569
104.4735489
104.4066315
104.5034714
105.0176392
105.8018875
106.538475
107.0190735
107.3429947
107.6220932
107.8019714
107.8792725
107.8763809
107.8307419
107.7612381
107.7010651
107.6537247
107.6270142
107.6088028
107.5602646
107.471344
107.3622742
107.2472
107.1095581
106.9851837
106.9485779
107.0325012
107.232666
107.4089432
107.5012207
107.495697
107.451973
107.4814758
107.5853806
107.7087631
107.8463058
107.9861298
108.2159882
108.5403595
108.8596191
109.1359711
109.2923813
109.3330307
109.3297729
109.3201065
109.2848892
109.2230225
109.0932922
108.7509842
108.318718
107.878212
107.5767822
107.3936386
107.2857742
107.2797012
107.2625351
107.1327057
106.9122314
106.6591873
106.4615173
106.3404465
106.1958771
105.9928055
105.8175125
105.7558823
105.7133255
105.6341248
105.5351562
105.4355927
105.3576126
105.4042816
105.7949524
106.3407669
106.9389267
107.2220612
107.3150177
107.3667984
107.320015
107.1799011
107.0726852
107.1881332
107.5965347
108.1534195
108.6257248
108.913681
109.0532455
109.1650162
109.2641144
109.444397
109.5009918
109.4391174
109.379425
109.2282791
109.0890961
109.0120468
108.9838104
108.9620285
108.9522858
108.9097595
108.8099747
108.6334152
108.3965836
108.1257858
107.8104248
107.4962311
107.1464615
106.8354874
106.435112
105.9995804
105.5834122
105.2460938
103.5108948
103.6386642
103.7637024
103.5959549
102.9759521
102.1759567
101.3588562
100.6153793
99.57901
98.2754517
96.7224045
95.1645203
96.4708939
99.196701
99.8827896
97.7332458
95.060997
95.4296494
98.5198898
100.6848679
101.2869568
101.5101852
101.4755859
100.9045105
100.7576599
101.3648911
101.1486816
100.2563934
100.1028137
100.0588608
100.2098999
99.1652222
96.2930984
93.4880524
92.5937042
92.5269318
92.0096359
92.0404282
93.4738693
95.7136993
96.8744202
96.4219513
95.9269638
95.7426834
95.7585907
95.7684021
95.7261581
95.7281418
96.3104553
97.1915512
98.2517319
99.5059814
100.9040833
101.8108597
102.0407486
101.6987076
101.5134964
102.3571777
103.3211823
103.6749344
104.052803
104.2853546
103.7949905
103.8421097
103.3792038
102.9249649
102.3369827
102.7713242
104.6304321
106.7624969
108.8275681
110.6955948
112.3061142
112.8673096
112.1837921
111.3149872
110.3763657
110.3688965
110.8621292
109.8398361
108.1338882
107.7298508
108.2584915
108.7505035
108.4571686
107.8560257
107.8133621
107.4915237
106.6883469
105.7310257
105.5179596
106.8537979
109.0008316
108.8091812
106.6571732
104.8563538
104.8257751
105.7643585
106.3740005
107.503746
108.3612213
108.6479263
109.1298599
109.6718521
110.0930023
110.3579178
109.4629364
108.679039
108.785347
108.4090881
107.1011963
106.7378159
106.2742691
105.6618881
105.1863708
104.8793182
104.6663818
106.3092422
110.033699
111.8428116
109.9048309
108.9455566
108.807991
109.2544861
109.6967697
109.9035492
109.9807587
110.0910645
110.2029266
110.2558746
110.5766144
111.3638077
111.6315918
112.4437714
112.6313171
113.298111
114.3065643
112.8799133
110.5758133
110.7102737
110.9970551
111.8015366
114.2631836
115.6773834
114.4256363
113.6804886
113.2698822
113.028717
113.6927032
115.1843109
116.9828491
117.6774139
118.1108093
119.1541214
119.9825363
120.7688141
120.9996719
120.2556763
118.9798279
119.0560226
120.4270554
120.7793808
120.0724716
119.1437836
118.7034302
118.7664871
118.5953903
118.2746048
119.2435074
119.7481003
119.8467789
120.3555984
121.1634521
121.7306595
121.4881363
120.5817719
119.5039749
118.5255737
118.1371841
118.0393143
118.3164444
119.2016373
119.7511978
119.7461777
120.3744583
121.3951569
122.4253922
123.5015411
124.3931046
125.1130447
125.5260391
124.3985291
123.1056213
122.7916641
122.4589691
121.2037048
119.6289444
118.7739334
118.7461624
119.377655
119.2866592
118.8717728
119.0351257
119.7380295
120.2960205
119.6324692
119.4131241
120.0875092
120.4814606
120.5572739
120.7320862
120.6520157
120.5490799
120.4805069
121.2307053
121.6116257
121.6364594
121.7384109
121.9830627
122.850029
123.7439651
124.6797638
125.6688538
126.5946884
127.2065964
127.6966705
128.6167603
129.3878784
129.4661407
129.6057892
130.2869568
131.2137299
132.0771484
132.9028778
133.7244415
134.5990601
135.6225891
136.0136108
135.0990448
133.8135834
132.6350403
131.3556976
129.4052887
127.3387756
126.6146774
126.5917892
127.7208786
127.8461304
129.6582794
130.3082581
