351.5741272
349.247345
346.678894
341.0444336
335.8501587
332.0167542
328.1034241
329.2971497
327.0303345
327.2687988
326.9541626
328.7086487
328.8409729
328.0568848
336.4928284
326.9530029
328.2954712
329.3276367
336.4116821
332.1352234
336.3200378
335.0178833
337.5449219
333.6416931
336.1975708
340.2386475
336.3182373
328.6516113
328.3418274
338.2220764
345.770752
350.6801758
344.4656372
358.2833557
348.6763306
340.3959961
330.5017395
338.2597351
330.6777649
344.3978882
336.3928528
339.7885742
349.18396
351.5908813
352.2789612
350.011261
348.4446411
351.5705872
357.7053528
354.6507263
348.5074463
345.1429138
341.3886108
329.4758911
335.8869629
331.4509888
325.9097595
323.0541077
323.4532471
328.8867188
323.1834412
329.192749
320.7217102
329.2425232
330.7431335
310.6443176
328.3139954
322.2365112
314.2518311
303.9333496
307.5500793
302.0565491
299.3658142
305.4020691
316.8637695
317.1614685
316.8544617
314.8118286
304.9609985
308.2393799
311.1209412
311.2316589
309.4387817
325.0204773
348.188385
361.1467285
356.8526611
340.7711487
344.1938171
343.997406
355.1509705
356.0305786
348.2758484
338.8213806
331.1200256
338.9928589
331.1600342
325.9637756
337.1019897
329.9931641
335.3269348
347.8296204
342.8890686
355.9586487
372.0357971
352.0699463
347.809967
355.2198792
338.8352966
340.5855713
340.1249695
368.0508118
344.5875244
302.7662659
319.8675232
300.4979553
300.7593689
295.4969482
288.0935669
292.9306946
287.1889038
284.5969238
283.3350525
278.4111023
280.0534363
284.1614075
279.9724121
284.6676331
281.3070374
278.5724182
286.0147705
288.8773499
292.335083
286.6007996
275.4611511
284.9686279
284.9013367
287.0034485
287.7340698
298.4623108
288.2749634
288.5166016
291.6885986
284.9122314
321.4649048
312.5202942
302.0241089
298.647522
301.4618835
310.9366455
306.0817566
310.7129211
318.4822083
318.3008423
312.0485229
347.2453003
373.2536926
318.2098999
325.8248291
290.3629761
298.7637024
309.7450256
319.5306396
332.8862
315.8522034
343.201416
349.4675598
395.8796387
419.3609009
433.1156006
370.8782959
354.8314514
345.5462341
332.7641907
323.1150208
305.6005554
293.4352722
298.3435059
301.7551575
304.1782837
311.9257202
304.4060364
300.196991
296.4736328
298.3546753
304.929657
304.2262268
298.2488708
292.4156189
291.4986267
290.6190186
300.5305481
304.0461426
322.5756836
333.6723022
317.08078
314.4693909
326.3385315
334.6385803
316.2160034
305.6994324
288.1095581
292.7212524
290.9517212
292.3123779
298.3054199
294.8177795
299.3774414
292.2530212
292.5435181
298.7684937
295.4584656
296.449707
312.7389526
342.3968506
333.3778381
341.9207458
336.2583313
343.9570312
344.538208
345.7102966
341.7070007
342.0630798
335.7364807
332.7758789
329.4908142
327.4570618
316.7185669
304.0261841
307.2250977
286.7250366
290.730835
287.9077148
289.5544739
298.2709045
290.6732178
283.4104614
280.9320984
285.8170471
273.2285461
277.0602722
286.8919067
283.8997803
261.6781616
280.7450256
288.8292847
298.1044312
287.8895264
269.8783875
276.3310547
