70.3609008789
70.3841552734
69.2771987915
70.004486084
70.1252365112
70.5759811401
70.7038650513
69.565032959
69.291595459
68.5975036621
68.1467208862
68.1102600098
67.6265716553
67.4567260742
67.4351425171
67.9871749878
68.66015625
68.1524276733
68.2403640747
68.7691040039
68.354598999
68.387550354
68.2579040527
68.2698898315
68.2959976196
68.5660858154
68.0072555542
68.354309082
67.9100341797
67.8038330078
68.0806655884
68.8496322632
68.1284790039
68.5461502075
68.6817169189
68.0476455688
68.6148452759
68.446762085
68.5399703979
68.7237319946
68.6018753052
68.4909667969
68.7081832886
68.8500518799
68.6895294189
68.8469390869
68.8917922974
69.2445220947
69.9473266602
70.7866897583
70.5554046631
70.7308654785
70.4072799683
70.8309783936
70.1346054077
70.1155776978
69.3323974609
69.1090621948
68.6006698608
68.5978851318
69.4033660889
68.7788848877
68.8354721069
68.7881469727
68.6313705444
68.7234039307
68.688583374
68.5589523315
68.4864807129
68.6041946411
67.695854187
69.4435424805
68.1059570312
68.2944335938
69.984161377
70.2791671753
71.3361968994
71.8211669922
72.415184021
72.3248596191
72.060005188
72.0815963745
72.4925460815
72.3694076538
72.1876831055
72.873298645
72.9550857544
73.3081283569
73.780921936
74.4444885254
74.7025375366
75.182144165
76.3060684204
76.1372299194
75.8082962036
75.5743942261
75.2247848511
75.2955856323
74.2347717285
74.5407409668
74.7375488281
75.0622024536
76.1943130493
76.5535202026
76.1387405396
75.1251068115
73.7851486206
73.6969604492
73.8010559082
72.919960022
72.055305481
72.0643463135
73.3006286621
75.3571014404
74.8696594238
74.8303375244
74.5497283936
74.6872940063
74.9488296509
74.5143203735
73.902381897
73.9641189575
73.9651412964
73.7786483765
74.3579864502
74.994682312
75.6957244873
74.2585220337
73.6488189697
74.1591033936
74.7044067383
76.4855728149
77.2523727417
77.4133224487
77.5146026611
77.6000289917
77.0138168335
76.2112731934
74.6058120728
73.7397613525
73.7489395142
74.2675476074
75.4225463867
74.7815933228
73.0710754395
72.5342025757
72.5040740967
70.8230438232
73.5848770142
75.0279464722
74.0210952759
71.5167236328
71.441368103
72.888961792
72.0803756714
70.6828308105
70.6099090576
70.3914108276
71.4824905396
73.0021438599
74.2172317505
75.7896270752
74.8899154663
73.7397994995
72.9136734009
72.6518478394
73.1886825562
74.3912200928
74.7919235229
76.7711715698
76.6949005127
75.58959198
74.8427429199
74.4563064575
74.4808044434
75.3192977905
75.9434051514
76.7711181641
77.8353347778
78.410949707
79.6837081909
80.9980163574
80.7256851196
80.0807495117
79.6440734863
78.3413772583
78.4044494629
78.5472564697
79.2765731812
79.5475769043
82.1354675293
83.4663619995
85.2789764404
87.6679458618
88.6273345947
87.933807373
88.25340271
85.4142837524
83.5716094971
83.415397644
85.5989227295
86.4768676758
87.6889343262
86.3310012817
84.6454162598
83.6504592896
82.8176956177
79.7787857056
79.6060028076
78.4094390869
77.9999008179
77.5250854492
77.4936065674
76.4557571411
77.1428451538
77.4082794189
77.7490081787
78.0956573486
78.0994338989
77.6744308472
77.0939788818
76.6906967163
75.7200012207
75.7308120728
76.1833114624
76.8040390015
77.6658248901
78.7896575928
80.0657043457
81.51222229
81.633140564
82.048866272
82.2997131348
82.2337341309
81.8182373047
81.5283737183
81.3447189331
81.1888427734
80.7133789062
80.4191818237
80.1722717285
79.5267410278
78.9574584961
78.3801956177
78.0247497559
78.3436431885
78.7705993652
79.3047714233
79.7269210815
79.5895385742
80.1127929688
80.5318374634
80.1118774414
78.9818344116
78.3107223511
78.6292495728
78.7891616821
79.4039459229
79.9612884521
80.1722640991
81.9251022339
84.0244979858
82.5074386597
80.9270095825
80.299949646
80.0728912354
79.4650726318
79.4931182861
79.5507507324
79.6732559204
79.179473877
78.8576202393
78.1393356323
77.6118621826
76.9430618286
77.3441162109
77.8323364258
77.7599639893
77.793258667
78.066192627
77.9890289307
77.688911438
78.1537094116
78.5480194092
79.2841873169
79.0988082886
78.7094726562
77.2347717285
78.2736129761
78.2264175415
78.3088684082
78.1919403076
77.2210922241
78.7523117065
79.1808929443
79.2788238525
78.6557693481
78.1776657104
77.666305542
78.2275466919
78.1580200195
77.6124420166
76.9721984863
76.7500534058
77.072883606
76.2869873047
77.1788635254
78.0073242188
79.46534729
79.4471664429
79.3547058105
78.7309646606
78.4635925293
77.6004333496
76.6582183838
76.5792160034
77.084274292
76.3212203979
76.7819442749
76.4847564697
76.3410186768
76.0529708862
76.1039428711
76.513092041
76.1265258789
75.5059967041
74.9881668091
75.9846496582
76.5638809204
76.2614822388
77.0736465454
78.6301956177
78.6770706177
79.1288299561
79.1672973633
79.3919830322
79.5070953369
79.5952377319
80.1069488525
79.7808609009
79.2565689087
79.718421936
80.6699371338
81.2633895874
79.7896118164
78.7434844971
79.6462936401
79.4918289185
80.0738143921
79.7031326294
79.521446228
79.4984741211
78.6752319336
77.4061279297
78.0448379517
78.9344329834
80.6459121704
82.5631027222
86.3586730957
84.2038269043
82.6619720459
82.2022247314
81.8983764648
82.9332733154
83.4470977783
81.3511352539
81.393409729
80.5229187012
80.4601211548
82.1655807495
83.6957855225
84.6991271973
85.3247146606
84.6915130615
86.0894241333
84.5980453491
83.1672363281
82.44921875
83.049407959
82.955406189
82.7738113403
83.1110687256
82.2518005371
80.6184005737
80.3904342651
82.2639389038
83.9022598267
83.8087615967
85.1776351929
85.3306350708
84.0772399902
82.9549865723
81.9361495972
80.9517211914
81.5462112427
82.4921188354
84.5589981079
86.0481872559
86.4882202148
86.5633239746
86.8015441895
87.655632019
87.750579834
86.7081756592
87.5783233643
86.4570007324
86.2347564697
86.5854492188
86.4170913696
86.0497970581
86.1233139038
85.9173965454
85.8212661743
85.388420105
85.57056427
86.084197998
85.8055343628
86.1629104614
86.838470459
88.0926361084
90.2604751587
90.4123001099
86.8891220093
88.523147583
89.7874526978
91.7298431396
92.0443954468
91.1602325439
90.7524719238
88.9248962402
87.2921142578
86.6973724365
87.6333007812
87.012878418
87.9617080688
87.8283309937
88.6758270264
89.661781311
90.4840545654
90.7770385742
90.9229125977
93.0573425293
90.8288955688
90.129486084
91.5177078247
92.95753479
92.8441085815
92.8241577148
94.0086669922
94.5068283081
95.815071106
96.6839294434
99.8361434937
100.441307068
100.314178467
100.654251099
99.9246292114
99.2276229858
98.4276885986
94.8855438232
97.773651123
97.8934707642
96.4029006958
97.2925796509
97.1359481812
96.1893081665
97.5498428345
96.3335571289
94.8612365723
96.4521255493
94.0785293579
92.2545013428
91.5161972046
88.5472183228
89.5865020752
90.7436904907
93.4412460327
95.3683319092
95.7373046875
99.0479812622
98.1405334473
99.9840011597
100.000793457
98.978012085
98.969581604
97.9202728271
96.9939575195
97.6919326782
97.3026275635
97.823059082
98.2807617188
98.7631988525
98.6965942383
99.1974411011
97.5406417847
98.4043884277
97.8054046631
98.8619918823
99.282699585
99.5414962769
101.691574097
101.122627258
101.032356262
100.761199951
101.276268005
101.813278198
101.458099365
102.982261658
102.898864746
102.540496826
102.250465393
103.04019165
103.218612671
103.705215454
102.581031799
101.191146851
101.859786987
102.016494751
102.075752258
102.134933472
102.635429382
103.324081421
103.288658142
102.895118713
103.890098572
102.80695343
102.301330566
101.988174438
103.004089355
102.594825745
102.649414062
104.393455505
104.160980225
102.964569092
101.48764801
101.577262878
101.17716217
99.6964263916
98.9677276611
98.7915115356
97.5186920166
96.6978683472
95.5160217285
94.8562088013
93.7703094482
93.2827835083
93.9937896729
94.8637695312
94.0887680054
95.4423370361
95.7737808228
96.6494140625
97.2243041992
97.273979187
98.6025619507
99.3638076782
99.5886688232
100.983032227
101.012886047
102.061599731
101.908935547
101.919883728
102.238922119
102.860099792
102.903831482
102.770515442
102.471611023
103.170341492
103.058769226
103.445518494
103.56362915
103.651634216
103.959754944
103.178153992
103.805145264
104.327552795
104.221046448
104.140380859
104.792198181
105.592224121
106.569190979
106.087234497
105.913650513
106.24042511
106.343597412
106.833953857
106.794013977
107.082252502
107.53653717
108.316360474
107.686294556
108.439910889
108.483795166
108.927726746
108.079498291
108.059562683
107.983505249
107.889579773
108.207199097
108.548606873
108.116668701
108.028968811
108.327140808
108.986557007
108.684890747
108.719451904
108.322662354
110.508239746
109.639228821
108.855415344
109.473648071
111.201972961
110.198806763
109.062156677
108.536727905
109.53188324
110.58997345
110.687324524
110.452140808
109.870651245
110.126159668
111.024002075
111.233459473
111.385734558
110.593231201
109.976203918
109.043830872
108.020019531
107.25227356
106.998985291
105.610816956
105.575775146
104.514221191
103.379928589
103.243125916
103.4010849
103.697685242
104.055328369
105.877876282
105.348007202
105.219474792
105.009231567
105.91860199
106.19140625
105.902458191
105.711395264
106.070930481
105.610076904
103.972732544
105.010780334
105.443954468
105.007972717
103.578399658
102.213676453
101.549476624
100.72354126
100.966468811
101.43976593
100.444114685
99.7068786621
100.34197998
100.049034119
98.4655838013
98.8625030518
97.9444122314
99.5251693726
101.56375885
101.550453186
102.274795532
100.904724121
100.326805115
99.0976486206
97.7025146484
96.6315002441
96.6688842773
96.5191650391
97.3030776978
97.5203552246
97.554359436
97.1729660034
97.5063171387
95.8927993774
95.8283996582
96.3382720947
95.1848449707
94.5208892822
94.3012466431
93.5995483398
92.853553772
92.8071289062
93.0657043457
92.969581604
92.8944168091
92.124458313
92.2847595215
92.4336624146
91.7604446411
90.8406295776
90.5581359863
89.8347549438
88.0590667725
90.3193664551
89.5974349976
89.0876541138
89.5893707275
90.2474517822
90.832611084
90.8182296753
90.7523193359
87.3780899048
88.7998809814
88.703704834
88.3448867798
87.3790740967
86.9446792603
87.287361145
87.3203430176
86.7471237183
86.7782745361
86.3940887451
86.7154159546
87.7528381348
88.6963272095
89.2868041992
90.2755355835
90.223449707
90.3577423096
91.0405578613
90.5390625
91.3141784668
92.0713806152
92.2793807983
93.0573043823
94.2086257935
95.5294342041
96.9476013184
97.3921813965
97.2499160767
96.8294296265
96.1689987183
95.307723999
95.7950439453
95.9721984863
95.534324646
95.2575149536
94.581703186
93.7429580688
92.3570556641
92.0957565308
91.8223342896
91.8480148315
91.8703460693
91.63230896
91.4676895142
91.4880981445
91.2079849243
90.5860519409
90.3867645264
90.0552062988
89.7813262939
89.2885665894
89.609413147
90.3087081909
90.8794403076
91.6452178955
91.7800674438
92.6978759766
93.1119995117
93.2677001953
93.4160385132
93.8403091431
94.3295135498
94.7865066528
95.1895904541
95.6989440918
96.0789413452
96.4343566895
96.5752487183
97.0383071899
97.2446060181
96.8312530518
96.8815689087
97.5291137695
97.5564193726
97.6840744019
97.4968566895
97.0099945068
97.2604141235
97.0798416138
95.9758987427
94.6067352295
94.7871932983
95.2021560669
94.7758560181
94.7673187256
94.8997268677
94.714630127
94.6441421509
93.9289779663
93.6455917358
93.7780227661
93.2983932495
93.6310806274
93.8682327271
93.5289306641
93.2981948853
93.6510543823
93.6771469116
93.69871521
93.6574020386
93.9041748047
93.6837310791
93.6260757446
93.5709152222
93.3925170898
93.1785430908
93.1471481323
92.9762268066
92.8242111206
93.0635604858
93.3940963745
92.7077713013
92.8684463501
92.3931274414
92.4135665894
92.5107269287
92.4350280762
92.5194396973
92.2121276855
92.0483016968
91.6601715088
91.6303329468
91.5191268921
91.7629623413
91.7800521851
90.9682769775
90.1100387573
89.4814834595
89.0080413818
89.4077148438
89.1897277832
89.5863800049
90.1642379761
90.7922515869
90.6677932739
91.0054397583
90.7164230347
90.5383605957
90.4314193726
91.4921569824
92.7212142944
93.4888305664
93.8897781372
94.4174804688
94.2279052734
94.4235076904
94.8115844727
95.2657775879
94.975440979
94.7109375
94.6555404663
94.7250366211
95.7115478516
96.1759490967
96.072517395
95.9620819092
95.6002578735
95.5475540161
95.7242889404
95.8188247681
96.036605835
95.873550415
95.6685638428
96.1764602661
96.2647857666
95.6305999756
95.5824203491
95.4983062744
95.6530838013
95.4253158569
95.5606002808
95.6932373047
95.549446106
95.1142349243
95.1216659546
95.4646072388
95.9618148804
96.4485473633
96.5131988525
96.4949798584
95.7556762695
95.9138565063
96.6768569946
96.3893203735
96.050163269
96.677520752
97.0938186646
97.0614624023
97.2177352905
97.4518585205
97.1744384766
97.219329834
97.6668548584
98.4871520996
98.5707473755
98.5129776001
99.0147171021
98.4774932861
98.5732040405
98.276473999
98.5985183716
99.935760498
100.206451416
99.629776001
99.6918411255
100.469390869
100.924613953
100.96320343
101.578071594
102.136329651
102.776268005
103.676185608
103.074798584
102.799591064
103.268966675
104.09513092
103.946762085
104.527664185
105.137458801
105.593421936
106.000701904
105.956497192
106.109413147
106.189559937
106.456451416
106.468841553
106.700531006
107.033058167
106.912910461
107.140884399
107.212852478
108.023750305
108.209365845
107.75050354
106.79838562
106.250976562
106.529823303
106.530937195
106.237785339
106.362678528
106.535255432
106.17276001
105.86618042
105.080085754
104.897918701
104.775268555
104.305961609
104.034294128
103.83694458
103.755226135
103.550682068
103.495605469
103.207275391
102.750793457
102.657447815
102.141090393
101.44884491
101.335777283
101.394233704
102.006622314
101.277923584
100.635627747
100.529975891
100.979782104
101.381790161
101.760787964
101.801765442
101.563812256
101.532302856
101.513290405
101.413002014
101.992210388
102.063591003
101.394264221
101.831352234
102.199417114
102.125732422
102.274139404
102.08581543
102.442184448
102.296195984
102.087280273
102.036178589
102.454673767
102.681274414
101.955177307
101.889419556
102.264579773
102.256904602
101.388275146
