106.7456055
106.7414017
107.0149307
107.1948624
107.4431076
107.4846191
107.6323624
107.6781311
107.8164291
107.8974915
107.9999924
108.151947
108.3119431
108.5847626
108.8738861
109.0716934
109.2297668
109.3596191
109.3897247
109.447258
109.4273376
109.4851532
109.6466675
109.8346481
109.9365387
110.1095886
110.3151093
110.4664612
110.6177673
110.7864761
110.973938
111.1137619
111.2193756
111.3743744
111.3935089
111.4760513
111.5915298
111.8222885
111.9312592
112.1493607
112.3711166
112.4591217
112.6379547
112.8206024
113.0363007
113.4080658
113.7483978
113.9025269
114.1506424
114.1407852
114.0256195
114.1415253
114.3077469
114.48069
114.5778046
114.8087769
114.951149
115.0669708
115.1609421
115.7232132
116.2943726
117.5231934
117.483902
116.4144211
115.9952774
117.7543182
119.0782394
118.9200745
117.1208954
117.4172821
117.4859009
117.6138306
117.8322754
118.3966293
118.1258087
118.6743164
119.5597458
120.0738144
120.5940247
120.9105988
120.5708618
119.7932281
119.5678787
119.3482208
119.1544724
119.0699997
119.0182648
118.923111
118.9595718
118.9154053
119.1463394
119.1156311
118.945282
119.1677933
119.2470016
119.3024139
119.4128647
119.5887527
119.8816147
119.9854965
120.0471039
119.9017487
120.1071091
120.0587997
120.0786438
119.6443634
119.6697464
119.4978485
119.5196762
119.4473953
120.4120331
121.2634583
121.1208725
121.703125
121.4827271
122.300293
122.6813278
123.003624
123.2630539
123.6089783
124.0526581
124.6921844
125.4712372
126.0529022
126.63134
126.9608612
127.1331635
127.2877426
127.4599228
127.8083267
128.2362061
128.5927734
128.9926758
129.3097076
129.6649017
129.9180756
130.0293121
129.7211914
130.0742188
130.4940033
130.4805908
130.6080017
130.9259186
130.7569122
130.2198792
129.165741
128.7784576
128.2539673
127.5775833
127.0696411
126.7877197
126.8669586
126.615921
126.6776886
126.4613953
126.3022232
126.341156
126.3465042
126.3607941
126.2151718
126.3448868
126.2902679
126.2520447
126.2371674
126.054451
125.8886642
125.7256546
125.7319107
125.798851
125.9485931
126.1697235
126.2356262
126.2200851
126.2611923
126.4129791
126.6745071
127.1630096
127.6346207
127.7243881
127.8242416
127.9495163
128.0477753
127.8518066
127.3490448
126.4748993
125.99543
126.0414658
126.0887833
126.083374
126.1551514
126.2564011
126.3049088
126.3811417
126.4624405
126.4318237
126.2517166
126.2788162
126.2470627
126.143692
126.252037
126.1863632
126.2227173
126.2572861
126.3338318
126.4582901
126.5533371
126.6652756
126.7081833
126.8164215
126.8303528
126.9067612
127.0066223
127.0342178
126.415123
125.9340897
125.5610886
125.9813843
125.8247452
125.9791946
126.0278854
126.225563
126.3397675
126.5365067
126.6808548
126.9630127
127.2325668
127.2293472
127.2865143
127.3686218
127.4161682
127.4798431
127.5649567
127.7066422
127.7559967
127.9176636
128.0498199
128.1440277
128.315918
128.393158
128.5648804
128.676712
128.8377075
128.9846497
129.1401367
129.2671814
129.4378052
129.5626526
129.6868591
129.8015137
129.9223633
130.8259583
130.9864502
130.7848511
130.6643829
130.4636536
130.2218018
130.1400299
129.9812775
129.8014832
129.3106689
129.0435944
129.0254974
128.8934479
128.8913422
128.7302399
128.6006317
128.578186
128.6077881
128.3618774
128.128006
127.8530273
127.5548172
127.2209854
126.9752121
126.7602234
125.8049316
125.9124832
126.0623169
125.852829
125.6192398
125.4712753
125.2969437
125.0828934
124.9270248
124.7938919
124.7010117
124.6305618
124.4164658
124.5311279
124.7056198
124.4320297
124.4877243
124.5794678
124.625618
124.7440109
124.8404922
124.9766846
125.1041031
125.2510834
125.3575592
125.5290146
125.7047424
125.9030914
126.0607758
126.1364136
126.2262421
126.2778625
126.3171768
126.4770126
120.7658997
119.0591888
118.6799164
118.9479065
118.8162918
125.0018921
126.5878143
126.3449783
126.2120514
126.1084366
125.9055862
125.7475967
125.5514526
125.4434586
125.3716583
124.9715729
124.8016129
124.7181244
124.4972
124.4297028
125.165863
125.5827713
126.7184143
127.3107452
127.901329
128.5805206
129.2823944
129.8569489
130.369278
130.9892426
131.6740417
132.2006073
132.8637848
133.5281372
134.3275146
135.9535675
137.4795074
139.0896606
140.6058044
142.0605469
142.0920868
135.2928314
134.7692108
134.9251556
134.2894745
138.2723083
140.4676056
140.2364502
139.9934082
139.7661743
139.4432373
139.1585541
138.8577881
138.5937805
138.0732727
137.4385071
136.682663
135.678421
134.5567169
133.1774139
132.0427704
130.8009033
129.5461273
128.5261536
127.567276
126.7558441
126.1705475
125.8188019
125.4411011
124.7916412
124.395607
124.4241104
124.2874832
124.1141968
123.9987869
124.0289307
124.1361237
124.0896149
123.6476746
122.9417801
122.1686859
121.8122482
121.557251
121.1866608
121.0759354
121.8679581
122.6756897
123.6735382
123.6440277
123.1045914
122.9866791
122.721405
122.1989975
121.5827713
120.7642365
119.9241791
119.3963852
119.0174942
118.4635544
117.9571381
117.4779358
117.1462402
117.0106659
116.750267
116.3235016
116.1339722
115.9199982
115.8058777
115.5537033
114.8075027
114.4804077
114.592308
114.6168289
114.731926
114.9983826
115.6387177
116.296814
116.8300552
116.8944702
116.6024475
116.1064453
115.5730591
115.1410675
115.1131058
114.8754196
114.5600204
114.1199188
113.6593704
113.1609802
112.6817474
111.960144
111.1932755
110.495369
110.1779861
109.9193192
109.5859909
109.4353714
109.1499023
108.9181824
108.6124954
108.3632736
108.2363892
108.0278549
107.7537613
107.4400558
107.0218353
106.802803
106.5819931
106.2082977
105.8580399
105.5513992
105.3111954
105.1354294
104.9351273
104.6117859
104.4426651
104.2171249
104.268425
104.9193878
105.855751
103.0404282
103.2541428
103.5208359
103.5279236
103.3847198
103.2866821
103.232872
106.2264786
105.0906601
104.2301254
103.5315552
103.0151443
103.1680069
103.0388947
102.93116
102.8794327
102.8249969
102.7414932
102.7274475
102.8788376
102.8658905
102.8374176
102.8963547
103.2614517
103.9084244
104.6549606
105.3338318
105.6953506
106.0222092
106.213501
106.3430634
106.6204529
106.652565
106.8415222
106.9473801
107.0712585
107.2119522
107.2474823
107.3804855
107.3326416
107.1211319
106.9300919
106.7584686
106.6427078
106.6283722
106.7990875
107.1472321
107.4496384
107.7876587
108.2625656
108.763092
108.7278519
109.2273636
109.3584976
109.0156784
108.5104065
107.9197311
107.3470001
106.7996368
106.5825272
106.2077484
105.8858795
105.5226822
105.2891998
105.3710251
105.490242
105.8216248
106.4633713
107.3104858
108.1605301
109.0656815
109.888588
110.0473328
109.2181549
107.6550293
106.1113281
104.6205139
103.0036011
101.3853683
99.7927475
98.2617416
97.1429749
96.128273
95.3473663
94.7808075
94.6426392
94.7171936
94.900238
95.2647476
96.0079575
96.7212982
97.0368652
97.2970428
97.833313
98.643898
99.9914398
101.4495163
102.3295441
102.9853363
103.5122604
104.1078873
105.1869812
105.001091
104.5991592
104.2856903
103.8261337
103.8355255
104.4174881
105.6719513
106.7746658
108.4157715
109.3068924
109.5060501
111.2117767
112.135025
112.3465347
111.3726044
110.6856155
110.0409851
109.7846222
110.1036606
110.8165359
111.5818253
113.3685532
114.2964554
114.4856415
113.749794
112.904953
112.0111618
111.0739822
110.7315521
110.4977493
110.5909424
110.8105164
111.2713242
112.1697159
113.4717102
114.1679764
114.3926697
114.9314957
115.5344772
116.0960922
116.7146988
117.9133682
116.9249573
116.7926178
114.9113922
113.9219971
113.9650879
114.1744156
114.1981201
114.4660873
114.8841934
114.850914
114.7323608
114.9395752
115.1845169
115.6649323
116.341835
116.9696045
117.1654205
116.9564896
116.6800995
116.5239716
116.436203
116.2965698
116.1474152
115.7098007
115.278511
114.9341965
114.6965942
114.4984589
114.3432159
113.9728317
113.2677917
112.3086243
110.9774475
109.8414078
108.9219742
107.8985748
106.9666977
106.2846146
105.9862366
105.7490616
105.5443649
105.3548203
105.0690689
104.5505295
103.7303314
102.7296753
101.8212128
100.9449692
100.1010056
99.0776672
98.1789093
97.6626358
97.0632782
96.3400726
95.8465424
95.4030991
94.853241
94.1657715
93.3998032
92.7772827
92.4169464
92.2255707
92.2027817
92.3716354
92.5874634
92.2562408
92.3357773
91.7895737
90.5717621
89.2098618
87.4890671
86.3744583
85.3185272
83.8353348
82.0628052
81.8261185
81.4275665
80.8713608
80.8209381
81.0711365
80.4922714
77.8697128
81.3879013
81.563858
82.1931534
82.5710068
83.3131104
84.1694336
85.0764542
85.9872894
86.8230057
87.7201157
88.5821686
89.4737778
90.4297791
91.3463669
92.4053726
93.2304153
94.0029602
94.9579697
95.7366791
96.5982208
97.1997604
97.757309
98.1375885
98.7385101
99.2916794
99.5500031
99.5819168
99.3164673
98.9888306
98.4102859
97.3718491
96.1876602
95.0717697
94.0374146
93.1943741
92.4321594
91.9082336
91.4285736
91.3736725
91.492897
91.8028488
92.3324127
93.0322418
93.6259766
93.6916504
93.3662338
92.7527161
92.0621414
91.4271927
90.8364105
90.4995956
90.7405624
91.3102875
92.1263123
92.9990082
95.5571518
95.6084061
95.6699905
95.6235046
95.5434494
95.3837128
95.2173462
94.9492645
94.6539993
94.2060394
93.6186676
93.1474762
92.449234
91.6124191
90.8261871
89.9084473
88.9634781
88.1831207
86.9929352
86.0453873
85.4963837
85.0953522
84.7600555
84.5304642
84.6880569
84.8324051
84.9911499
85.1334457
85.2475204
85.6941681
86.4740677
87.2694244
87.8667679
88.6522141
88.9952774
89.8188171
90.1640244
90.8661346
91.3331985
91.2747498
91.6092834
91.8328247
91.7479095
91.5745621
91.5960312
91.7033234
91.8571091
92.0509186
92.197403
92.1715317
92.1570053
92.1271057
92.0559235
92.0234604
92.0422134
92.0608673
92.0819855
92.0970383
92.1486664
92.2589264
92.4617615
92.8973999
93.2523346
93.5169525
93.7066727
93.825798
93.7788925
93.6743317
93.3988724
93.1041718
92.8078232
92.5797348
92.4000092
92.2255325
92.0760193
91.9537277
91.8343811
91.7185059
91.5839996
91.4772034
91.390976
91.2715149
91.2070007
91.3069305
91.4242859
91.6560822
91.9913101
92.2041168
92.3143768
92.3138657
92.1485214
91.9290924
91.7452621
91.6188049
91.4960785
91.4287872
91.4105453
91.4339752
91.4581604
91.4389267
91.4518661
91.2814026
91.5520706
91.4451828
91.3099136
91.2245941
91.1552353
91.1070023
91.1276627
91.1301422
91.4166794
91.5592346
91.9085464
92.1012802
92.2509766
92.1662292
92.1261749
92.0226517
91.3404465
90.2062607
89.0782776
88.0835876
86.8638229
85.949234
85.4168472
85.129837
84.7987671
84.7355042
84.5370712
83.9931641
82.8842697
82.3594131
82.0502396
81.9374771
82.1324387
82.5448227
82.7176819
82.7038651
82.6399994
82.595108
82.249321
81.9771729
81.8844452
81.4284515
81.454628
81.6673965
81.9290543
82.4794846
82.8055573
83.4889679
83.7254105
83.4476318
83.1577606
82.8614807
82.6660995
82.3263245
82.3385773
82.0540543
82.0279922
82.4430771
82.4483643
82.8766861
83.5901718
84.1601562
84.4100418
84.6130219
84.3976822
84.5402603
84.2326431
83.8642578
83.7441788
83.6225433
83.957962
84.1814041
84.4158173
84.7230759
84.8747025
84.9125748
85.1587753
85.5406723
86.0437775
86.5544662
86.770134
86.6619949
86.1206818
85.5369034
84.9610519
84.4580078
84.2624741
83.9256439
83.5404663
83.1545944
82.3589706
81.4406738
79.9688416
78.4836273
77.0396957
75.9827423
75.3419647
74.9468155
74.8000031
74.9291306
75.4129181
76.1905975
76.6594849
76.308754
75.891861
75.4681854
75.0305099
74.6141434
74.1428986
73.7776718
73.2408752
72.84478
72.4789352
72.0676041
71.7308426
71.4499283
71.0177917
70.6211624
70.508194
70.6658859
70.932518
71.0444717
71.3357239
71.5713882
72.2714233
73.1396942
73.9798355
74.6345901
75.3952255
76.2459641
77.1716003
78.0289001
78.7449646
79.2169571
79.3300018
79.3210602
79.1726227
78.8948822
78.6362305
78.5247574
78.5766068
78.7543716
79.0264893
79.4964752
80.1132965
80.9089355
81.7391891
82.4191208
84.6489334
84.795723
85.0634537
85.2956085
85.624115
86.0543137
86.3455887
86.608963
87.0583801
87.6733398
88.1459045
88.4116135
88.4593201
88.5794373
88.4479599
88.362587
88.5347748
89.4946747
89.6753006
89.3731995
88.946373
88.6889954
88.8308563
89.0055161
89.1898575
89.7096634
90.2927399
90.8297653
91.2752075
91.4762344
91.1098404
90.8660355
90.5061646
90.2217712
90.0657425
90.2269287
90.5417099
91.1295776
92.1849976
93.1526413
94.2726288
95.0464249
96.1734695
97.3241577
97.5119019
97.6302032
98.037323
97.9880142
98.1119461
97.9890366
97.5592499
97.5222626
98.2665482
98.4487534
98.5169449
98.982399
99.0217667
99.2546692
99.6312332
100.6354675
100.7070084
100.4298782
100.3592072
99.7973633
99.3845596
98.7103653
98.6924133
98.5378647
98.24897
98.5165787
98.6545868
99.0128174
99.4548492
99.6029663
99.2004776
99.5793076
100.1241837
100.3113174
100.3199387
100.4612579
100.7058487
100.9331665
101.0000229
101.3463821
101.3069305
102.0283279
102.1092758
101.9972458
100.741127
99.7130737
99.4221268
99.4067764
99.3874054
99.19767
98.9396973
98.5076752
97.7298279
96.5689774
95.3891068
94.9574966
94.6022034
94.131546
93.749321
93.5071487
93.0654907
92.8101959
92.6229858
92.3962097
92.1836853
92.0965347
92.0880356
92.0543671
92.0132828
91.9900284
91.931572
91.6779938
91.4245453
91.2979584
91.0685654
90.7145081
90.1189575
89.5145569
88.8276596
88.1849823
87.4075699
86.7704926
86.4327393
86.2268753
86.2177734
86.1683044
86.2036743
86.2453079
86.377861
86.5161057
86.8328323
87.1009903
87.4357681
87.6441956
88.1899567
88.7340927
89.322052
90.0999527
90.8726273
91.4869537
91.8783112
92.1342239
91.680748
90.815979
90.0052185
89.3591232
88.7984695
88.8061218
89.9355621
89.7453308
88.0892105
86.7148972
85.9460068
85.0085602
84.5332794
84.5045242
84.649086
84.4998169
85.3578033
85.6994553
85.5483475
85.6325684
85.9508133
86.442749
87.3883972
88.1121674
86.8999405
85.5144653
83.1999893
82.3255997
81.5149384
82.6198578
83.1511078
82.7691193
81.6426468
81.2625046
80.7356491
79.7665405
80.5396881
83.7442932
83.7970123
83.235321
82.3506393
81.4118347
80.5970383
79.8761368
79.6151123
78.9905548
78.628746
78.5115051
78.6341095
78.551239
78.415657
78.261055
78.0818939
78.405304
78.3443375
78.4377823
78.5751801
78.7346649
79.1981583
79.514122
79.7425003
79.962616
79.9601135
79.8515778
79.4260712
78.7083282
77.9272156
77.0204697
75.9847183
74.3938141
72.7093353
70.9842987
69.3860474
67.7042694
66.3641586
65.0732422
64.066246
63.2381516
62.6983109
62.3626709
62.055481
60.9555168
61.6101952
61.4642105
61.2940102
61.3186913
61.3035278
61.437809
61.5820541
61.8486595
62.3834305
62.9034081
63.6896591
64.6033478
65.5731964
66.1659012
67.096199
67.6301651
68.1537399
68.5542221
69.3973083
70.620369
71.2837448
72.0793304
73.1680222
74.2610397
75.104538
76.1865997
77.2361221
78.1335907
78.693512
79.1634674
78.9961472
78.2067337
76.9284592
76.0978012
76.1065445
76.5185623
76.9190826
76.9288712
76.8852768
76.6099777
76.0126877
75.3003006
73.8331757
72.7925339
72.9738007
71.8232422
70.66082
68.6042252
67.8481674
67.7654877
67.3663254
67.9127884
68.4443588
68.6216736
68.9887543
69.8387222
71.2199631
72.0125732
72.7052765
74.2867203
76.4671021
77.4386826
77.7697601
77.8031387
77.545433
77.2679596
77.1141052
77.2714005
77.4915771
77.9397964
78.887291
80.0814056
80.7566757
80.730751
80.215416
79.650032
79.2300873
78.9535217
78.8014755
78.9909515
79.7910995
80.653717
81.5522385
82.4123993
82.826767
82.8841629
82.2855072
81.553566
80.7705917
80.116684
79.5744476
79.1266708
78.4078064
77.6782379
77.6349335
76.4465332
76.0196457
74.9491119
74.2284775
73.705658
73.9389801
73.9700775
74.2401886
74.8991394
75.9944458
77.3664703
78.4760818
79.002121
78.3929291
76.8444519
75.2225876
73.9666672
73.1261597
72.5291519
71.9520035
71.7729263
72.4473953
73.416893
74.0636063
74.9241867
76.012413
77.1890335
78.4416046
79.6654968
80.9038849
81.8452911
82.7020721
83.2508087
83.5589981
83.5089111
83.0277252
82.5897141
81.2018509
80.261467
79.3615646
78.5431595
77.2806854
75.756546
74.9930801
74.6939697
74.7598877
75.0203018
75.2162704
75.1465988
75.3890457
75.8235779
76.782486
77.3329544
77.9803543
78.4746933
78.8610229
79.3013229
79.6855698
80.1805191
80.4576797
80.7096863
80.9401169
81.072052
81.1824722
81.239769
81.2161255
81.2651443
81.3084412
81.158165
80.9824295
80.675087
80.2251358
79.7188873
79.315834
78.9047241
78.4040604
77.839592
77.3386765
77.2458954
77.6148071
77.4765244
77.498703
77.551445
77.66082
77.7485046
77.8373871
77.9552689
77.9968948
78.1396942
78.2073517
78.2755508
78.3802795
78.496109
78.6687393
78.727478
78.92659
79.1024017
79.2357178
79.4413071
79.4558411
79.5626755
79.6865692
79.8358612
79.8890839
79.9402618
79.9359055
79.8716583
79.735672
79.5916443
79.3181
78.8909073
78.4113007
77.8946075
77.4444809
76.8895645
76.3267136
75.6958923
75.0772629
74.4470749
73.7924194
73.1102676
72.3950272
71.7122116
70.9416428
70.3287964
69.6233139
68.9319916
68.2946548
67.7000351
67.2013474
66.6962051
66.4102249
66.2167892
66.1749344
66.472023
67.0228882
67.7282639
68.5189056
69.3319626
70.1421814
70.7805634
71.3159714
71.7682266
71.9660873
72.0492935
72.1306152
72.0436554
71.7940292
71.4440918
70.8810577
70.270195
69.6808472
69.1571503
68.8701859
68.8356018
68.8824463
69.0945129
69.4616089
70.0306702
70.6565399
71.2090607
71.7616348
72.3425522
72.8902359
73.4693375
74.0086288
74.4429016
72.000618
68.1467133
68.4093323
72.0377579
75.5494614
75.5870056
75.148056
74.6027603
74.4270096
74.0736237
71.655365
71.5228348
71.4182587
71.386322
71.3913498
71.5298233
71.6897583
71.7193909
71.5656128
71.2235489
70.8992767
70.7267151
70.5997391
70.3810272
70.1228333
69.8568344
69.478508
69.0900879
68.976181
69.0829849
69.3470078
69.6983643
70.0549316
70.2473526
70.2444382
69.9962158
69.4668808
68.8623734
68.1287842
67.3470612
66.7849045
66.2322617
65.7713928
65.5589523
65.4253006
65.2982407
65.137352
64.8592529
64.4079132
63.8421631
63.0499611
62.1723709
61.3250923
60.4666367
59.5959854
58.7579231
57.9245071
57.1198006
56.3909149
55.6225624
54.8259659
54.1565247
53.670826
53.0805855
52.4294624
51.6769066
51.1928291
50.8243942
50.5443726
50.3994942
50.2527122
50.0548859
49.8802338
49.7836113
49.8770676
50.1649094
50.5508232
50.9476433
51.411274
51.8980522
52.2128792
51.9273148
51.368084
50.9568062
51.5297737
50.7383232
50.5394516
50.5595055
50.357151
49.9707756
49.7440071
49.6962776
49.2224045
48.7534676
48.2494965
48.293148
47.0905304
46.2627411
44.7765846
44.145031
43.1933136
41.9572678
40.993206
40.1302834
39.4665947
38.7179337
37.9423103
37.2217293
36.5924263
35.9477615
34.911293
33.9513588
33.1558914
32.486908
31.9076519
31.3520908
29.2405872
27.5376778
26.5565205
25.8561707
24.6973133
24.0772266
22.8295269
24.115242
23.8797073
22.3382511
20.6699677
20.5430489
21.6174259
18.07724
17.6078129
17.7157822
16.7279129
18.9477463
17.7785778
13.8848772
10.8634214
13.3392448
18.4762802
23.1367741
24.0358315
25.1159401
26.4959488
27.5870876
29.2315979
32.158802
34.7444839
37.5731888
39.7491837
40.7622261
42.1454048
43.6237106
45.2972488
46.3510857
47.4369659
48.5038414
49.8330841
50.7174149
51.4612656
52.3885078
54.7425499
56.4264145
57.770092
59.4318047
60.5499458
61.6793251
62.2462196
62.694046
63.1447716
63.4977913
63.6769638
63.5858498
63.4515953
63.404541
63.3588066
63.8715897
63.981945
64.6266098
65.2297821
65.7083664
66.1017227
66.5260468
66.9869537
67.4939957
68.0573044
68.7612076
69.2840576
69.6944885
70.1654129
70.2740173
71.0145569
71.6081619
72.2491989
73.0995865
73.8390808
74.7425766
74.9627151
70.6298218
71.0885162
71.1873093
70.8494415
73.962616
78.8275528
80.5735855
80.932457
81.4262314
81.8194046
82.2603683
82.7540588
83.1516418
83.4062042
83.4407654
83.3417435
83.1208954
82.7901993
82.3136902
81.9301071
81.4576569
81.0450439
80.6433258
80.2208023
79.7155075
79.2634888
78.7734604
78.3840103
78.057663
77.6167908
77.1573334
76.549057
75.9372253
75.3484192
74.7718277
74.2607803
73.7866669
73.365036
72.9687119
72.4962463
72.054306
71.6371994
71.199028
70.5516815
69.9001617
69.1409531
68.3019028
67.579155
66.7928467
66.0264664
65.2355042
64.4329224
63.6429329
62.9257698
62.231617
61.5978088
60.9978104
60.4719658
59.86726
59.136795
58.6499443
58.1074524
57.7029877
49.5898399
49.1865158
48.7267265
49.2042084
49.7419243
50.4857483
51.1203041
51.3691444
51.7850533
52.2565575
52.7325478
53.1223106
53.5741463
54.125885
54.6738663
55.3289452
55.8611221
56.7048302
56.8682442
57.9365425
58.3480339
59.0198975
59.9969139
60.9826164
60.8536186
61.6624413
61.9998207
62.3809395
62.9507332
63.6519661
64.1751633
64.752388
65.4200516
66.0217819
66.5886917
66.9166107
67.4532318
67.9414978
68.4167633
69.0938644
69.6059494
69.9383011
70.3480911
71.1708298
71.9725113
72.8935776
73.7850647
74.5789948
75.2918396
76.0727692
77.0583115
77.900238
78.6993179
79.4495163
80.129364
80.7310867
81.274498
81.7184753
81.9124908
81.9044876
81.6523514
81.2822723
80.7481384
80.0232468
79.1778488
78.2016754
77.227211
76.216629
75.2652893
74.2620773
73.2727203
72.299202
71.366478
70.3780136
69.4411621
68.4734344
67.3433304
66.4345016
65.5080338
64.5635071
63.6136436
62.7636833
61.9524803
61.2130737
60.4450989
59.5425644
58.5693016
57.6267433
56.645668
55.8257408
55.0048409
54.2406921
53.4405441
52.6665306
52.1479378
51.4868469
51.2074471
50.3158379
51.387516
51.5219612
51.7192802
52.0491028
52.4420471
52.8961792
53.39571
53.8766747
54.4436607
55.0085678
55.6014061
56.2597237
56.823391
57.4693718
58.3792534
58.8733482
59.4737511
60.3977051
61.1265526
61.9195442
62.715435
63.4579964
64.3021164
65.0113831
65.5782547
66.1542587
66.7297974
67.4519577
68.2996597
69.3161774
70.2649155
70.9379959
71.4297104
72.1170502
73.0407791
74.0012054
74.9173889
75.9345016
76.8626862
77.5125046
77.7967987
77.8894806
77.3669052
77.0155945
76.0419693
75.4391785
75.0975876
74.7680511
74.7006683
74.7949371
74.9088974
75.1343765
75.5016403
76.0178528
76.5715485
77.2477875
77.7174454
77.9261322
77.8943481
77.6108398
77.2915192
77.2334061
77.0120239
76.7082977
76.5323563
76.651268
77.0511322
77.4598007
78.1171951
79.1211624
79.8106232
80.5542984
81.1539917
81.6501999
81.8301926
81.872818
81.9976425
82.1704178
82.5148468
83.0014648
83.6242752
84.2913132
84.8801956
85.3350296
85.6622314
85.7376251
85.5979843
85.1358414
84.4762955
83.5857086
82.6090088
81.6181183
80.6654358
79.6582336
78.7109222
77.7651062
76.8383942
75.9931259
75.1425781
74.3913193
73.5165405
72.6537476
71.7850418
70.9596024
70.215889
69.502533
68.9373016
68.508606
68.0082245
67.5449142
67.061348
66.6222839
66.1246719
65.6159058
65.1121216
64.6025085
64.0611343
63.5600052
63.0537834
62.5781021
62.0884361
61.5227242
61.0360947
60.4959755
59.9310455
59.3840942
58.8313179
58.291935
57.7553711
57.2051163
56.6873245
56.1504173
55.7877655
55.6234207
55.5670929
55.5103798
55.5259171
55.9350281
56.1652184
56.4524117
57.9977188
60.2217522
62.1509247
64.0374451
65.8890152
67.739502
69.6936874
71.6309357
73.4533539
75.2549133
76.7177124
77.6898041
78.02034
78.1777344
78.0313187
77.6820755
77.0863113
76.2948685
75.9505615
76.2225876
76.4504623
77.037323
77.8238678
78.7114334
79.1030731
79.5121765
79.7897644
79.8747635
79.7433319
79.5871964
79.2203217
79.0949249
78.8911438
79.1501007
79.7464447
79.9108505
80.0979614
80.3354645
80.5644379
80.7860794
81.0582809
81.3205948
81.4517822
81.6890335
81.9831009
82.3076401
82.5550537
82.725975
82.8731995
82.9745026
82.9966049
82.9968796
82.9290619
82.8532333
82.7549591
82.6500549
82.5614395
82.4307938
82.252182
81.9859619
81.6240234
81.0810013
80.4419861
79.699501
79.0590744
78.5839767
78.54142
78.6376343
78.8315735
79.119606
79.3475037
79.6253738
79.8452072
79.9794922
80.1878433
80.4729233
80.6968918
80.9322891
81.1558456
81.3687668
81.5749435
81.7886047
82.0161285
82.2240677
82.4425888
82.6602402
82.887764
83.1182022
83.3320389
83.5275803
83.7697906
83.9468536
83.8180618
83.632103
83.4951401
83.4645462
83.4472427
83.4550247
83.6251144
83.9973526
84.4309692
84.9294128
85.4046326
85.8313065
86.1364517
86.1780014
86.038147
85.7116165
85.3275146
84.9325867
84.6688614
84.3827515
84.0525742
83.742897
83.5747757
83.3884964
83.354393
83.5143585
83.9075546
84.3761673
84.8786469
85.5355759
86.2065659
86.381073
86.5367279
86.6510391
86.6848755
86.7951889
86.9135132
87.0427094
87.1022644
87.1299973
87.1200027
87.0693207
86.9955902
86.8530807
86.6693039
86.4512863
86.1334763
85.743782
85.3271866
84.830452
84.4507294
84.0687714
83.7310944
83.4484177
83.2129898
83.0603256
83.0196381
82.954155
82.8763428
82.8456879
82.8911972
83.0505676
83.2513657
83.4826508
83.7177963
83.8794861
84.0572891
84.1299973
84.0560303
83.9130402
83.7323685
83.5399933
83.2909088
83.0706863
82.8408737
82.6597366
82.4657516
82.3121643
82.2306213
82.1889191
82.2013016
82.2299881
82.2549744
82.3022079
82.2709885
82.1630478
82.0180283
81.7608337
81.4761047
81.1923294
80.8848724
80.5902023
80.2815323
79.9594879
79.7232056
79.5229416
79.4140091
78.2153015
74.4434738
72.2978363
70.8594589
70.9190598
71.1126938
71.148056
70.9587936
71.4606094
74.9688263
78.4606094
78.4812775
78.5336685
78.6593475
78.8235626
78.9986649
79.1679993
79.3972549
79.6617126
79.9210205
80.2146759
80.5705338
80.926506
81.3235931
81.6660843
81.9936218
82.328743
82.6847992
83.022728
83.2887802
83.4700012
83.5802536
83.6922379
83.8814774
83.7555237
83.5932312
83.4385605
83.2234344
82.9184341
82.5596313
82.2056351
81.9104156
81.5706711
81.2244339
80.8313446
80.4932098
80.1742554
79.8604126
79.5405655
79.2728424
79.0232849
78.8415298
78.6653214
78.4916306
78.3674545
78.2304459
78.1794968
76.2032547
72.2701645
70.7324371
70.9314346
70.9485703
70.8861008
70.5482254
71.4261017
73.5101852
77.4806824
79.1658325
79.3752594
79.5226669
79.9100494
78.2627335
77.1474686
76.7100067
76.0061188
74.7419968
73.4210434
72.8248749
72.8278046
72.8864517
73.5656433
74.1606216
74.6253586
75.6117096
76.4310303
76.3997955
75.1914139
74.7082291
74.3377075
74.1242905
74.0063171
74.0811844
74.2384262
74.7171173
74.9863281
74.7017212
74.8417206
75.0240097
75.198143
75.4502945
76.086235
76.5293198
77.0480042
77.7124634
79.1091919
80.0779495
81.3343124
81.1655426
81.799675
84.8440094
86.2993851
87.0324097
87.5889206
87.3957596
87.7196045
87.8922958
86.6429749
85.3278503
85.6867752
85.3362274
84.4889221
83.8065948
82.9057693
82.4549332
81.5611038
81.3072052
81.5443344
82.4314499
83.9368668
83.712738
82.8106995
84.4213486
83.8441086
85.6968765
87.8681259
92.7743988
92.8049927
90.3390121
93.1725311
92.9389954
92.1808853
91.7895432
90.963974
89.4608231
83.5909424
84.1564026
84.1735611
85.067215
85.6996078
87.5012436
87.6621246
87.1454468
86.2446594
84.859848
83.171524
82.5963593
82.2041397
81.5323639
82.2138596
83.1062012
83.7392578
84.109375
83.6878967
83.5285721
83.4728012
83.3350067
83.2986984
83.1753616
83.1126785
83.0783615
82.9365005
82.7091904
82.7456589
81.8177643
81.6355896
83.282074
82.8035355
82.3870316
82.3690033
82.166832
82.0665741
81.8582458
81.9485168
82.6011505
83.3888245
84.2003403
84.9951935
85.8458176
86.5707016
87.0870438
87.5302048
87.7359772
88.0403061
88.1107559
87.7839813
87.3932114
87.053772
86.8534012
86.5356903
86.4093094
86.5475998
86.2319183
87.654747
87.7384186
87.8212967
87.6405869
87.3440781
87.0768433
86.8251648
86.3158112
85.8837509
85.4236145
85.1650314
85.5177841
88.4452286
89.0764008
86.9415359
85.522377
86.1239624
86.7664108
87.4757156
87.7033539
88.5555191
89.2692108
89.2834473
89.0367966
89.0486679
87.6733932
86.5468826
85.6507339
86.4067841
86.1772842
86.1719742
86.8851624
87.2803802
87.4308777
86.5363541
86.9178314
86.713623
86.5096283
86.6616211
86.95298
87.3499146
87.7224731
88.0365982
88.346138
87.9301071
87.6949387
87.4129944
88.9473801
89.096817
89.5847931
89.9518433
89.4675522
88.7795029
87.9285965
87.5415726
86.9664917
86.0436478
85.5067596
85.0875549
84.909256
84.9988022
84.9660492
85.5024643
85.5399857
85.5182571
85.8931885
86.1399689
86.6627045
86.7752609
86.7751846
86.980072
86.9941635
86.8556366
86.6889954
86.5510483
86.3017502
86.4072418
86.2125473
86.1562805
85.9783096
85.7948685
85.6504669
85.4662247
85.3518677
84.9800034
84.6101379
84.7608414
84.7588501
84.8824387
84.8936615
84.9380341
84.9230804
84.9920731
84.9401245
84.9447021
85.0512009
85.1306
85.1290283
84.9231567
84.7069397
84.7656097
84.4542847
83.8966904
83.5713425
83.2429276
82.9174271
82.5765228
82.2490845
81.9792404
81.6432114
81.2090225
80.9520187
80.6168137
80.0685806
79.2351913
78.7497559
78.968956
77.7448196
75.8195496
74.9675217
74.1345444
72.9938889
73.6525726
75.4319763
76.8766708
77.0276947
76.7663269
76.6259232
76.5326462
76.4482498
76.2882004
76.0650253
75.3213272
74.4461136
74.7587357
74.8642044
74.3321381
74.3709641
74.6174774
75.5083694
76.4795609
76.4605942
75.6145935
74.0972977
73.6402664
72.4643478
72.0340118
72.0646439
72.1521683
72.3009186
72.2894592
72.3120346
72.3589783
72.5589447
72.5908127
72.4981613
72.4601974
72.4305496
72.4360962
72.4760132
72.558609
72.6477509
72.71138
72.801918
72.8644867
72.9381561
72.998703
73.0018997
73.0450134
73.1087418
73.1695938
73.232605
73.3067932
73.3889618
73.9639587
74.3687134
74.4046326
74.196373
74.2080688
74.1845322
74.1432495
74.1453934
74.0017776
73.9983292
73.9609909
73.7216415
73.7213516
73.6754456
73.9334335
74.5312424
74.9378281
74.3732452
74.426712
74.0945206
74.4781876
74.639946
74.5012665
74.5410385
74.5913086
74.8707428
75.1188049
75.3196716
75.5655441
75.6762466
75.6854477
75.6260605
75.607132
75.604744
75.6088257
75.5605087
75.5394135
75.6287003
75.8078613
75.9704285
76.2039719
76.4911499
76.614006
76.9326172
77.5705643
77.7085648
77.8038254
77.7793427
77.6738129
77.6308441
77.4892731
77.3189392
77.2562027
77.2262573
77.2352448
77.262558
77.2667847
77.3453217
77.4589615
77.6698227
77.8351059
77.9642334
78.0689545
78.1631775
78.2682419
78.3773193
78.5242996
78.7384109
79.0174179
79.3524857
79.7398834
80.1382751
80.4863892
80.8077698
81.0474548
81.3408661
81.7137299
82.0854492
82.2708511
82.4106445
82.5188751
82.747345
82.9860077
83.2413712
83.2987823
83.2800293
83.0923309
82.9074097
82.6630936
82.4080124
82.2187119
81.923439
81.6013947
81.4376831
81.2912064
82.1025696
83.0534439
84.4155579
82.7977295
82.9555664
83.7329559
84.6415329
85.5627289
86.5637665
87.3228912
87.6087952
87.3042068
86.8757095
86.4043655
85.5507889
84.6743927
83.9566879
83.4601288
82.914505
82.5491028
82.2597733
82.2194061
82.2046967
82.2546005
82.4971237
82.8309555
83.1719971
83.450119
83.3280792
83.8829803
84.0095139
84.1294708
84.2793961
84.3093262
84.34729
84.4248581
84.448616
84.3650894
84.3693695
85.2145538
84.3297806
83.3581543
83.9240341
84.2770538
84.3718109
84.2979355
84.3427353
84.427742
84.3947296
84.3349609
84.231308
84.2134323
84.0605774
84.1165924
84.075676
83.9457626
83.7206192
82.8687439
83.9727783
84.2254181
84.307663
83.920723
83.8307266
84.0707779
84.0130005
83.9106369
83.2414322
84.0384293
84.2413025
84.3312759
84.2081528
83.2211304
84.7446289
84.9946213
85.3298721
85.2352982
84.9334717
84.4785614
85.1392899
85.0466614
85.0353775
85.0215378
85.1752167
85.3265762
85.4205246
85.4662552
85.5642395
85.7450027
86.0166931
86.22892
86.675354
86.9606323
87.3191299
87.7111206
88.3141174
88.3084717
88.1212311
87.9935226
87.834053
87.6797028
87.6115723
87.5682983
87.9222717
88.2575302
88.0427933
88.0148621
88.2008667
88.4308167
88.623085
88.7507324
88.6457138
88.5365295
88.5915527
88.642601
88.5476532
88.3096848
88.3254852
88.2162399
88.0607071
88.1067734
88.1031189
88.1483688
88.1533051
88.2294159
88.338089
88.3372955
88.5791245
88.9839249
89.4898071
90.0528564
90.633728
91.1625977
91.3736801
91.5607834
91.4800034
91.3781738
91.3089447
91.3161011
91.3538971
91.3915482
91.3910828
91.3780365
91.2810974
91.2236633
91.1291351
90.9610062
90.7036209
90.5758591
90.4465103
90.6426392
91.0784454
90.2542496
87.784317
89.2051697
91.4919281
91.1078033
91.2913742
91.4748001
91.5065079
91.6429749
91.8601532
92.123909
92.2910461
92.5315323
92.7950439
93.0156174
93.1035309
93.2606354
93.3908005
93.4093246
93.5846329
93.7217102
93.942749
94.0577164
94.2220383
94.5547562
94.7399979
95.001976
95.2354965
95.3682785
95.5603027
95.7777557
96.0682144
96.2726746
96.4383087
96.6385651
96.5340805
96.8791046
97.1864243
97.3431015
97.6223526
97.719101
97.8195572
97.902771
97.8910141
97.9201126
98.0479202
98.2812195
98.4291534
98.5639038
98.7178268
98.9961166
99.1899033
99.5257568
99.9977417
100.2285538
100.3195343
100.3782043
100.5195236
100.6350937
100.7118988
100.8643799
101.1470413
101.3672943
101.5113525
101.7039795
101.8668137
101.9647446
101.9743271
101.9597778
102.0515823
102.1185379
102.0469284
101.9692001
102.0385513
102.1053162
102.1590958
102.2712402
102.3898315
102.4927826
102.7690964
102.8084183
102.7071381
102.733551
102.782814
102.8070221
102.795166
102.8072815
102.8430634
102.8912735
102.9416885
102.9454117
102.9994888
103.0409164
103.0864944
103.1309586
103.0458603
103.059082
102.9832916
102.9066467
102.829689
102.7016144
102.6855774
102.5402756
102.5082779
102.4703979
102.505867
102.4686661
102.3215866
102.2897186
102.375679
102.4735107
102.6456528
102.7570343
102.9504318
102.9693909
102.8278503
102.8078461
102.8153229
102.8538361
102.9334564
103.0764084
103.2227783
103.4458618
103.5512543
103.3871994
103.403511
103.2432251
103.2273712
103.4897842
103.9473495
104.3271484
104.561554
104.7623444
104.8886871
105.0067978
105.1322174
105.3794022
105.5086365
105.8366776
106.1340179
106.4848557
106.7834473
107.1404037
107.4836273
107.8230209
108.3186722
108.8249969
109.307251
109.8539047
110.3499374
110.851593
111.4173889
112.0902863
112.5587692
112.9521179
113.3599091
113.7722778
114.2156448
114.5677643
115.1274338
115.6286926
116.0575333
116.6063309
117.1329651
117.7033157
118.2175751
118.8576813
119.8493729
120.9970551
122.6585541
124.7175369
127.0739136
129.2599792
131.1163635
132.845047
134.4374695
136.1102448
137.7428894
138.9634857
140.0885468
141.1284943
141.7000732
142.0307617
142.1108398
142.0059357
141.7152252
141.2932587
140.7047119
139.8608246
138.8578796
137.5699463
136.0836792
134.3971405
132.7061615
130.8276215
129.1692047
127.2366028
125.5098038
124.008873
122.2989044
120.3749084
119.4632568
119.1217117
108.4075165
108.9759521
109.4055862
109.3095245
109.583847
109.3762512
109.8596268
109.8675156
110.4331207
115.4514999
115.5080338
114.8134613
113.9272614
112.9039536
112.0498428
111.309494
111.0394669
110.3867188
109.3411789
109.0956192
108.8672409
108.6251144
108.2021713
107.8447952
107.5323257
107.1907425
107.0666504
106.7962036
106.599823
106.4754486
106.2911911
105.1096725
103.8826752
102.7075958
102.7918549
102.5605621
102.5819168
102.5651627
102.3531036
102.0569763
102.1853714
102.9704208
103.4929581
103.5456772
103.9965591
104.2349625
103.9547653
103.6545105
103.4096756
103.1604538
102.901886
102.7037506
102.7562637
102.6762924
102.8850632
103.5749435
104.0022507
104.3380585
104.0646515
104.250145
104.37043
104.5325012
104.7749557
104.9695892
105.2152176
105.5233307
105.7429886
106.001442
105.7693863
105.5459442
105.2370758
104.8644714
104.6344681
104.4510727
104.7289658
105.4884796
106.6035461
107.6459656
108.3524399
108.7167511
108.6351776
108.1480255
107.5332794
107.137764
106.9122772
106.5144348
106.1295776
105.5416336
104.8649521
104.2003784
103.5898056
103.064064
102.6216888
102.3080521
102.0611801
101.7436447
101.6654739
101.7043839
101.8150482
101.8303604
100.0254593
99.3670425
98.8219604
98.5004578
98.253334
97.9498138
97.7305069
97.5951691
97.4179688
97.1956863
96.9543915
96.8074417
96.633812
96.4524384
96.2928238
96.0719986
95.7305069
95.4089432
95.1139984
94.8536453
94.3581238
93.7555008
92.9123383
92.140213
91.2869186
90.3508835
89.4342575
88.4495468
87.5808411
86.8611221
86.2650299
85.7788925
85.3377991
85.0178909
84.8071671
84.7103958
84.6560287
84.5900192
84.5543671
84.5827332
81.4955673
83.9619751
84.5868835
84.5283661
84.5510406
84.5553665
84.6603699
84.6897202
84.7480164
84.9532013
85.0755692
85.1773758
85.2200546
85.1022263
85.040329
84.9523697
84.8901749
84.853157
84.8855057
84.9522552
85.0665283
85.1961746
85.2501373
85.3124313
85.3473511
85.3927765
85.5002899
85.4132462
85.203537
85.1426773
84.9079895
84.652832
84.4431305
84.2277527
84.044548
83.9783173
83.8404999
83.7900009
83.7308655
83.7132187
83.6788177
83.6080627
83.5610504
83.4872055
83.4382553
83.3547287
83.2964706
83.2269363
83.3232651
83.3178635
83.3286438
83.4193573
83.4653702
83.5226669
83.608017
83.6206436
83.5298767
83.4188156
83.3204193
83.2200012
83.1501617
83.0362015
82.9805374
82.866745
82.7065735
82.4921951
82.3121796
82.2075882
82.1642609
82.3757858
82.7068481
83.1780472
83.7276764
84.2302475
84.8475113
85.4172516
85.9705505
86.4622345
86.9596176
87.5011826
88.0594406
88.6266632
89.1707306
89.759407
90.3504791
90.9651718
91.5263519
92.1116714
92.7117157
93.3602753
93.988266
94.2928162
94.9250793
95.5062103
96.0446548
96.6010437
97.0469742
97.4005356
97.7172394
97.9517822
98.2518539
98.5843353
98.9257965
99.3013535
99.5068512
99.6229324
99.5980148
99.4262695
98.8484192
98.6307144
98.4762878
98.370079
98.2616196
98.0585785
97.9199371
97.806076
97.6631927
97.4996414
97.3427734
97.1187744
96.8026276
96.3913422
95.9920273
95.5237732
95.0150909
94.328331
93.537529
92.8099136
92.0534592
91.3073654
90.5765915
89.9076004
89.4080963
89.0236664
88.6807327
88.5665665
88.3642807
88.1831055
88.0577698
87.9319839
87.8898697
87.8972321
87.9091034
87.98172
88.090538
88.1612091
88.1370544
88.0381699
87.8111801
87.5131378
87.0978622
86.5528793
85.9283447
85.3693161
84.8965836
84.4823303
84.1587372
83.9652252
83.8035812
83.6569824
83.5209427
83.4375305
83.3757782
83.3228149
83.3483353
83.4422455
83.5872345
83.8818283
83.5654831
83.4511414
83.3386078
83.3337097
83.3714676
83.434227
83.5073013
83.6483841
83.8065643
83.9499969
84.0436172
84.2099838
84.3944931
84.5865097
84.7468414
84.935318
85.1324539
85.335968
85.5241013
85.6678696
85.7841949
85.8701324
85.9995575
86.1212921
86.1721191
86.1520386
86.0936356
86.0527954
86.1813431
86.4030609
86.636879
86.9113541
87.1828995
87.4257355
87.717453
87.9985809
88.2666779
88.5102463
88.7962418
89.0796356
89.39328
89.6143265
89.834549
90.0770035
90.3072739
90.4278946
90.6046448
90.7501831
90.941658
91.1542435
91.3749237
91.572731
91.5171204
91.5256195
91.7176208
91.9037323
92.1240768
92.3935547
92.6869202
93.1232529
93.445816
93.8531342
94.2235565
94.7607193
95.2818985
95.8045349
96.3964386
96.9596024
97.5158768
98.0550308
98.584259
98.9461136
99.1795883
99.3808746
99.5126343
99.6399994
99.7240143
99.8216324
99.918251
99.8350449
99.5979462
99.2902298
98.9604187
98.6306839
98.4575043
98.2823715
98.0621796
97.8348236
97.6079865
97.3903275
97.1431885
96.7724304
96.3891144
95.8790665
95.3722153
94.9130096
94.5845566
94.224205
93.8751678
93.3883209
92.9957962
92.5503769
92.0897446
91.73452
91.2699509
90.8064499
90.3285522
89.8774033
89.4155655
89.0093155
88.5321579
88.1746826
87.756012
87.281601
86.9086456
86.5118179
86.1029663
85.7582245
85.2592316
84.7847748
84.3555603
83.9516907
83.5780106
83.2014999
82.8317871
82.5329208
82.4137497
82.3267136
82.3696289
82.5426178
82.7490234
82.8638611
82.9521027
83.004509
83.0483475
83.1403961
83.1787338
83.2518997
83.2971115
83.3898239
83.4976273
83.658371
83.7025528
83.6030655
83.5408707
83.5063477
83.4795685
83.4383316
83.3863068
83.2829437
83.3100433
83.3500061
83.2542496
83.2300186
83.2449265
83.2999496
83.3600006
83.4506531
83.4800034
83.5599976
83.565567
83.6070175
83.6883163
83.7082062
83.7344284
83.7399979
83.783287
83.848175
83.9472504
84.0001373
84.060173
84.2014084
84.3775787
84.5766602
84.7608032
84.9639435
85.1267014
85.2171097
85.2293091
85.4389725
85.5536194
85.4614487
85.3705063
85.33004
85.3386841
85.3032455
85.25
85.2036514
85.1001358
84.9909668
85.2518921
85.2153854
85.134697
85.0497818
84.9171753
84.8318863
84.98629
84.9196396
84.8981094
84.8490143
84.7977982
84.7428284
84.6494675
84.6428833
84.6890259
84.7265244
83.5789566
82.0671692
84.7002182
84.6600037
84.6697006
84.6978073
84.7441788
84.8099976
84.8799973
85.0374222
85.2420502
85.4915009
85.8526764
86.2516174
86.6567612
87.2152405
87.9211731
88.6386032
89.4071503
90.2051239
90.9568939
91.7191849
92.3245239
92.9104385
93.5127563
94.0351257
94.5878448
94.9793243
95.2759323
95.5507355
95.7568283
95.9759903
96.1599121
96.3319931
96.4953308
96.6201019
96.8022385
96.970047
97.1602402
97.4000854
97.6012955
97.7663651
97.9011078
98.0137711
98.1096268
98.2649612
98.4875717
98.6941223
98.9621277
99.2056961
99.4491348
99.7111969
99.9991684
100.286377
100.631958
100.9456177
101.2082901
101.5235748
101.8550339
102.1839066
102.5493164
102.8768005
103.3036652
103.8029861
104.2857742
104.8654175
105.4481049
106.1349869
106.5591431
106.9570007
107.1051331
107.4422913
107.9252396
108.423645
108.4801254
108.4079208
108.3199539
108.0259705
107.0923691
106.0332184
105.3160629
104.6833954
104.0999222
104.2800598
104.398407
104.6645355
104.8563919
105.1478271
105.4361954
105.6662292
105.8361816
105.8931046
105.6467667
105.3901062
105.174408
104.8402634
104.7423019
104.5934372
104.1660156
104.0692978
104.0403748
103.9685364
103.8775635
103.8983765
104.0
103.9914551
103.7879868
103.5534668
103.0572128
102.8370438
102.7672806
102.8303757
102.9264679
103.0761642
103.1970901
103.3252869
103.4508438
103.5151901
103.5754547
103.5546951
103.4293137
103.2216644
102.9709167
102.6943665
102.2288437
101.9037781
101.8301544
101.8558197
101.88517
101.9353256
102.0456085
102.1997452
102.35569
102.6337662
103.166069
103.6103745
104.4120789
105.5301971
106.3251495
106.4561005
106.5197296
106.6242828
106.7797775
106.9099045
107.0733261
107.2866745
107.4969025
107.7390366
108.0396957
108.3424149
108.6617279
109.0121307
109.3733749
109.7513962
110.2003708
110.6862717
110.4849396
110.8054428
111.4523544
111.9680252
112.6259308
114.0252457
115.2490692
115.1382828
115.0836105
112.6536026
109.075119
109.1619644
109.1749954
108.6419373
108.7048492
109.1047363
109.0890427
109.0186996
108.4930038
107.9438934
114.5232239
119.5528641
119.8410416
120.2049866
120.5153503
121.4477921
122.7408142
124.1401901
125.5861511
126.9211273
128.4261627
129.5273438
131.0791626
132.2117462
133.6128235
134.7814636
135.8583832
136.9410095
137.950943
138.8636169
139.6004791
140.2420349
140.7762604
141.2051697
141.4505005
141.696701
141.8954773
142.0393829
142.0698853
141.9593506
141.7595825
141.424408
140.7930756
140.1497192
138.712326
137.1080933
135.4686127
134.207962
133.0637207
131.6807709
130.4922028
128.9513397
127.5068436
125.8592834
124.1957626
122.7170334
121.5022659
120.398201
119.7253342
119.079895
118.8494263
118.5123444
118.1582413
117.6875
117.1975937
116.8822861
116.528656
116.1386261
115.0371094
114.4041519
113.9508209
113.4121246
112.8187027
112.3096313
111.5879364
111.0440216
110.4557419
109.8095856
109.244751
108.6868057
108.0655212
107.6219101
107.205986
106.747818
106.4359283
106.0472946
105.5372391
105.2617645
105.0605087
104.9129486
104.7925491
104.5943146
104.3329163
103.9624786
103.4015503
103.2821426
103.4259567
103.6909561
104.2983704
105.3146591
106.2821274
103.2591324
103.34375
103.431427
103.4915009
103.5181427
103.5757065
103.1828461
105.2898026
105.7085724
104.9660263
104.2825546
104.2627029
104.4198685
104.6600037
104.890892
105.1162491
105.3048248
105.5217896
105.7093887
105.5863724
106.1038208
106.52314
106.029274
107.0907211
107.2051926
106.9405441
107.0281754
107.3602524
108.1696625
108.3051376
107.9797058
108.5338898
109.208725
109.4841461
109.6948318
109.7934494
110.0849457
110.2560196
110.5427246
111.1294327
111.7648697
112.5251694
112.9641418
113.341217
114.0487671
114.5986862
114.8980637
115.0107956
115.2189713
115.1889648
115.2943344
116.1049728
116.6741028
117.0653305
117.3916855
117.1930237
116.6238632
115.9588699
115.3310928
114.9960785
115.2431793
115.050621
114.3950577
114.3808441
114.1482925
114.3930588
114.7760925
114.7418518
113.9440994
115.227623
114.6111908
115.1789398
115.8252335
115.6976318
116.0806427
117.2382889
117.0729294
118.3001328
118.7918854
118.7064362
119.2931976
119.6993637
120.2793121
121.6238022
121.2941437
121.4391174
120.8708344
120.9577103
122.130806
121.7740936
121.1315842
120.8656006
120.4882965
120.6885223
121.2114105
121.7246017
121.9850845
122.3291321
123.6304016
124.3516464
124.640686
124.323761
124.1337433
123.4779587
123.4183121
123.3865585
124.4678574
124.4293213
124.7029114
125.1044464
125.2129669
125.5009918
125.5418625
125.9310303
126.9543152
127.8090286
129.2044373
130.7434235
131.8217773
132.7496643
133.5756073
134.5105438
136.1618195
136.9688721
137.0746613
137.6386108
138.0456238
138.3282928
138.5245056
138.7985535
139.0065765
139.7491455
139.86763
140.1781311
140.6581879
140.5946198
134.5366211
134.4417267
135.0475616
134.8704071
134.6436005
141.5984802
142.1785278
142.0890961
141.2597961
140.2031708
139.2241669
137.131134
134.9306183
133.0655975
131.7417908
131.556076
129.4934845
129.0381775
128.278183
127.9069748
128.9181061
127.9156876
127.6830826
127.7470398
127.5652084
127.2963181
127.0402985
125.7827148
123.96772
123.5853882
123.6486053
124.0138855
124.2514191
123.6907501
124.6794662
125.5809555
124.9801712
125.3811417
125.650383
125.7763062
125.8702087
125.9814529
125.9315796
125.801796
126.297554
123.6760712
118.8447952
119.0123367
118.1083527
119.3622208
118.7055588
125.5220795
126.2845764
126.2309494
126.1756363
126.2317581
126.141983
126.0602646
125.8975906
125.7799377
125.6027679
125.4800797
125.3115768
125.1979294
125.0780716
124.9514465
124.8652039
124.8008499
124.6621475
124.6167221
124.5428162
124.4784317
124.4376755
124.715065
124.5761108
124.5161438
124.5943909
124.6762772
124.7395859
124.8362198
124.9394302
126.103157
125.9319
125.8176575
126.6265106
126.8706512
127.0556259
127.257988
127.45755
127.658493
127.811409
127.9906769
128.1800232
128.3322906
128.4891968
128.5766602
128.7307129
128.8717346
128.9668732
129.0660095
129.2223206
129.0812073
129.2345428
129.6786499
129.9075165
130.0490875
130.1127472
130.2320557
130.4455414
130.6346283
130.7238922
130.8136597
130.9460449
130.7148895
130.5280914
130.3544159
130.1797943
130.0664368
129.9188385
129.8112488
129.64151
129.5749207
129.3376617
129.1613617
128.8820801
128.4849701
127.6621628
126.9644165
126.3315811
126.4405823
125.5802917
125.3694382
125.4161835
125.1046753
125.6559219
126.27314
125.8943329
126.4019318
126.9434738
127.1410828
126.9853363
126.5283432
125.9324112
125.4943237
125.1839905
125.0784454
124.9919281
124.7778625
125.7116928
126.3841858
126.7457352
127.1255188
126.8841553
126.9913788
127.2121353
127.382164
127.4410248
127.1672134
126.443306
126.2250137
126.2347031
126.2704391
126.2725372
126.1148376
126.296463
126.2469559
126.3251877
126.3446503
126.3311386
126.2970123
126.26828
126.2289429
126.0684204
126.0396194
125.9319916
126.3525772
127.3523102
127.9589615
128.4120941
128.5923157
128.2936554
128.073288
127.689743
127.0059662
126.3620453
125.8696136
125.3869705
125.3804855
125.5751572
124.7266006
124.3700333
125.0699921
124.702095
125.3833466
125.753479
125.9808426
126.2004623
126.3568039
126.4298935
126.4844131
126.3421402
126.36586
126.5410004
126.6820908
126.90242
127.2027893
127.626709
128.1340027
128.8700104
129.5693817
130.266037
130.6866913
130.9179077
130.9650879
130.7945557
130.4954987
130.1313782
130.0509796
130.0846252
129.8508911
129.3824921
128.924057
128.5922394
128.3491669
128.0460815
127.4369659
127.2319031
127.0243988
126.5776215
125.9206696
125.3587875
124.6423111
124.0560913
123.6417007
123.3077698
122.9196548
122.5390015
122.3355713
122.0965195
121.868248
121.7525177
121.5466385
121.406601
121.1170349
120.8287659
120.5717926
120.4189758
120.1139297
119.6700592
119.9890442
119.9289322
119.7923355
119.3799667
119.3329086
119.2565918
118.9976654
118.7457123
119.0273895
119.6354218
118.6337967
118.8290329
118.7788086
119.0898514
119.58992
120.4230652
120.0252762
120.0184174
120.0107803
119.5008163
119.2787018
119.2293396
119.1118774
119.2095718
118.9631729
118.4162827
118.5619888
119.1690826
117.7839661
118.3292007
118.4248428
117.1398468
116.6048355
117.0937881
116.3064423
115.6196213
115.5523834
115.7112045
115.7445526
115.2251358
114.8602524
114.708725
114.4728241
114.1428299
113.9505692
114.2646942
114.0661392
113.8085709
113.452507
113.1001053
112.8523483
112.6274261
112.3153992
112.1932297
112.1146927
111.9726028
111.8280945
111.586319
111.962532
111.4690247
111.0350876
110.8124924
110.5180511
110.3903198
110.4012299
110.1934433
109.5469284
109.4289017
109.4779663
109.3827744
109.492691
109.6423035
109.4528046
109.3798676
109.5538177
109.874733
110.2965164
110.7080383
110.9718704
111.1996155
111.3015976
111.3577499
111.3380661
111.3319702
111.3209686
111.3064728
111.2944107
111.2744217
111.2410812
111.2177963
111.2007217
111.1914978
111.1851654
111.1781158
111.1659088
111.1554031
111.1422653
111.1176834
111.0963745
111.085762
111.0721588
111.0589066
111.0501175
111.0433197
111.0316162
111.0118332
110.9973831
110.9866409
110.9794312
110.9725571
110.965683
110.9599457
110.9608688
110.9691162
110.9962387
111.0352097
111.0908432
111.1417389
111.1730499
111.1955948
111.2194824
111.2496185
111.2747803
111.3023376
111.3326797
111.3644485
111.3857117
111.3992691
111.4073486
111.4139938
111.420639
111.42733
111.4336395
111.4396439
111.4427414
111.4444962
111.4457321
111.4438782
111.4468918
111.4484482
111.4483566
111.4506607
111.4509735
111.4535065
111.4565125
111.4586716
111.4566193
111.4567795
111.4589005
111.4576035
111.4568329
111.4657974
111.471611
111.4740372
111.4797516
111.4864197
111.4931107
111.4995117
111.503334
111.5066605
111.509613
111.510643
111.5075684
111.508606
111.5130692
111.5135498
111.5117188
111.5104294
111.5079041
111.5102005
111.5144882
111.5195389
111.5257034
111.5327606
111.5462952
111.5696259
111.5950928
111.612236
111.6251984
111.6337738
111.6447525
111.6539154
111.6659546
111.6795654
111.6874771
111.6952744
111.7078018
111.730011
111.7455139
111.751976
111.7663956
111.7781448
111.7846909
111.7950516
111.8004379
111.8046341
111.8124008
111.820343
111.8278122
111.8392639
111.8488693
111.8574448
111.8602524
111.8671417
111.8770447
111.887001
111.9008636
111.917778
111.9376907
111.9659119
111.9880524
112.0017471
112.0181351
112.0402451
112.053627
112.0644073
112.0760269
112.0823288
112.0923157
112.102211
112.1115646
112.1204605
112.1300507
112.1396561
112.1485825
112.1633224
112.1810455
112.194809
112.2041321
112.2187576
112.2412949
112.2572937
112.268074
112.2830505
112.306282
112.324791
112.3388214
112.3558273
112.375
112.3899155
112.4078827
112.4287567
112.4420853
112.454216
112.4670258
112.4761353
112.4876404
112.4973679
112.5040741
112.5094757
112.5187302
112.5381851
112.5553131
112.5729065
112.5897598
112.6162415
112.6341629
112.6566086
112.6748505
112.697998
112.7238083
112.7475739
112.7770309
112.8032532
112.8161469
112.8364182
112.8643646
112.9070435
112.9490662
112.9903183
113.035141
113.0810699
113.1243591
113.1545944
113.1878815
113.2256927
113.2476959
113.2749176
113.3134384
113.3450699
113.3760529
113.4091568
113.4354553
113.4558258
113.4757843
113.5018005
113.5285339
113.5666809
113.5889282
113.6049042
113.6302567
113.6456604
113.6559296
113.6685867
113.6876831
113.709137
113.7386093
113.758049
113.7705002
113.7867889
113.8089523
113.8298798
113.8488693
113.8655319
113.8828583
113.8992691
113.9214325
113.9431229
113.9652557
113.9861908
114.0073395
114.0272903
114.0438004
114.0601654
114.0770416
114.0940704
114.1160736
114.1394958
114.1616669
114.1837082
114.2057343
114.2260284
114.2495499
114.2734146
114.2957916
114.3182526
114.3407135
114.3613129
114.384552
114.408905
114.4315567
114.45401
