285.5621643
285.2628174
285.6688232
286.1027222
286.1631775
286.066925
285.5527954
285.9128723
285.8855286
284.4443359
285.2649231
290.2412415
291.004303
291.0627441
290.8963623
290.7131653
289.917511
290.2276611
290.6339417
290.0371704
288.3412781
285.194458
284.8768311
285.7766113
287.9788818
288.67099
290.7225342
290.7973328
291.0459595
291.1596985
290.8100281
290.8111572
290.7690125
290.3298645
290.5466919
290.7084351
294.658905
296.6820984
296.4985962
296.353302
296.4326477
296.40625
296.9360352
298.1699829
302.9852295
303.4343567
302.9448242
301.4483032
298.2113037
298.7717285
299.1081238
297.6809998
297.9385376
297.9593201
298.1652832
299.5796204
299.9227905
299.4983215
298.9997253
299.010437
299.3215027
299.8269043
300.1645508
300.5117188
300.738739
301.8994446
302.7894287
302.0900879
301.9768066
302.081604
302.3727112
302.5143127
302.6690063
302.7596741
302.8400269
303.2488403
303.875885
304.6386108
305.6312561
306.0459595
308.3289185
308.1078491
307.0961304
305.7654114
306.2245178
305.3475037
304.9866028
306.0042725
306.6105957
307.0845947
308.1143494
308.481781
308.1997681
307.9107056
308.4456177
309.170105
309.4742126
309.8121338
310.617157
311.6821289
310.380249
309.3489685
308.8426208
308.7010803
309.0996094
309.3224792
310.5336914
312.1770325
313.0422668
314.3970337
314.6760254
314.8608398
314.7787781
314.7221069
314.5158997
314.7420959
315.6486816
317.6803284
319.1418152
319.1117554
320.3502808
320.4189148
320.3423767
320.4642639
320.6805725
320.9800415
321.6257629
322.1189575
322.1958008
321.9481812
322.0476379
323.5206299
325.060791
325.5779419
323.9055786
322.1238098
321.0023804
320.7558289
320.5411377
320.5423584
320.4396362
320.4956055
320.5349731
320.2573242
320.3144531
319.1286621
317.638855
315.5604248
315.1352234
315.6071777
315.1022949
314.7478638
314.6889648
314.5834045
314.6210938
314.6990356
314.7026367
313.8699951
311.5834045
310.3434753
310.012146
309.5359497
309.2221069
308.952301
308.2965088
309.0115356
309.1776733
309.8489685
310.2390747
310.756012
312.6257935
314.3620605
314.8343506
315.2736511
316.1289978
316.0227051
316.9682922
318.7670898
320.982666
320.8867493
321.0250854
321.8573608
323.3518372
325.2372131
327.7619019
327.7600098
328.4213867
332.0276489
333.3734741
333.7672424
334.0638733
334.2921753
334.4979858
334.4962463
333.868988
332.1744385
329.2374268
328.2210693
327.9433899
327.4131165
324.9628296
322.6513977
321.6422729
319.796814
317.0425415
316.4403076
315.6158142
314.5663757
313.4228821
312.3728027
311.6836243
311.2129517
310.5483093
311.5610046
312.7038269
313.7547302
315.023468
316.3203735
317.6384583
319.0662842
320.9663696
321.7685852
322.262146
322.3548279
322.3235168
322.2663879
324.2838135
326.7521362
327.4114685
327.9354553
328.5593262
330.7033386
332.6000061
333.0365295
334.151062
335.9751587
337.4786682
338.6394043
338.9601746
338.9602356
338.79776
339.1611023
339.4272766
339.5964966
339.4974976
339.3289185
339.6138
341.4173889
344.2365112
345.0017395
328.5056458
326.3227539
324.0309448
322.8519897
321.3791504
322.2920837
323.8196106
324.9306641
325.3212891
324.6624451
323.4786987
322.1810608
320.9076843
319.905426
319.4233398
319.6680298
319.7001953
319.7080078
319.6349182
319.1268311
318.4082947
317.7835693
317.131073
317.3688354
317.8749084
318.3776855
318.837738
319.7937012
320.8780212
321.4440002
321.3979492
321.0381775
320.8294067
320.7253723
319.2609253
316.6795654
315.95224
316.0527649
316.1282349
316.2105713
316.6740417
317.6929321
318.0538025
318.4060364
318.1825562
318.4475708
318.3175354
317.8458557
317.181488
316.4051514
316.1170959
316.1455383
316.2232971
316.2714233
315.9892578
315.5283508
315.3728638
315.4169617
315.4245911
315.2309265
315.0312195
314.7562256
314.5092163
314.3409729
314.7364197
315.8404846
316.8231812
316.8292847
316.8770752
316.8924255
316.8948364
316.8230591
316.9321594
317.3539429
318.0061035
318.41745
318.3041077
318.6124268
318.5586243
317.316864
317.2044373
319.5943604
321.8210754
322.2893677
322.2317505
322.3504028
321.4481201
320.7728271
321.4763489
322.1457825
321.7242126
321.1810913
321.1612244
321.8569336
322.3239746
322.6035767
324.3261108
325.3418274
326.3329773
326.6062012
326.2742004
325.8486023
325.2341614
324.2395935
324.2358398
324.1879883
324.539093
325.2005615
325.6199951
325.9506226
325.9746704
325.8040771
325.7962341
326.1902466
327.1535645
328.1755981
329.2324219
329.9689941
329.5224304
329.3364258
329.9207458
330.8941345
331.7180481
331.6729126
331.4048157
331.216217
331.1477356
331.3669739
333.0232849
334.0421448
334.696991
335.6486816
336.7258606
337.8266296
338.7529602
338.9281006
338.6131897
337.5960388
336.8605652
335.9898987
336.2628479
335.8476562
335.1520386
335.8031616
336.7458496
335.0827942
334.4376221
333.3146667
331.4519958
331.6899719
331.9685669
331.9137573
331.8724365
331.8674316
331.7495422
331.8140564
331.9188538
332.0222473
332.2006531
332.4853516
332.9050293
332.7887573
332.8926392
333.2305908
333.9750671
334.4467773
332.1494141
329.4798889
329.2223816
331.4484863
332.971405
334.3091125
334.6801758
334.2366028
334.253479
334.7223206
335.0843506
336.7112122
340.4811096
340.3120117
339.7307739
339.8475952
339.7763062
339.8052063
339.5471802
339.613678
340.4394226
343.1748657
345.3387756
345.5092163
346.2776184
349.9914246
351.2409058
354.2666626
356.1694336
356.4268494
356.3588257
356.3668213
356.4058228
356.1270752
353.5440063
352.7907715
351.7986145
351.6326599
353.4971619
357.4248962
359.7638855
361.7494202
365.3637695
365.5912476
365.2507935
369.1251526
369.0180969
371.7328491
369.3145142
373.0398865
377.4543457
378.8338623
383.0910034
385.239624
383.9710999
390.5481262
396.2345581
398.3724976
402.9768372
407.6401062
408.1045837
408.1324768
407.9452515
407.5796509
407.1465759
406.4076538
403.1001282
401.04776
399.4815369
395.6966858
394.2032776
390.1099243
388.8551636
386.7053528
381.9495544
377.7753601
372.6505737
371.2766724
369.1340942
366.177124
363.2996216
360.0416565
356.2633972
355.4653015
348.6983337
349.8852539
350.4579468
351.4225159
352.1366272
353.6284485
354.6003113
354.3482361
353.761322
352.8486328
351.9455872
351.5675659
351.5748901
351.8471985
351.9127808
351.9152222
352.8570862
355.399353
357.7553711
358.540802
360.2640686
362.0686951
364.7730713
365.3418884
365.3934937
367.3541565
370.5333557
371.1137085
374.8602295
376.4889526
377.1905212
379.3323669
381.4534607
382.7434387
384.6911316
387.3282471
388.7755737
389.8594055
392.6369629
395.492981
396.0370483
395.9378357
395.6651611
395.2885132
394.9555359
394.4129639
393.3567505
390.8074646
389.4429932
385.1039429
384.8024902
384.7440491
384.8236694
384.7127686
384.949707
387.715332
388.8813782
385.9849548
383.4670715
383.5016479
383.7933044
384.1494141
383.2297974
382.6685181
382.9515991
382.5616455
379.1467285
378.4924927
378.4736938
377.7314453
376.9397888
375.0401917
374.3675537
372.063385
372.2849121
372.1822205
367.4914551
363.2119141
360.544281
359.1016541
358.4464111
358.1714783
364.4329224
365.6242065
365.7391663
365.9371643
366.1395569
366.5319824
367.0029297
367.73526
368.1124573
368.5239258
368.4224854
367.9627991
367.8414001
368.3729248
368.7201538
369.5626526
370.3835754
370.8006592
371.1621094
371.3594971
371.8457031
372.4794312
372.9969482
373.4858398
374.1524963
374.9055786
375.3716125
375.6855774
375.8616028
376.0020142
376.0863037
376.2580261
376.2843018
376.32901
376.4108582
376.6845703
376.9472656
376.8348083
376.5347595
376.276886
376.4218445
376.8327026
377.7044983
377.6229553
376.6416626
373.1000366
371.2173157
363.8634644
366.8357239
371.5948486
372.0270081
372.870697
374.039856
375.3764954
376.3431091
377.0511169
377.5264282
377.7583008
378.8851013
382.5205688
383.729126
384.6250305
388.4871521
389.710022
390.7571106
394.5655212
395.1874695
395.0027466
398.0093079
401.1054993
401.2512817
401.1814575
401.5211792
401.3413696
397.5184937
396.9274292
402.0745239
402.8579407
399.5837402
396.5812073
395.0231323
390.4984741
385.9643555
383.2041321
387.0641479
387.0600891
384.3797607
383.0912781
380.4866943
378.3490295
377.9498291
377.8656006
377.8100281
377.8230286
377.8460083
377.9680176
378.4810791
378.5038452
378.8727722
378.7413025
377.8641968
377.812439
376.4764709
376.8994141
381.3855286
383.333313
383.7969666
384.7559814
385.3776245
384.2255249
382.8097534
381.4288635
378.5707092
376.6577759
377.3239136
378.066925
378.3874512
378.5202332
378.1382141
377.7532349
377.8147583
377.7062988
377.7333984
377.8112793
377.8678589
377.815094
377.8259277
377.845459
378.0317078
378.4143372
378.4754028
378.8563843
378.6627808
377.8593445
377.8074341
376.4284668
377.0092773
381.7290039
383.4866943
383.7905579
384.8808289
385.0109253
384.8265686
385.5651245
386.2690735
387.1722412
387.8973083
388.1542053
388.1660461
388.1178894
388.2458496
388.2879639
388.3742065
388.1876526
387.8586121
387.3825989
387.197937
386.6620483
386.7104492
387.1259155
387.5942993
388.2960815
387.6648254
386.4309692
384.6970825
383.8711548
383.8710632
383.8710632
383.9904175
384.0142822
384.2834778
384.3944092
384.5808105
385.1526184
386.1298828
387.0951233
387.2806396
387.3513184
387.5292664
387.8195496
388.1174927
388.5441589
389.0787659
389.5814514
390.8031006
396.2398376
396.2683105
395.5930176
391.4645081
391.0223999
390.7945862
390.5899353
390.4099426
390.2680054
390.8249817
391.3840637
390.9978638
390.7383728
390.2425842
390.5508728
393.1580505
394.5298157
394.5991516
394.4352417
393.4692078
391.5250854
391.2540894
391.569458
390.786438
391.0698547
391.4750671
391.7325745
392.0276794
392.2150269
392.4888916
392.6225281
392.612915
392.6943054
392.8287659
392.8130798
392.8039551
392.8525085
392.7789307
392.8295288
392.8586731
392.9576721
393.1048279
393.1948547
393.3076172
393.4042358
393.6878052
393.8598328
393.8625793
393.9717102
394.2209167
394.5350342
394.6256409
394.6719055
394.855072
395.1596069
395.2775879
395.302887
395.6022644
395.8426819
396.0120544
395.4159546
395.0746155
395.0706482
395.8272705
395.8809509
396.9872742
400.319519
400.9890442
401.0684509
400.0952759
399.4417419
399.4000854
399.5428467
399.8040161
400.0571899
400.3731384
400.703064
400.9363098
401.1916504
401.7780151
402.090271
402.1492615
403.6880798
403.672821
402.8981018
402.7658997
402.7524414
402.7642517
402.238739
401.5157471
402.2574158
402.3274231
402.7127075
403.0293579
405.2093811
406.7763672
408.394928
413.3540039
416.3858948
418.2679138
419.0099487
419.864502
420.6168213
424.6484985
427.5516663
430.040802
431.4615479
432.089325
432.5615234
437.0097656
438.0339966
440.4978943
443.6271057
443.9749451
443.7319336
442.5031433
441.1535034
440.0317993
439.6004944
439.50177
439.5113525
438.9676208
438.2797241
437.3184204
436.384552
436.4364319
436.749939
436.2261353
435.3983154
434.8986816
434.84021
434.7144775
434.5814514
434.3831177
434.2722473
434.2209167
433.7365112
432.3772583
432.1575623
433.4641724
434.399231
434.8453674
435.3062744
435.5120544
435.9018555
436.5575562
437.596283
438.5626831
439.361908
439.7424927
439.508606
439.2189331
438.4962769
439.0604553
440.967865
444.3748474
445.8196411
446.3285217
447.0859375
448.2570496
448.957428
448.9089966
448.4698181
448.5788879
449.9365234
451.4754944
451.1362915
450.9836731
451.3881531
451.4230957
451.2860413
451.1939697
452.2918091
452.3110046
452.3540039
452.9489746
454.6886292
456.3169861
456.9177551
456.8896484
457.0472107
457.5785828
459.3776855
461.4058228
462.2800293
462.3135376
463.2029114
463.3850708
463.4613953
463.3737183
463.339386
463.608429
465.2440796
466.188385
466.5900269
466.6037903
466.3365173
466.2490234
467.2770386
470.4354858
471.7477722
471.8602905
471.4104004
470.8135071
470.0755005
469.8589172
469.9861145
470.3216248
469.6008911
470.9729004
472.3477783
472.8243408
472.0509644
472.2889709
472.5361938
476.9361877
476.5899353
476.8049011
476.2819824
476.3739929
477.2207336
477.0428772
477.9572144
478.1318359
478.4701233
479.0752258
480.6775818
484.7935791
485.8371582
486.8577881
492.9133301
500.4716187
503.3222351
505.3932495
505.6468811
507.3450317
508.9718933
508.9663696
508.1748657
506.5776672
504.4102478
503.07901
501.8708191
501.0173645
501.0460205
500.6850281
500.7034912
500.9931641
501.2723389
501.20755
501.4431458
501.6502686
502.1538391
503.6388855
505.909729
507.0035095
507.2974854
508.1043396
509.3323669
510.7525635
511.4076233
511.1263733
511.7561035
511.9881897
511.4522705
511.964386
511.9685059
511.4632874
511.2692871
511.4074402
512.2285156
513.4330444
514.9436646
516.663208
518.1516113
518.9034424
521.0166626
523.4899902
523.0287476
521.3513184
521.7509155
523.5302734
524.0079956
523.883606
524.0696411
525.4139404
527.088623
528.0636597
529.303833
531.1057129
533.380127
535.9413452
538.3082886
542.223877
545.9684448
549.8968506
552.8873901
554.9921875
557.0011597
559.2416992
562.2808228
568.0540161
575.1140747
581.7205811
584.9706421
582.3769531
577.2938843
572.3291016
568.8380737
565.9507446
562.5722046
560.5770874
560.1738281
559.2730103
557.1714478
554.8452759
553.5658569
553.4412842
554.572876
557.541626
561.796875
566.0440674
569.7619629
572.8919678
574.5375977
573.576355
570.5453491
566.7573853
563.4016724
560.569458
558.1722412
555.7306519
553.9598389
552.8325195
551.6225586
550.8565063
550.6726074
550.640625
549.7304688
548.9940186
548.5739746
547.7904053
547.098999
546.9763184
546.5852661
545.2788696
544.1405029
543.1611938
542.5027466
542.2106323
541.5101318
540.3530273
539.5426025
538.1304321
536.8511353
536.1763916
535.1331177
533.9945679
533.0717773
532.5799561
532.4700317
532.9217529
533.2689209
533.4301147
533.1482544
532.4673462
531.7703247
530.9042969
529.9527588
529.3688965
529.3548584
529.5218506
529.6782227
529.7529907
530.1005859
529.8743896
529.859436
529.7584839
529.3031616
528.5075073
527.6712036
527.0206909
526.4174194
525.7514038
524.5060425
523.199707
522.7207642
522.6711426
522.5006714
521.9891357
521.5377197
521.3580322
521.6584473
521.986084
522.4238892
522.4970093
522.8480225
522.4376221
522.262207
522.4188843
522.3820801
522.3936157
523.5290527
524.2798462
523.4651489
521.6962891
521.112915
522.7039795
525.3522339
527.5779419
529.074707
528.9476929
527.7270508
526.0418091
525.8032837
527.7294312
529.4207764
529.2661743
527.6519165
525.8070679
523.6663208
521.1884155
519.3388062
518.7280273
519.1847534
519.9624023
520.1537476
519.4180298
519.5608521
520.8355713
521.5357056
520.2982788
517.5635376
514.7585449
511.5595093
507.5699768
504.5752869
505.4004517
510.1383362
514.6757812
518.335144
522.7669678
526.6332397
527.0401001
524.1463013
521.6987305
522.1518555
525.5820923
530.8640747
535.6993408
539.2363892
542.3565674
545.7283325
549.2665405
552.6812744
556.3617554
560.1967773
563.6783447
566.7962646
569.3233032
571.017334
572.5661621
574.1723022
575.7356567
576.779541
577.0465698
576.3930054
575.2255859
573.2627563
571.2598267
570.6107178
572.4769897
574.8423462
576.4897461
576.6824951
575.0735474
572.4541626
569.5612793
565.5540771
560.4371948
554.9418945
549.8188477
545.5136719
536.3828125
535.0890503
533.9904785
534.2977905
537.0432739
541.0745239
545.4158936
549.4446411
553.0901489
555.9005737
556.4855957
553.2714233
547.7731934
540.8099365
533.9423828
527.2861938
522.428833
519.5869751
519.3982544
521.3364868
523.9873657
526.7234497
528.4569702
529.1708374
529.2001953
526.897583
523.013916
519.6063232
517.4974976
513.684021
509.8475647
506.4912415
503.2118835
500.5337219
498.7163391
498.9206543
501.8411865
504.1178589
504.3918152
503.0274048
500.960968
497.7182922
494.1589966
490.7470703
487.4606628
483.9905701
480.1132202
475.9254456
472.0049744
469.1418152
466.5053101
465.4760437
465.4387512
465.3810425
465.045166
465.4396362
465.3998718
465.3001404
464.75354
464.7816162
464.6455078
463.9023132
462.0662231
460.0989075
458.9657898
458.8358765
458.9516602
458.6969604
458.061554
457.677948
457.9535828
458.2724609
457.3579712
455.4443359
453.9520569
453.0891418
452.6542053
452.6908875
452.1427307
451.3717957
451.3886719
451.6457825
451.5121765
450.7814941
449.5325317
448.7105408
448.3171082
447.9406738
447.8731079
447.5426025
446.7941284
446.589447
447.2077026
448.0236206
448.0052185
447.8882751
447.9938965
447.6936646
446.5257874
445.2787781
444.2481079
443.5166931
442.9831848
442.6046753
442.4046021
442.3709106
442.3547058
442.2689819
442.0809631
441.6558228
440.806427
439.705719
438.759613
438.2107544
437.9313049
437.544342
437.2055054
436.8526917
436.2747192
435.4081421
434.3614807
433.4238586
432.8041077
432.8292847
432.850769
432.2359009
431.0336609
430.2714539
429.7382812
429.7880859
429.2720642
428.0324707
426.9837952
426.9007263
426.7381287
426.1160583
425.2164917
424.2845764
424.1403809
425.0062561
426.7315979
428.305542
429.3674011
430.140625
430.7180176
430.9523926
430.7696533
430.1977539
429.3794556
428.8682861
428.6733093
428.6154175
428.7246704
428.9918213
429.1486816
429.3280945
429.6330872
429.9472046
430.149353
430.5211487
431.0415955
431.6757202
432.1175842
431.6357422
430.4481506
428.460083
425.6743164
422.1760864
418.9576111
416.5942993
415.5189819
413.6634521
411.2593079
408.7206421
406.3889771
405.2600708
404.8910217
405.0312805
405.5372925
405.2029724
405.2671204
405.4754028
405.3401184
405.222168
405.1253967
405.0076599
404.7739563
404.5423279
404.387207
404.1931152
403.9567261
403.4177551
402.8434143
403.0775757
403.3928833
403.5010681
403.4965515
403.5065308
403.6554565
403.7743225
403.8191223
403.8497925
403.90979
404.0163269
404.2270508
404.5010071
404.7652893
405.0396423
405.2615051
405.4751282
405.2944336
404.7700195
404.1220093
403.549469
403.1400452
402.7080688
402.3323669
402.4489136
403.0883484
403.3209534
403.9278564
405.0868225
406.3014221
407.4126587
410.0173035
413.1981506
415.1604614
416.6037292
418.4253845
419.9947815
419.6890564
418.9577942
417.0300598
417.1773376
420.2504883
425.4371643
429.5890198
430.966156
431.6774902
432.7453003
434.6903992
436.4604187
436.7457581
436.0716553
435.6487427
435.7225037
435.4137573
434.3658752
435.1493835
437.480072
437.480072
435.8720093
435.7501221
434.6698303
432.6602478
430.1744385
427.947052
427.3415527
426.7550659
426.2546082
425.9130249
424.8318176
424.2802124
423.0838013
420.7058411
417.7719116
415.8171997
415.3803711
415.5410767
415.6420288
415.6358948
415.5082397
415.263031
415.0947571
415.1196289
415.2636414
415.2462158
415.1139832
415.3358459
416.0192871
416.6011658
417.0141296
417.0266724
416.9507751
417.1626587
417.5870972
417.7229919
417.2556152
417.4759827
417.8601074
418.769165
419.7554321
420.1908875
420.3223877
420.7259521
421.2085876
423.5461426
424.502533
424.023468
423.6468201
422.9312744
423.2198486
423.1708374
422.5157471
421.9262085
421.8408203
420.9533081
421.3070068
421.3762512
421.4602051
421.5531006
420.6785889
420.6038818
420.9230957
420.1974487
420.2213745
421.0748596
421.8986816
422.2752686
422.2249756
422.6923218
423.5433655
423.8744812
423.6151733
423.3971863
423.083313
422.6782532
422.7872925
422.8457336
422.8247986
423.4455872
423.8749084
424.1082764
424.0772095
423.4898376
423.1728821
423.4320679
423.8302307
424.578186
425.9398193
426.7756042
427.5575867
427.8903809
427.378418
427.5083923
427.4532776
428.0022583
428.9324036
429.203125
429.3251953
429.0393982
428.7635803
429.3319092
429.4689941
429.8772583
429.603241
429.3059692
429.1730347
429.027771
429.2220154
429.7098389
430.2473145
430.7068176
430.7938232
430.762146
430.8682861
431.142395
431.6305542
432.1099243
432.5053101
433.0356445
433.9249573
434.5918274
436.6239014
437.9173584
435.783905
433.8477478
434.7966309
435.1757507
434.4275513
434.8899841
435.5715637
435.8283081
436.1999817
436.914917
438.2357178
440.6506348
442.3453369
443.0267334
443.0091858
442.7111511
442.1448059
441.414856
441.6116638
441.6800232
441.8893738
441.3902588
440.1651611
438.6604004
436.9114685
435.4291382
434.0985718
434.627533
436.088623
437.7437439
440.097229
441.3023071
441.9152832
442.1230164
442.1544495
442.049469
442.0244141
442.033844
442.3118896
442.5204773
443.527832
445.1108398
445.7668152
446.0556946
446.8377991
447.4355164
448.7381287
449.450531
449.339386
449.1515198
449.666687
449.7743225
449.4958191
449.2279663
448.9448853
448.5449524
447.9389038
447.3442383
446.9988708
446.8981934
447.3169556
448.0181274
448.4937744
448.7065125
448.4538879
448.0800171
448.2388
448.1419678
448.1400757
448.2575989
447.5770874
446.2464905
445.8026428
446.2416077
447.0694885
448.0414734
448.5915222
448.9785461
448.5428467
448.3519287
447.8469238
447.51651
447.1237793
447.2427368
447.719574
448.0071106
448.6333923
448.5720215
448.8516541
449.6585083
450.473938
451.5274353
452.493866
452.7335815
452.6514893
452.5776062
452.4011536
452.3269958
451.3893127
450.0194092
449.434906
449.450531
449.5777893
449.5567017
449.3743591
449.1108704
448.8407593
448.5895691
448.4511719
448.4126892
448.3794556
448.2536316
447.949646
447.6114197
447.2254333
446.6749878
446.1578369
446.6917419
448.4341431
449.299408
448.4535522
446.070343
442.5999756
439.3405457
437.5777588
437.0439148
436.9057007
436.9632874
438.8278809
444.0058289
443.6679382
443.206665
443.3783875
443.3225098
442.9925232
443.7234802
444.3007812
444.7966614
445.8288269
447.2279968
448.4559021
448.3023682
447.5802002
447.852478
448.2311096
448.0746155
446.8510742
444.8815613
443.3769226
443.5386047
443.1576233
441.8512878
440.9507141
441.443573
441.9316711
441.9673767
441.7075806
441.3893738
440.9021606
440.7643127
440.4768677
440.3910828
440.6783447
440.9431763
441.2444458
441.2931824
441.1537476
441.0624084
441.0756226
441.165802
441.2693481
441.3638611
441.4246216
441.2590027
441.0310669
440.9434814
441.3267822
442.0883789
443.1069641
444.0792236
445.1080933
445.9760437
446.7994385
447.2944336
447.6495361
448.115387
448.6499329
448.8043823
448.6047974
448.4038086
448.4470215
448.618927
448.5976562
448.5168762
448.4391174
448.5032043
448.7069702
448.9709778
449.1668091
449.2987671
449.4000854
449.3742065
449.2028809
448.9613037
448.8194885
448.7237549
448.6564331
448.5643005
448.4821472
448.4538269
448.4663696
448.5964355
448.6603394
448.7481079
448.8370667
448.9160767
449.008667
449.1642456
449.3970947
449.640625
449.8501282
450.0545959
450.3279114
450.7823181
451.4830627
452.3971252
453.4338074
454.4821472
455.4312439
456.2285156
456.9150391
457.6076355
458.4196167
459.3970642
460.4273987
461.3025208
462.0259705
462.9393005
464.2019653
465.0400085
465.6891785
466.2559509
466.8795166
467.3736572
467.7962952
468.239563
468.8881836
469.8070679
470.6249084
471.4044189
472.4650269
473.5095825
474.1825867
474.7008667
475.3395996
476.1583252
477.0933228
478.0753479
478.9935608
479.8098145
480.5419006
481.2100525
481.7617798
482.1609802
482.4425964
482.6524048
482.8208618
482.9721985
483.1162415
483.2380981
483.3778992
483.733429
484.4462891
485.1463623
485.6622314
486.1404114
486.7075195
487.5666809
488.6155396
489.8291321
491.1566772
492.973114
495.2666016
497.5296936
499.5019226
501.4497986
503.6377869
505.9862061
508.1642456
509.9813843
510.6295471
510.8024597
510.6279907
510.4477234
510.1607971
509.3108826
508.0297852
507.132019
506.6674194
506.243866
505.8121338
505.4517517
505.1590576
505.5336304
505.9976196
505.8934326
505.2691956
505.0020752
505.5568848
506.7857361
507.3189392
507.5538635
507.994873
508.6800232
509.2457886
509.4815674
509.9361877
511.0782471
513.3154907
514.723877
515.2787476
515.6722412
516.003418
516.2078857
516.7143555
518.7984619
520.6340942
521.6184082
522.2537231
522.7019043
523.0529175
522.4888916
522.3665771
523.4347534
525.5348511
526.7825928
527.0963745
527.4660645
527.9364014
528.4371338
529.0778198
531.1851807
533.9034424
534.2322388
534.2161865
534.0568848
534.0994873
534.163147
533.8847656
534.3829956
535.3358765
537.5991211
539.3672485
540.0619507
540.3720703
541.3168335
543.7112427
545.4154053
545.434082
545.4371948
545.7507324
546.487793
548.2947388
550.2185669
550.651001
550.7857056
551.3114014
551.5757446
551.5723267
551.4927368
551.7053223
551.7773438
551.8858643
552.3930054
553.7554321
554.7272339
555.5807495
556.6340942
557.1777954
558.1045532
560.0686646
563.5150146
564.0377808
563.9960327
564.2332764
564.4117432
564.649353
565.4274902
569.5413208
570.18927
572.8282471
576.2466431
576.6776733
576.7870483
576.2702637
576.977417
579.2062378
582.0079956
582.1984863
584.8557129
586.6975098
586.8809204
586.3828735
586.9916992
588.4498901
590.5653687
592.7940063
594.0234985
594.0100098
593.1627197
593.2088623
594.1022339
595.1224365
596.1507568
598.8653564
599.7298584
600.3272705
601.055481
602.4923706
605.9362793
606.5469971
608.1745605
611.8265381
614.1454468
617.2349854
618.5219727
619.1224976
621.0181274
624.5888062
626.585022
628.3582764
631.0930176
631.4851685
631.0178833
628.7172241
626.8449707
625.8170776
625.3771362
625.3305664
625.6369019
626.0494995
626.3040771
629.2096558
632.307373
635.3206177
635.6216431
635.4174194
635.3898926
635.4244995
634.0170288
632.1875
630.4990234
629.5170898
629.3969727
630.0374756
629.8087158
629.6802979
630.1373291
630.649231
631.0016479
631.0288086
630.8604126
630.3858643
630.2536011
629.6313477
629.5456543
629.9868774
630.3352051
630.7136841
631.1130981
631.592041
633.1044312
634.1230469
634.1500854
632.8081665
632.7208862
632.9821777
633.3588257
633.6695557
633.8674316
635.8786011
637.8568726
638.9891968
639.5482178
639.6923218
639.7714233
639.8114624
639.8110962
639.887085
639.8760986
639.8845215
640.2489624
643.6156006
645.1508179
645.5271606
645.9318237
646.4292603
648.4543457
649.4648438
650.1203003
650.6603394
651.1519165
651.4751587
651.6390991
651.6403809
651.571228
651.361145
651.8048706
652.6615601
654.2642212
655.9180908
657.2830811
657.8085938
657.505188
658.1719971
658.8178711
660.2539673
661.2300415
661.208374
660.758667
660.5144043
660.6663818
660.7891235
660.987793
661.0394897
660.8428345
660.8347778
660.9718018
661.5872192
661.6688843
661.4338379
661.5238037
660.7461548
659.2687988
658.0377808
657.8200684
657.6409302
657.0808105
656.1571045
654.9736328
653.4921875
652.0970459
651.0401001
650.3925171
649.4477539
648.0251465
646.4327393
645.8237305
645.5338135
645.2368774
645.2606201
645.2868652
645.1783447
645.0928955
645.0080566
645.0474243
644.9918823
644.8182373
644.6043701
644.5543823
644.8165283
644.6835327
644.5171509
644.4417114
644.3008423
644.197876
644.0386353
643.3043823
642.524231
641.2546997
639.8378296
639.4244995
638.4047852
636.2376099
634.1367188
633.432312
633.1386719
632.6901855
632.4986572
632.4458618
632.5296021
632.6333618
632.5087891
632.289978
632.3401489
632.3392944
631.9707031
631.2191772
630.3718872
629.4859619
628.6477661
628.8119507
629.9172363
632.182373
633.7265015
633.9478149
634.5377197
635.1013184
635.4263306
636.0187378
636.7581787
637.678833
638.8169556
639.6427612
639.975708
639.9943237
639.9902954
639.9941406
639.9907227
639.9104004
639.5527344
639.4034424
639.5056763
639.5238037
639.3406372
639.2487183
639.1306763
638.7750854
638.1052246
636.7887573
634.3929443
633.3469849
632.8811035
632.43927
632.0650024
630.9786377
630.3261719
628.9174194
628.0529785
627.8711548
627.7954102
627.7484131
627.8141479
627.9165039
627.8341064
627.5795288
627.5852051
627.5147095
627.3858032
627.3692627
627.4658203
627.642334
627.7498779
627.7530518
627.7783203
627.8215332
627.9758911
628.4820557
629.4419556
630.1113281
630.5821533
630.9918823
631.3834229
631.7224731
632.1046143
632.3794556
632.5062866
632.6080322
632.7427368
632.8226929
633.1262817
633.5205688
633.7889404
633.8803101
634.180481
634.3776245
634.456543
634.6842651
634.9221191
635.1241455
635.4025269
635.7755127
636.2238159
636.699646
637.0213623
636.00354
634.996521
634.546814
634.2275391
634.1675415
635.763916
638.5117188
639.8930664
640.7241821
641.3337402
641.9296875
642.5335083
643.1740723
643.8230591
644.5113525
645.1928101
645.4853516
645.6626587
645.7797852
645.8319702
645.8922729
645.9499512
646.19104
646.8256226
647.2772217
647.4390259
647.277832
646.7686768
646.0392456
645.8859863
645.9720459
645.9707031
645.7792969
645.362793
644.9436646
645.0470581
645.4824829
645.7718506
646.2619629
647.0647583
647.6501465
647.9070435
648.0131226
648.055481
648.0246582
647.9971313
647.9146118
647.8450928
647.7394409
647.6995239
648.0761719
648.7624512
649.4787598
650.1636353
650.4870605
650.6624756
650.7710571
650.9371338
651.4760132
652.6938477
653.9133301
654.4254761
654.4557495
654.3508911
654.2896729
654.4689941
654.9812012
655.6313477
656.2692871
656.8632202
657.5270386
658.43573
659.3031616
659.8793335
660.274231
660.5493774
660.6687622
660.6962891
660.5863037
660.4516602
660.5426636
660.7971802
660.9581299
661.2271729
661.6263428
662.0093384
662.3626709
662.8450928
663.4329834
664.2780762
665.0756226
665.4614868
665.6043091
665.6855469
665.8361816
666.0894165
666.3514404
666.5608521
666.8161621
667.1936035
667.7280273
668.2937012
668.829834
669.5083008
670.34198
671.1193237
671.4389648
672.0030518
672.487915
672.8701782
673.2307739
673.788147
674.4431152
675.0761719
675.4041748
675.5534668
675.7190552
675.852356
676.0455322
676.359314
677.1278687
678.7776489
680.5027466
681.8518677
682.8589478
683.6669922
684.0593872
684.3237305
684.9355469
685.8269043
686.5661621
687.0866699
687.3875732
687.5776367
687.6017456
687.3440552
687.0012817
686.8654175
686.828125
686.7609863
686.5953979
686.2193604
685.8746948
685.6394043
685.4424438
685.2038574
684.987915
684.8961182
684.9354248
685.0899658
685.3465576
685.5953979
685.6868286
685.7176514
685.7583008
685.7249756
685.6373901
685.5855713
685.5013428
685.4104004
685.2093506
684.6174927
684.0934448
683.7804565
683.559082
683.4313965
683.2441406
682.6798706
681.5918579
680.4215698
679.4135742
678.6044312
677.8479004
676.6887817
675.2196045
673.7047729
672.2794189
670.9735107
669.4546509
667.6447144
665.9138794
664.5150757
663.3621826
662.9370117
662.8986206
662.9555054
663.3527832
664.2510986
665.3668213
666.8151245
668.7463989
670.3375854
671.3956909
672.4215698
673.5055542
674.5435791
675.4887085
676.4632568
677.4584351
678.3551636
