149.532287598
149.987243652
149.362258911
150.031814575
150.513687134
151.184204102
151.670684814
152.043151855
152.678070068
153.66178894
155.377792358
155.899032593
155.769973755
155.605957031
155.471862793
155.164627075
154.948226929
154.551086426
154.072540283
153.892288208
153.695266724
153.877105713
154.296569824
154.915100098
155.568756104
155.851882935
156.296234131
156.520568848
157.38760376
158.232833862
159.393066406
159.601455688
158.962738037
156.6693573
154.215011597
151.617736816
148.013565063
143.455444336
141.076644897
141.714294434
141.984863281
142.635742188
141.450637817
142.755859375
142.899856567
142.311233521
142.562103271
143.539123535
143.263687134
137.570983887
135.53125
134.334854126
132.263320923
129.040740967
128.410079956
126.918457031
125.361953735
125.418731689
125.096008301
125.323997498
125.099731445
125.616607666
125.441375732
125.143157959
124.768585205
124.668807983
124.124053955
123.308013916
121.25642395
120.73110199
119.812431335
118.761100769
117.135856628
116.613121033
119.166107178
122.531669617
125.105369568
129.492263794
130.96585083
129.214385986
129.203140259
129.010955811
128.420837402
131.231124878
134.57333374
138.696121216
136.966049194
134.421829224
130.761779785
132.391311646
131.888381958
127.84790802
126.916755676
123.897872925
121.502243042
116.128845215
115.903556824
115.633888245
114.285797119
111.85042572
115.848701477
117.323738098
118.945449829
116.812255859
116.349349976
117.080688477
118.082069397
119.752792358
123.317710876
125.264915466
121.354064941
119.891090393
121.03515625
125.34375
132.709014893
142.776779175
151.262527466
153.40788269
151.820846558
146.875320435
141.411422729
134.704406738
128.120956421
129.286376953
138.285308838
144.080673218
137.089889526
129.725570679
125.936569214
129.770614624
138.489624023
143.945449829
143.624237061
137.438674927
131.591644287
129.281921387
125.946723938
125.468528748
128.258605957
131.763092041
133.120040894
135.864944458
142.788238525
146.603179932
146.067092896
146.054122925
149.147796631
149.61164856
146.557739258
143.58644104
139.242660522
144.603713989
142.468826294
136.330169678
140.053634644
147.721817017
145.208496094
143.324386597
137.370193481
133.206954956
132.071365356
135.504959106
138.615585327
141.502639771
144.101257324
146.231231689
149.992874146
150.805923462
150.77571106
149.350234985
147.835617065
145.944824219
142.293136597
139.960250854
135.066055298
131.682510376
130.592468262
136.38772583
136.417770386
135.865966797
139.525924683
144.978347778
142.993789673
138.425964355
135.033752441
134.317993164
127.687232971
134.7943573
140.377426147
144.484375
145.033462524
143.555801392
143.309738159
142.75932312
140.737319946
138.666091919
139.549316406
138.871109009
135.566970825
139.716262817
140.782821655
141.442581177
142.116317749
142.667022705
142.320388794
140.529342651
140.188049316
141.34513855
142.112289429
145.0078125
147.351165771
150.698608398
152.212982178
152.386154175
152.343704224
151.65007019
149.234191895
146.982376099
144.753890991
142.621078491
141.425949097
139.503341675
132.459823608
134.186477661
138.009750366
139.435592651
138.493911743
139.023590088
136.409255981
134.151397705
136.48425293
141.385253906
141.392623901
141.640777588
142.295455933
142.263046265
143.917770386
144.936019897
144.930938721
146.390365601
146.758636475
147.048812866
149.960662842
152.228256226
151.914855957
149.916748047
148.640213013
149.463973999
150.759841919
153.031967163
152.984191895
153.405487061
148.296585083
146.49961853
143.713424683
139.478973389
135.26612854
134.234359741
132.243057251
134.038345337
130.783630371
133.544311523
138.062988281
134.916275024
134.898666382
135.008666992
136.39302063
139.751113892
137.268447876
140.125411987
142.769866943
139.020599365
133.677642822
139.584121704
144.239089966
144.798019409
140.243637085
140.294052124
143.392288208
141.398788452
141.5493927
145.059906006
147.590194702
148.304016113
152.507232666
159.298950195
165.554977417
166.675720215
164.388900757
160.326202393
154.267089844
147.590286255
145.371459961
140.342315674
139.562789917
133.947006226
132.879501343
133.095855713
138.66116333
139.030853271
139.409729004
138.08291626
141.091094971
136.123809814
130.134674072
127.866905212
127.857719421
132.176391602
139.76423645
139.699569702
134.089981079
134.405487061
127.03339386
127.87525177
131.102920532
134.079681396
132.112060547
130.022399902
128.690063477
127.831787109
127.880905151
126.386428833
129.005981445
128.067337036
130.965164185
133.038574219
134.314178467
133.865127563
134.180389404
134.34185791
134.341156006
134.085250854
134.085021973
133.933258057
134.113220215
134.782043457
135.599594116
140.075149536
141.135604858
146.242050171
147.889831543
142.083374023
140.239730835
143.040878296
145.675460815
149.830581665
152.841995239
152.352859497
154.098876953
152.116821289
143.962142944
140.600418091
141.059921265
145.622314453
137.578903198
134.236495972
134.771774292
135.110214233
134.599609375
133.409103394
134.124938965
134.300338745
134.71105957
134.956344604
135.959335327
137.142730713
137.136032104
137.163238525
137.399047852
137.583450317
138.320709229
138.695709229
138.740615845
140.758514404
142.690490723
143.150360107
143.925262451
143.280944824
143.285049438
143.964706421
144.929779053
145.41607666
147.662628174
152.005661011
156.042358398
162.034072876
163.651062012
157.702072144
155.239120483
152.894515991
154.069610596
158.121871948
165.486999512
169.443252563
171.226226807
171.484909058
175.348403931
174.576904297
172.903900146
167.576782227
160.708633423
157.306152344
157.139175415
157.474609375
157.708511353
157.714569092
157.735656738
152.642959595
155.579910278
163.658096313
164.861236572
175.95954895
175.339920044
173.930969238
168.341140747
169.70324707
173.734451294
170.537536621
164.846862793
168.785186768
172.1849823
171.861846924
164.757659912
159.506866455
161.594619751
168.168533325
170.428451538
163.619293213
155.533218384
150.675369263
146.721542358
147.387649536
144.360610962
140.644454956
139.882324219
139.441452026
138.185241699
138.304214478
138.181167603
137.909683228
138.23815918
137.810882568
137.979812622
138.487976074
137.872573853
138.305618286
136.309906006
137.445892334
139.454986572
139.484603882
138.986297607
136.100860596
136.860046387
138.689300537
140.59223938
145.423614502
139.2550354
133.73576355
130.43208313
133.420227051
137.937728882
141.456115723
144.46421814
148.553833008
153.437957764
148.375610352
143.138092041
138.824752808
141.262359619
143.754104614
143.487762451
143.863708496
140.108901978
136.29095459
139.092681885
145.16696167
148.495498657
153.421081543
155.084060669
160.557998657
164.692138672
171.449005127
176.854705811
170.858459473
165.597976685
165.795516968
162.950271606
162.923797607
166.904541016
167.834152222
170.178344727
164.735870361
160.445541382
155.934402466
151.840377808
156.066619873
164.456161499
167.439056396
162.3230896
155.94392395
167.985168457
170.893463135
177.034805298
182.585769653
188.512161255
191.876998901
195.099014282
197.254394531
196.278274536
196.363098145
196.026489258
196.546432495
193.894058228
188.192855835
187.631576538
182.046234131
181.767501831
189.12171936
186.774475098
187.43397522
182.018432617
173.491821289
164.699783325
164.742706299
164.696990967
164.069564819
163.577224731
160.061096191
158.584960938
158.921142578
161.148880005
157.837280273
161.73374939
165.564682007
164.690231323
164.585723877
167.428710938
167.03503418
163.747268677
172.245315552
174.317642212
176.84211731
173.428848267
172.106491089
181.194534302
176.279525757
171.596893311
173.156051636
174.838287354
171.584152222
171.320861816
176.75479126
183.514648438
187.898834229
184.766601562
184.79876709
181.567611694
177.21257019
179.535644531
178.08140564
182.754592896
184.988967896
184.635284424
185.674545288
184.732070923
181.262268066
179.349777222
175.866607666
167.573028564
164.773010254
161.427886963
157.513412476
157.257217407
159.908996582
159.108963013
164.541397095
165.165283203
163.415496826
164.491226196
168.832061768
165.970916748
162.518234253
157.985626221
158.487289429
157.200454712
154.431716919
155.820770264
157.940322876
160.974899292
157.630783081
151.869354248
146.899627686
144.966094971
141.448135376
140.259536743
138.690292358
141.48097229
145.84147644
151.358886719
151.555282593
153.195739746
153.845336914
155.597839355
155.462310791
157.529678345
158.442184448
157.941207886
158.371582031
157.560440063
159.054214478
164.449890137
167.0206604
169.475708008
169.80078125
169.465652466
167.680755615
165.663314819
166.818984985
165.688613892
165.649169922
168.081253052
170.468032837
170.905532837
170.525299072
169.892471313
167.829025269
166.085632324
164.904754639
164.419692993
161.747772217
160.946624756
156.867431641
155.214019775
154.171600342
155.30607605
156.937133789
157.899703979
158.567260742
159.171234131
159.689910889
158.592453003
153.276794434
154.361862183
158.236602783
157.284866333
152.918319702
153.762420654
152.399978638
151.521209717
150.044174194
148.464508057
146.324432373
144.136749268
141.622772217
140.686904907
142.577194214
144.282318115
144.940185547
143.087905884
144.937530518
140.740097046
140.750823975
144.579971313
146.137115479
148.196304321
146.436401367
149.68397522
152.263275146
151.805679321
147.39956665
147.419342041
142.16784668
140.986129761
145.763961792
140.637252808
140.549316406
140.237075806
139.897598267
135.33416748
134.032058716
130.289505005
124.897186279
121.801856995
120.842559814
120.009277344
119.418167114
119.202972412
118.88710022
118.887001038
118.887001038
118.887001038
118.887001038
118.887001038
118.887001038
118.887001038
118.887001038
119.122215271
119.165397644
119.616981506
120.155441284
121.370063782
121.58808136
121.887054443
121.886901855
123.364891052
124.718864441
125.191795349
125.954521179
126.722671509
127.406478882
128.029983521
130.188049316
133.120162964
135.062911987
135.429122925
133.748336792
133.610092163
134.065612793
134.264816284
135.624023438
136.934906006
137.977890015
138.586639404
138.520858765
137.153579712
134.859893799
134.85319519
138.456741333
140.200057983
140.20715332
138.574691772
136.98878479
138.77255249
139.766906738
138.956634521
136.472396851
134.956115723
132.705108643
134.234725952
132.966018677
129.708709717
127.459289551
127.174407959
127.001838684
127.54863739
129.43850708
133.669692993
139.098068237
140.170089722
138.561676025
143.605514526
141.552719116
140.181365967
140.677734375
142.444076538
145.208358765
145.925628662
144.327590942
140.926834106
141.591827393
145.946517944
147.054412842
146.47038269
145.722488403
143.596237183
141.751358032
143.009765625
140.168624878
134.635345459
134.305175781
139.543624878
139.764801025
137.179946899
133.109649658
133.989044189
135.434829712
136.221801758
137.356155396
138.855957031
140.94619751
144.168441772
145.220932007
144.468551636
145.164535522
146.68888855
146.932357788
146.51914978
146.626419067
143.877380371
137.353210449
132.871109009
127.67514801
127.789085388
127.732955933
129.570800781
134.117385864
134.400909424
128.755722046
127.981002808
127.878463745
127.848716736
127.402030945
127.737937927
127.309539795
124.346252441
125.109817505
126.69418335
128.162033081
128.294769287
128.651473999
128.895324707
128.821395874
129.183486938
130.541030884
132.317749023
134.14680481
134.060775757
133.425125122
134.02772522
133.970367432
134.249237061
134.033889771
134.487518311
139.683319092
141.707748413
142.090698242
144.999023438
146.345275879
147.98248291
148.126525879
147.790542603
145.906265259
139.682617188
146.299407959
139.912185669
136.955368042
136.470184326
135.289489746
133.892684937
134.088043213
134.115447998
135.623245239
137.343704224
137.29989624
137.864562988
140.433288574
140.852493286
141.991256714
146.353515625
146.599090576
149.443466187
146.513748169
151.464431763
152.558227539
151.009674072
151.392410278
151.179519653
153.263015747
153.095962524
152.634689331
151.21697998
152.810928345
150.51499939
152.135574341
146.090606689
143.361129761
144.480209351
145.867767334
145.775787354
150.527572632
152.101257324
151.937652588
152.07472229
154.193496704
155.607589722
156.101257324
154.992172241
156.455444336
156.874816895
157.096099854
157.70362854
158.374710083
157.255523682
157.002822876
157.189987183
154.973190308
154.683578491
152.78276062
151.644180298
148.804901123
152.761260986
157.173217773
160.228668213
161.30329895
158.83682251
159.634765625
163.781494141
167.757293701
168.303268433
171.909545898
173.683914185
178.249191284
179.175842285
184.912506104
188.888839722
188.470367432
181.600830078
177.091384888
172.656814575
171.64491272
170.56817627
168.448348999
170.882537842
172.076431274
177.63293457
182.348327637
181.015579224
180.820648193
176.990890503
172.255935669
170.799407959
171.572509766
175.126693726
177.892944336
177.479064941
184.137435913
184.559143066
184.411209106
180.949111938
177.468215942
171.239273071
171.970291138
169.208007812
170.866470337
174.360610962
168.576538086
169.865844727
163.564743042
159.597091675
156.575836182
152.453292847
151.187026978
148.071884155
148.340911865
149.919815063
151.924484253
150.940887451
146.874938965
145.97946167
147.912277222
153.717391968
158.335479736
163.530151367
158.803405762
150.686080933
159.407699585
157.506835938
153.633346558
152.920227051
156.492370605
159.95085144
164.459777832
169.641738892
173.738525391
174.292373657
173.441299438
170.127243042
169.224136353
161.348693848
166.711700439
165.464492798
168.035491943
166.747085571
167.758361816
171.452133179
173.878509521
176.138412476
180.989181519
183.495101929
179.388442993
178.152908325
178.384765625
177.920394897
177.763076782
179.345794678
179.074172974
179.710418701
179.675537109
179.067077637
178.50642395
179.725769043
180.601837158
181.361755371
178.295516968
177.744842529
176.880935669
174.050354004
175.296722412
178.147460938
182.838562012
169.968078613
168.119735718
166.829437256
166.27494812
166.292114258
166.332611084
166.718780518
168.052764893
168.45715332
167.808059692
166.588760376
164.245040894
161.501739502
159.236618042
156.964416504
154.856903076
154.048568726
153.561523438
155.491516113
157.504425049
158.457702637
159.474136353
158.733062744
156.923492432
155.994049072
155.706756592
156.557785034
156.556411743
153.49357605
151.673797607
150.607391357
149.768508911
148.122940063
147.370864868
146.946762085
146.712188721
145.721786499
144.041473389
142.018203735
140.450241089
138.894424438
137.016708374
135.394561768
134.496917725
134.254608154
134.590011597
134.470748901
132.82258606
134.20300293
135.964935303
138.838012695
140.192840576
140.334518433
140.551330566
140.777954102
141.450561523
143.037139893
143.442062378
142.528869629
141.886459351
141.644042969
141.864196777
142.695281982
142.123153687
140.218933105
139.592056274
139.658309937
141.406387329
143.516403198
142.95539856
142.331558228
142.165405273
141.887954712
142.048294067
140.888839722
139.638534546
139.705764771
139.526977539
138.730606079
137.101699829
135.847290039
134.850585938
133.622283936
133.879104614
135.07270813
134.747909546
133.829956055
133.195663452
133.769760132
133.802154541
134.036621094
134.455276489
135.67527771
134.44480896
133.657470703
133.241867065
133.158676147
133.250244141
133.655731201
134.013626099
134.052215576
134.090896606
136.363983154
138.756607056
138.533233643
138.256118774
138.056564331
137.582504272
137.018157959
136.301208496
135.333404541
134.228179932
133.763442993
133.551971436
133.256225586
132.438232422
131.296600342
130.794296265
130.395401001
130.145278931
129.883209229
129.557022095
129.21786499
128.882659912
128.509094238
128.088562012
127.818725586
129.646331787
131.54385376
131.851089478
132.16104126
132.697296143
133.276687622
133.622528076
133.772979736
134.959915161
138.093154907
139.812774658
139.735153198
139.368927002
140.04208374
142.283432007
145.121688843
148.330200195
151.407546997
151.463668823
150.994094849
147.833770752
145.780639648
145.29234314
144.261703491
143.774520874
142.923461914
142.233200073
141.300628662
140.176376343
139.453018188
138.810913086
137.920425415
136.867630005
136.738861084
136.265289307
135.620758057
135.76071167
134.636199951
134.081985474
133.306182861
133.749252319
134.151977539
134.156845093
134.110931396
134.016616821
133.798553467
132.442153931
130.747741699
130.287750244
129.710632324
129.122283936
128.796081543
128.542114258
128.251968384
128.144073486
128.082702637
126.292633057
125.253860474
128.069000244
128.277236938
128.328369141
128.405899048
128.541397095
128.612823486
128.703689575
128.919326782
129.27935791
129.68081665
130.225616455
130.280609131
130.25201416
130.269775391
130.578903198
130.75177002
130.623443604
130.099838257
129.280456543
128.393280029
128.125
128.045120239
127.950828552
127.333206177
126.928947449
126.422920227
125.9190979
125.463928223
126.554374695
128.447036743
128.895980835
128.990585327
128.388137817
128.514053345
128.550598145
128.402206421
127.819152832
127.496635437
127.778747559
128.475509644
128.770828247
129.22354126
129.651657104
130.055603027
130.376739502
130.744506836
130.6199646
130.751693726
129.960891724
129.826187134
130.175827026
130.026580811
129.254272461
128.818740845
127.944999695
127.662590027
127.500839233
127.180862427
126.821807861
126.492935181
126.127075195
125.791717529
125.463790894
125.190635681
125.641487122
127.782585144
128.070175171
129.199295044
129.123245239
128.453109741
128.173202515
127.860115051
127.665931702
127.658256531
127.807830811
127.747467041
126.92880249
125.610977173
125.193344116
124.938713074
124.146896362
125.709915161
126.722503662
127.00983429
127.964599609
129.140319824
129.711181641
129.900970459
128.483154297
127.516929626
128.136306763
128.173309326
127.552185059
126.00478363
124.887298584
125.971794128
127.22668457
127.47051239
127.67250061
127.208648682
127.954338074
129.533294678
131.483123779
132.702468872
131.514511108
129.852264404
126.767738342
127.173591614
129.445449829
132.287750244
132.989639282
132.638427734
131.839004517
131.837463379
132.731552124
132.27243042
131.667236328
132.173568726
133.159393311
133.792633057
133.899353027
134.003555298
133.421020508
131.901870728
130.515365601
129.400024414
128.07989502
128.177993774
128.977920532
128.897033691
128.61932373
128.127319336
126.737815857
125.029647827
122.074913025
121.479362488
122.297515869
122.793563843
123.289642334
123.820594788
124.271156311
124.771011353
126.518722534
128.155807495
128.001251221
127.905136108
127.97971344
127.996192932
127.686393738
127.444953918
127.493537903
127.177909851
127.089653015
127.229576111
127.416320801
127.754020691
128.005828857
127.212219238
125.743911743
124.794754028
124.406990051
124.515304565
124.648040771
124.651275635
124.799530029
125.570083618
127.883331299
129.039825439
129.445709229
126.640617371
124.276702881
125.27646637
127.404464722
128.010803223
128.170196533
127.796226501
128.128341675
129.34135437
129.599731445
128.79359436
128.161819458
127.279067993
125.316215515
124.622528076
124.515960693
124.422653198
124.70223999
126.20500946
127.763046265
127.785202026
126.128211975
124.478775024
123.384254456
123.580696106
125.035316467
124.429084778
123.908172607
124.200271606
125.065071106
125.54372406
124.220573425
123.982894897
125.959266663
127.859802246
127.690383911
127.835037231
128.089309692
127.937080383
127.643386841
124.997276306
126.647674561
128.398635864
128.725509644
128.933151245
129.123458862
128.472625732
127.862586975
128.174697876
128.070068359
128.546478271
127.603843689
125.806213379
125.396018982
123.96736908
122.749145508
121.899337769
121.40259552
121.010620117
120.884971619
120.29776001
119.83946228
120.42010498
121.220680237
121.894294739
122.184265137
122.212905884
121.907714844
121.404945374
120.550956726
119.857772827
121.166603088
122.605613708
123.901687622
124.704940796
127.07660675
128.405776978
128.112869263
129.265029907
129.482559204
129.170959473
128.194122314
127.24458313
125.800994873
125.384757996
124.840209961
123.301391602
122.187049866
122.918327332
123.184562683
123.114685059
123.05619812
123.044586182
122.754814148
122.086280823
121.52230072
120.432830811
118.594863892
117.919265747
118.197540283
118.330795288
117.569015503
117.5025177
117.587104797
117.226081848
116.713249207
116.475021362
116.308357239
115.98601532
115.801048279
115.806915283
115.802932739
115.819030762
115.80696106
115.799468994
115.761611938
115.570663452
112.891342163
114.476371765
115.749145508
115.804077148
115.804046631
115.804039001
115.854522705
115.805450439
115.806915283
115.804046631
115.804046631
115.804046631
115.804115295
115.804046631
115.86239624
116.192070007
116.728675842
117.429618835
118.168266296
118.97743988
121.130401611
122.771102905
125.316711426
126.971740723
127.246025085
126.760513306
127.103691101
126.770812988
126.120544434
