769.923400879
770.112243652
769.475402832
767.951904297
768.328491211
768.140319824
768.957458496
767.346130371
766.532409668
764.29699707
762.841247559
762.054443359
762.876159668
763.08215332
764.037902832
765.178222656
765.970397949
766.356933594
766.213745117
765.437438965
763.444580078
765.113708496
765.587402344
764.669128418
762.748962402
761.035095215
759.125610352
760.772827148
761.553955078
761.560302734
761.4765625
761.521118164
761.415161133
761.361572266
760.960327148
759.571166992
760.948547363
761.334289551
761.432922363
761.97088623
761.373474121
760.386047363
759.753540039
759.411804199
759.397033691
759.367919922
759.384033203
759.464538574
759.616149902
759.976623535
759.814941406
759.598999023
759.682800293
759.08605957
759.000549316
759.039245605
759.264221191
759.837219238
760.576965332
760.707641602
760.843688965
760.97845459
760.869262695
760.694213867
760.269348145
759.794921875
761.439147949
761.744873047
762.384338379
762.211853027
762.454345703
762.43548584
762.129699707
762.204589844
762.383361816
762.379394531
761.903198242
761.910339355
762.481262207
762.296325684
762.396728516
762.619018555
763.259643555
763.169677734
763.173339844
763.243408203
763.460693359
763.769470215
763.696899414
763.430297852
762.836669922
762.647583008
762.011047363
762.70880127
763.368103027
764.02734375
764.84942627
765.777954102
766.452026367
765.479980469
766.93359375
767.555908203
768.048156738
767.67578125
767.232116699
766.79876709
766.453613281
766.348876953
766.868530273
767.148986816
766.890869141
767.442749023
767.385314941
767.210021973
766.870849609
767.01171875
767.110107422
767.250305176
767.338623047
767.188781738
768.091430664
768.098327637
768.093994141
767.224304199
767.37689209
767.440612793
767.544067383
767.616943359
767.793640137
767.931945801
768.198608398
768.665344238
768.809082031
769.047912598
769.338562012
768.38848877
769.706970215
769.999389648
769.647521973
769.730102539
770.291442871
770.592407227
770.49230957
770.29864502
770.150878906
770.469665527
770.104370117
769.910583496
769.574401855
769.053955078
767.694030762
768.040283203
768.425170898
769.049682617
769.451721191
770.711914062
769.314941406
772.770812988
772.678039551
773.222473145
773.324584961
772.921264648
771.204650879
769.528015137
771.245178223
773.056518555
773.243164062
773.278320312
771.124633789
769.593200684
769.868103027
770.018981934
770.151611328
770.293884277
770.285217285
770.323059082
770.359313965
770.495605469
770.675354004
771.129882812
771.146606445
771.298522949
771.945800781
772.255554199
772.418884277
772.339782715
772.094360352
771.68145752
771.57244873
771.155151367
771.147155762
771.121765137
771.214416504
771.453796387
771.669921875
771.886047363
772.101074219
772.319702148
772.538208008
772.755737305
772.971557617
773.186706543
773.401916504
773.622924805
773.745483398
774.175415039
774.189941406
774.299072266
774.61529541
774.24597168
774.401428223
774.671264648
774.885559082
774.916381836
774.987060547
775.078308105
775.18157959
775.266906738
775.417175293
775.564208984
775.815551758
775.971801758
776.148071289
776.222229004
776.276550293
776.356140137
776.422546387
776.448242188
776.514038086
776.553222656
776.580444336
776.620178223
776.653991699
776.690917969
776.717468262
776.655456543
776.780151367
777.184753418
777.245910645
777.229492188
777.24609375
777.27545166
777.52722168
778.777893066
780.280883789
780.288879395
780.291687012
780.289428711
780.28894043
779.705078125
787.33215332
788.506652832
781.801452637
785.821533203
780.773986816
789.423339844
793.396240234
797.6953125
798.078491211
797.618408203
795.685302734
792.231384277
787.82824707
787.320556641
783.185241699
781.803894043
781.27746582
781.514770508
780.287719727
780.727905273
780.609741211
784.592346191
784.551147461
783.391723633
783.040344238
783.339050293
786.38659668
786.388427734
786.454223633
788.133666992
786.39465332
786.398620605
786.455444336
788.194763184
789.429748535
789.665588379
788.853637695
788.045288086
787.593811035
787.627807617
787.662597656
787.929321289
788.525939941
789.444946289
789.430297852
789.444335938
789.538330078
789.427978516
789.463684082
790.643554688
790.934570312
791.157409668
791.442932129
791.319335938
791.21862793
791.0078125
791.016052246
789.542541504
790.435668945
790.304077148
791.432434082
793.786071777
793.138305664
790.334716797
790.06652832
789.045593262
789.29107666
788.874145508
789.437316895
789.63873291
790.654418945
790.655578613
790.3046875
790.27722168
790.497009277
790.289489746
790.771118164
791.018432617
790.799926758
790.52532959
790.512756348
790.402160645
790.252868652
790.447387695
790.723144531
791.034912109
791.24597168
791.429992676
791.657653809
792.376220703
792.479064941
793.176269531
793.546081543
793.756408691
793.84942627
793.772399902
793.193237305
793.790710449
794.977050781
796.14642334
797.898498535
798.387695312
798.582275391
798.575561523
800.87677002
801.84753418
801.299926758
800.894836426
800.871643066
801.629516602
802.49621582
802.363586426
802.341918945
802.167907715
801.643005371
802.094116211
802.072509766
801.967346191
801.632751465
801.476379395
801.528381348
801.510192871
802.50994873
802.960388184
803.006591797
802.937744141
802.866638184
802.878967285
803.19720459
803.425598145
803.66619873
803.436645508
803.168518066
802.952758789
802.842102051
802.861938477
802.898925781
801.887817383
802.912963867
803.905639648
803.701782227
803.882263184
804.176147461
804.480041504
805.308410645
805.504821777
805.473876953
805.097473145
805.512145996
806.519836426
808.857543945
808.930847168
808.700439453
808.992370605
808.735961914
808.431335449
808.431152344
808.23449707
808.121704102
808.190795898
809.142822266
808.953857422
808.98449707
808.270935059
808.110107422
807.897705078
810.843444824
812.971435547
812.765991211
812.812988281
811.93347168
811.341491699
809.82220459
807.514160156
807.236938477
806.914672852
806.836608887
807.721191406
807.713867188
807.719360352
807.772277832
808.052001953
808.69720459
809.128845215
809.497314453
809.275146484
808.291442871
807.719970703
807.719970703
808.316589355
808.719848633
807.839355469
807.719787598
807.718322754
807.75958252
810.764770508
811.428833008
813.821655273
813.689575195
816.107177734
816.880187988
816.854553223
819.952392578
824.999633789
826.206298828
827.724731445
828.071044922
829.063842773
828.923461914
829.071350098
831.286132812
829.815673828
830.739929199
832.105773926
832.530822754
836.587463379
837.685913086
835.371154785
832.116210938
828.967407227
826.020812988
825.867919922
827.108154297
830.19354248
835.04876709
840.686584473
844.091125488
845.347717285
846.379760742
847.321594238
847.538269043
847.651672363
847.366455078
847.45324707
847.738037109
847.912353516
848.160461426
848.324523926
848.342956543
848.49798584
848.86932373
848.664978027
847.468994141
848.490661621
848.403991699
848.154907227
848.498779297
849.080444336
848.762084961
848.140625
848.389709473
847.95904541
847.387268066
848.296508789
849.999145508
850.791625977
851.646484375
850.676330566
847.532836914
848.177185059
845.264038086
846.246520996
846.421020508
845.696777344
842.697509766
838.958740234
835.557739258
833.658569336
832.144226074
830.636108398
828.648010254
825.965332031
823.27166748
825.066223145
824.528991699
823.579162598
823.026916504
822.964111328
822.959716797
822.959655762
822.963012695
822.963684082
822.993408203
823.015258789
821.898498535
821.872619629
821.387756348
819.910522461
819.909973145
819.92791748
821.538146973
821.47479248
821.562438965
821.440002441
821.43927002
821.434936523
821.406311035
821.472839355
822.97479248
823.571289062
824.486633301
824.479797363
824.488220215
824.681274414
824.930358887
825.232299805
826.466125488
826.276367188
826.028625488
826.100036621
826.148071289
826.494873047
827.432861328
827.521606445
827.255249023
826.905517578
826.16607666
826.009521484
826.009887695
826.055358887
826.009521484
826.008483887
826.864074707
827.530761719
827.773010254
829.060546875
829.084289551
830.140686035
830.457824707
829.941345215
830.520202637
830.747314453
829.425292969
829.186218262
830.485046387
830.569946289
831.368164062
831.234985352
832.100952148
832.103088379
832.107788086
833.619567871
833.631896973
833.691650391
832.694274902
833.596313477
835.156311035
835.161865234
836.676452637
837.119384766
836.685668945
836.693847656
836.68145752
836.672546387
836.679199219
836.6875
836.700805664
836.706726074
836.679992676
836.679016113
836.737243652
839.05267334
839.648864746
841.04284668
840.89855957
840.530212402
838.471374512
838.177429199
838.337341309
839.722473145
839.365356445
839.401611328
838.702575684
838.259155273
837.738769531
837.022277832
836.83984375
838.071105957
838.409240723
838.362731934
837.440612793
837.774475098
836.725585938
836.720275879
837.214416504
837.53302002
838.36126709
839.702453613
839.72857666
839.728942871
839.729003906
839.727111816
838.239990234
838.254333496
838.281616211
838.334960938
839.462280273
839.038635254
840.824462891
840.418273926
841.249511719
841.25012207
841.304382324
841.270324707
842.856689453
842.976379395
844.645935059
845.295288086
844.248657227
845.00579834
847.580505371
856.646972656
852.292175293
849.092651367
851.765075684
848.235168457
853.036132812
850.608703613
845.818237305
846.3984375
847.456542969
852.529846191
858.069885254
856.310180664
856.309997559
858.124633789
863.307495117
865.798583984
867.709472656
869.057617188
869.960510254
870.540527344
870.959472656
871.612487793
871.987365723
872.086364746
872.178527832
872.423034668
872.839233398
873.137145996
873.139526367
873.108093262
873.307861328
873.516601562
873.628356934
873.445129395
873.251342773
873.181335449
873.067871094
873.10546875
873.085571289
873.117919922
873.13659668
873.187683105
873.412780762
873.728881836
874.385131836
874.59362793
874.679931641
875.246765137
875.994140625
876.864135742
877.593811035
877.714477539
877.743896484
878.608337402
878.513244629
878.155517578
878.401916504
878.593444824
879.125671387
879.590576172
879.071777344
878.756164551
878.41015625
878.95489502
879.2421875
879.639465332
880.00378418
880.323974609
880.428039551
880.561767578
880.734008789
880.926635742
881.211547852
881.241271973
881.077392578
881.263427734
881.467041016
881.606567383
881.813232422
882.125976562
882.410095215
882.429748535
882.433776855
882.200500488
882.273071289
882.405395508
882.399475098
882.402526855
882.919433594
883.24597168
883.450805664
883.721008301
883.932006836
884.024902344
884.184875488
884.318786621
884.359985352
884.36895752
884.371704102
884.301269531
884.214111328
884.114196777
883.995300293
883.887145996
883.565979004
883.367248535
883.823242188
883.904724121
883.361206055
883.847900391
883.927978516
883.435302734
882.951171875
882.670715332
882.400146484
882.542114258
882.785644531
882.956787109
882.869628906
883.331787109
883.315734863
883.382080078
883.917236328
883.91998291
883.9140625
883.423034668
883.225402832
883.046630859
882.038757324
881.527038574
881.093383789
881.763244629
881.97454834
881.385498047
880.786621094
880.536132812
880.742736816
881.363525391
882.103088379
882.837402344
883.584594727
883.913818359
883.89666748
884.086364746
884.045349121
884.498779297
884.096984863
883.363037109
883.370666504
883.468322754
883.374694824
883.188171387
883.732055664
884.029846191
884.380432129
884.400024414
884.142822266
884.127929688
883.850219727
883.356689453
882.800109863
882.401550293
881.889160156
881.332885742
881.049987793
881.049987793
881.049560547
881.331604004
881.554443359
881.784606934
882.262878418
882.908203125
883.399719238
883.712219238
883.84979248
883.641479492
883.33013916
883.259094238
883.461364746
883.377624512
882.400695801
881.256103516
880.617980957
879.894470215
878.840637207
877.706481934
876.575256348
875.382202148
874.304077148
873.268676758
872.077941895
871.179077148
870.481140137
869.569702148
868.800476074
868.678039551
868.515625
867.780517578
867.035339355
867.516723633
868.226318359
866.004943848
863.614929199
861.981079102
860.888977051
860.048034668
859.597045898
859.26385498
858.617919922
858.120422363
857.987731934
857.299987793
858.346862793
859.562255859
859.948120117
860.901977539
861.873596191
862.613220215
863.185974121
863.59173584
863.940795898
864.245849609
864.471252441
864.5234375
864.547119141
864.474121094
864.463317871
864.387573242
864.281616211
864.149353027
863.803405762
863.321716309
862.716918945
860.722045898
859.590270996
858.997619629
858.043945312
858.015625
858.014770508
858.00982666
858.010009766
858.010009766
858.010009766
858.010009766
858.010009766
858.010192871
858.010253906
858.010925293
858.005493164
858.005187988
858.004089355
858.061035156
858.132446289
858.166564941
858.169189453
858.146179199
858.128295898
858.101989746
858.063659668
858.007385254
858.007446289
857.997314453
857.945007324
857.890930176
857.836608887
857.77734375
857.781738281
858.441589355
858.872192383
859.313720703
859.306945801
859.112182617
858.807556152
858.880493164
859.213134766
859.33026123
859.163879395
859.040100098
858.973266602
859.205078125
859.456237793
859.593383789
859.651916504
859.666503906
859.690185547
859.649902344
859.451049805
859.197265625
859.348266602
859.508972168
859.680175781
859.874633789
860.092895508
860.299377441
860.502441406
860.709228516
860.906738281
861.061889648
861.249511719
861.385742188
861.606872559
861.692016602
861.644226074
861.652282715
861.704528809
861.901550293
862.061462402
862.239562988
862.395996094
862.541809082
862.52935791
862.458435059
862.426269531
862.349914551
862.297973633
862.285461426
862.321105957
862.388061523
862.386901855
862.364929199
862.272277832
862.495605469
862.621826172
862.57043457
862.666809082
862.819824219
862.839416504
862.801208496
862.813598633
862.81829834
862.785766602
862.696350098
862.605163574
862.821289062
862.859985352
862.907897949
862.814147949
862.85369873
